809 436 958 448 993 577 
809 436 958 448 993 577 
809 436 958 448 993 577 
809 435 958 448 993 578 
809 436 958 448 993 577 
808 436 958 448 994 577 
809 436 958 448 994 576 
809 436 958 448 994 577 
809 436 959 449 995 576 
809 436 958 449 995 576 
809 436 958 448 995 576 
809 436 958 448 996 576 
809 436 958 447 996 576 
809 436 958 448 996 575 
809 437 957 447 995 576 
809 436 957 448 997 576 
809 436 958 447 996 575 
809 437 957 447 996 576 
809 436 957 448 996 575 
809 436 958 448 997 575 
809 436 958 448 998 575 
809 436 958 448 999 575 
809 436 958 448 1000 574 
808 436 958 448 1000 573 
807 436 957 448 1002 572 
807 436 958 448 1004 572 
808 437 957 447 1004 570 
808 436 957 448 1007 569 
807 437 957 448 1010 566 
807 436 957 448 1011 564 
807 436 957 448 1012 562 
807 436 956 448 1009 559 
807 436 957 448 1008 555 
806 436 956 448 1011 554 
806 436 956 447 1014 553 
806 436 957 448 1013 547 
806 436 957 448 1016 548 
806 436 957 448 1020 546 
806 436 958 447 1021 544 
806 436 957 448 1021 541 
806 436 957 448 1022 539 
806 436 957 448 1024 537 
805 437 957 447 1025 536 
805 437 958 447 1026 534 
805 437 957 446 1027 532 
805 437 957 447 1028 530 
805 437 958 446 1029 526 
805 438 957 446 1031 524 
804 437 958 446 1031 522 
805 437 960 446 1032 520 
805 437 959 446 1033 517 
804 436 961 445 1034 514 
804 438 961 446 1035 512 
804 437 963 445 1037 508 
804 437 963 446 1039 505 
804 437 965 446 1040 501 
803 437 966 445 1041 496 
803 437 968 444 1042 491 
803 437 970 446 1041 488 
803 437 973 446 1043 483 
803 438 974 444 1045 478 
803 438 974 443 1046 474 
803 438 972 439 1048 468 
802 438 968 436 1048 463 
802 437 969 435 1048 457 
802 438 968 433 1049 451 
802 438 967 430 1049 445 
802 438 966 428 1048 439 
802 438 965 425 1048 432 
802 438 964 422 1048 426 
802 438 965 421 1047 421 
801 438 964 419 1045 417 
801 437 963 417 1044 412 
801 438 963 416 1044 409 
801 438 962 415 1044 403 
801 438 961 414 1041 401 
801 438 961 412 1041 399 
801 438 960 411 1042 395 
800 438 959 410 1040 391 
800 438 959 409 1039 390 
800 439 959 407 1037 387 
800 438 958 406 1038 384 
799 438 957 405 1036 381 
799 438 956 404 1037 376 
799 438 956 402 1034 376 
799 439 955 401 1034 373 
799 439 955 400 1033 371 
798 438 955 400 1033 371 
798 438 954 399 1032 370 
799 439 954 399 1033 371 
799 439 954 399 1032 371 
799 439 954 399 1034 372 
799 439 954 401 1034 373 
799 439 954 402 1035 375 
799 438 955 402 1035 376 
799 438 956 404 1036 378 
799 438 957 406 1037 380 
799 438 957 406 1038 383 
799 438 958 409 1039 385 
799 438 958 409 1039 386 
799 438 958 409 1040 388 
799 438 959 409 1040 388 
799 438 958 409 1040 388 
799 438 958 410 1040 388 
799 438 958 410 1040 388 
799 438 958 410 1040 388 
799 438 959 412 1041 389 
799 439 960 412 1042 391 
799 439 960 415 1043 393 
799 438 961 417 1043 399 
799 439 963 419 1045 402 
799 439 963 422 1046 408 
799 439 965 424 1048 413 
799 438 965 428 1050 418 
799 438 967 431 1051 423 
799 438 967 435 1052 430 
799 438 969 438 1052 435 
799 438 969 443 1053 442 
800 438 969 445 1055 449 
800 438 970 448 1055 454 
800 438 970 451 1054 459 
800 438 970 453 1054 463 
799 438 971 455 1055 466 
799 438 970 455 1054 468 
798 438 970 456 1053 468 
798 438 970 458 1052 469 
798 439 970 459 1052 470 
798 439 970 459 1052 470 
798 440 970 459 1051 470 
797 440 970 459 1051 471 
797 440 970 459 1050 471 
796 440 969 458 1049 470 
796 441 969 458 1048 468 
796 442 967 456 1046 466 
794 442 965 455 1045 463 
793 442 962 453 1043 459 
792 442 960 451 1040 457 
791 440 959 450 1037 455 
791 440 956 450 1036 455 
790 439 955 452 1034 458 
790 439 955 453 1034 462 
791 440 956 456 1034 467 
792 440 955 457 1036 470 
792 440 957 457 1037 471 
793 440 959 457 1039 470 
796 441 962 457 1041 468 
796 441 963 457 1042 465 
796 441 964 455 1045 463 
797 441 965 454 1045 460 
797 441 965 452 1045 459 
797 441 965 452 1046 456 
796 441 964 451 1046 453 
795 441 963 449 1045 450 
793 441 963 447 1046 447 
793 442 963 446 1047 443 
793 442 963 446 1047 442 
793 442 964 446 1047 441 
793 442 964 446 1048 442 
793 442 964 447 1049 445 
793 441 965 449 1048 449 
793 442 965 451 1048 453 
793 442 965 453 1049 456 
793 442 965 454 1050 460 
793 441 965 454 1049 461 
793 441 965 454 1049 461 
793 441 965 454 1049 460 
793 442 964 453 1048 458 
793 441 964 452 1048 456 
793 441 964 451 1047 454 
793 441 964 451 1046 452 
794 441 963 450 1046 451 
793 441 963 451 1046 451 
793 441 963 451 1047 453 
793 441 964 452 1047 455 
794 441 964 454 1047 459 
794 441 964 455 1048 462 
794 441 964 456 1048 465 
794 441 965 457 1048 467 
794 441 965 457 1048 468 
795 441 965 457 1048 470 
795 441 965 458 1048 472 
795 441 965 459 1047 474 
795 441 965 460 1046 479 
795 441 965 461 1045 485 
795 441 965 462 1044 489 
795 441 965 463 1043 493 
795 441 965 464 1041 494 
795 441 964 464 1042 496 
795 441 964 464 1043 497 
795 441 964 464 1043 498 
796 441 965 464 1044 500 
796 441 965 465 1044 501 
796 441 964 466 1045 503 
796 440 964 466 1046 505 
796 440 965 466 1042 510 
796 440 964 467 1043 510 
796 440 964 468 1043 514 
796 440 964 468 1044 518 
796 440 964 468 1040 519 
796 440 964 468 1038 520 
797 440 963 469 1038 521 
797 440 964 469 1038 522 
797 441 963 470 1040 522 
797 440 964 469 1039 524 
797 441 963 470 1039 524 
797 441 963 470 1040 526 
797 440 964 469 1039 527 
797 440 963 470 1037 528 
797 440 964 470 1037 530 
797 440 963 470 1038 533 
798 440 963 471 1037 536 
798 440 963 471 1035 538 
799 440 963 471 1035 540 
799 440 963 471 1031 544 
799 440 962 472 1031 546 
799 439 962 472 1029 547 
800 441 962 472 1028 549 
800 440 962 473 1027 550 
801 440 963 472 1025 552 
801 440 962 472 1023 553 
801 440 963 472 1021 555 
801 440 962 472 1020 556 
802 440 962 472 1019 557 
801 439 962 473 1018 558 
802 440 962 472 1018 558 
803 440 962 472 1016 559 
803 440 962 473 1016 559 
804 440 962 472 1016 561 
804 439 962 472 1016 561 
805 439 962 472 1015 562 
804 438 962 472 1013 563 
806 438 962 472 1012 564 
806 439 962 472 1011 566 
807 438 962 473 1009 567 
807 438 962 473 1007 568 
807 438 962 473 1005 570 
808 438 962 473 1003 570 
808 438 962 474 1003 572 
808 437 962 473 1000 572 
808 437 962 473 1000 573 
808 437 962 473 999 573 
809 437 962 473 999 573 
809 437 962 473 999 574 
809 437 962 473 998 573 
809 437 962 473 997 572 
809 437 962 473 997 573 
809 437 962 473 998 573 
809 437 962 473 998 572 
809 437 962 473 998 573 
809 438 962 473 999 573 
808 438 962 473 999 573 
808 438 962 473 999 572 
808 438 962 473 1000 572 
808 438 962 473 1001 572 
808 438 962 474 1001 571 
807 438 962 473 1003 571 
808 438 962 473 1005 570 
807 438 962 473 1006 568 
806 437 962 473 1008 567 
807 439 962 473 1011 565 
806 438 962 473 1016 561 
806 438 963 473 1017 561 
806 438 963 473 1020 557 
805 438 963 473 1022 553 
805 438 964 473 1024 551 
804 438 964 473 1028 547 
804 438 965 473 1028 544 
804 438 965 472 1032 540 
803 438 965 472 1032 538 
803 439 965 472 1037 534 
803 439 965 472 1035 532 
803 438 966 471 1037 531 
803 439 966 471 1040 525 
803 439 966 471 1040 525 
803 439 966 470 1038 522 
803 439 966 470 1044 518 
802 439 966 470 1042 515 
802 439 966 469 1047 511 
802 439 965 468 1048 507 
802 439 965 468 1049 504 
802 440 965 468 1048 500 
802 439 964 466 1047 498 
800 439 965 466 1046 496 
800 439 965 466 1047 494 
801 440 965 466 1047 492 
800 439 965 466 1047 490 
800 439 965 465 1047 488 
800 439 965 465 1048 485 
799 439 965 465 1049 483 
800 439 965 463 1050 479 
800 440 965 463 1051 475 
800 440 966 460 1051 471 
800 440 966 459 1051 469 
800 439 967 458 1050 466 
799 439 967 456 1050 464 
799 439 967 456 1051 464 
799 439 967 457 1050 464 
799 440 967 456 1050 463 
799 440 967 456 1050 463 
799 440 966 455 1050 462 
799 440 966 455 1048 459 
799 440 966 453 1048 459 
799 440 966 453 1048 456 
799 440 966 451 1048 454 
799 440 967 451 1048 453 
799 440 967 451 1047 452 
799 440 966 450 1047 451 
798 439 965 449 1048 451 
799 441 966 450 1047 449 
799 440 966 449 1048 450 
799 440 966 449 1047 448 
798 439 966 449 1048 449 
799 441 967 449 1048 449 
800 441 966 449 1048 450 
799 441 967 451 1048 451 
799 440 966 450 1047 453 
799 440 966 451 1047 453 
799 440 966 451 1047 453 
799 440 966 450 1048 453 
799 440 965 450 1047 451 
799 440 965 448 1047 449 
799 440 966 448 1046 447 
799 440 966 447 1047 447 
799 440 966 447 1047 446 
799 440 966 447 1048 446 
799 441 966 447 1048 447 
799 441 965 447 1048 448 
799 441 966 448 1048 449 
799 441 966 449 1048 450 
799 441 966 449 1048 451 
799 441 967 450 1048 453 
799 441 967 451 1048 454 
799 441 967 453 1049 456 
799 441 967 453 1049 458 
799 441 968 454 1049 460 
799 441 968 455 1049 462 
799 441 968 456 1049 464 
799 440 968 456 1049 465 
799 440 968 457 1049 466 
799 440 968 457 1048 468 
798 439 968 458 1049 469 
800 441 968 459 1049 471 
799 441 968 459 1049 473 
799 440 968 460 1048 476 
799 440 968 461 1048 478 
799 440 969 463 1048 480 
799 440 968 463 1048 483 
799 440 968 463 1047 485 
798 439 969 464 1047 487 
800 441 969 464 1047 490 
799 440 968 465 1047 493 
798 439 969 466 1046 494 
800 441 968 467 1046 498 
800 440 968 467 1044 502 
799 440 968 468 1043 505 
799 440 968 469 1043 508 
799 440 968 470 1041 512 
799 440 968 471 1041 515 
799 439 967 471 1038 519 
800 441 968 472 1034 525 
800 440 967 472 1036 526 
800 439 967 473 1030 532 
800 439 967 474 1031 533 
801 440 966 473 1025 537 
801 440 966 473 1027 538 
801 440 966 474 1025 538 
801 440 965 474 1024 540 
801 440 965 474 1024 540 
802 440 965 474 1023 540 
802 440 965 474 1024 541 
801 439 965 474 1023 541 
803 440 963 473 1022 543 
802 440 963 474 1021 544 
803 440 963 475 1019 545 
803 439 963 474 1018 547 
803 439 962 475 1017 549 
803 439 962 475 1016 553 
803 438 962 475 1016 556 
804 440 962 474 1016 558 
804 439 962 475 1015 559 
804 438 962 475 1015 560 
805 440 962 474 1013 561 
805 439 962 475 1011 562 
806 439 961 474 1010 563 
806 439 962 474 1008 564 
806 439 961 475 1006 566 
806 438 961 474 1006 567 
806 438 961 475 1003 567 
807 438 961 474 1002 567 
808 438 961 474 1002 569 
808 437 960 475 1001 569 
809 438 961 474 1001 570 
809 437 961 474 1000 569 
809 437 961 475 999 570 
810 437 961 475 998 570 
810 437 961 475 998 569 
810 437 960 474 997 570 
810 436 961 475 997 571 
810 437 961 475 997 570 
810 437 961 475 997 571 
810 437 961 475 997 571 
810 437 961 475 998 570 
810 437 961 475 1000 570 
809 437 961 475 1003 569 
808 438 961 475 1005 568 
808 438 962 475 1008 567 
808 438 962 475 1012 562 
807 438 963 474 1015 558 
806 437 963 475 1019 552 
807 439 964 475 1022 546 
806 438 964 475 1023 545 
805 438 965 475 1026 541 
805 438 966 475 1026 540 
805 439 966 475 1027 538 
805 438 966 475 1029 537 
805 438 966 474 1034 530 
805 438 967 474 1038 523 
804 438 967 473 1038 521 
804 439 966 472 1043 513 
804 439 967 472 1046 509 
804 439 966 470 1047 502 
804 439 969 467 1048 498 
804 439 969 465 1049 492 
803 439 969 464 1050 488 
803 439 969 463 1050 485 
802 439 969 462 1050 482 
803 439 969 462 1051 481 
803 439 969 462 1051 478 
803 439 969 461 1051 476 
803 439 969 461 1051 474 
803 439 969 460 1052 472 
802 439 970 460 1051 469 
802 439 969 458 1051 467 
802 440 969 457 1050 465 
802 440 969 456 1051 463 
802 440 969 456 1050 462 
802 440 969 454 1050 459 
802 440 969 454 1050 458 
802 440 969 453 1049 457 
802 440 969 453 1049 457 
802 440 969 453 1049 456 
802 439 968 454 1049 456 
802 440 968 453 1048 456 
802 440 969 453 1048 457 
803 440 968 453 1049 456 
803 440 968 452 1049 456 
803 440 968 452 1049 455 
803 440 969 452 1048 454 
801 439 968 451 1049 454 
802 440 968 451 1049 454 
801 440 969 451 1049 454 
802 440 969 452 1049 454 
802 439 969 452 1050 455 
801 440 968 453 1048 455 
801 440 968 453 1048 456 
801 440 968 453 1049 456 
801 440 968 453 1049 456 
801 440 969 452 1050 456 
801 440 969 452 1049 456 
801 440 969 452 1049 455 
801 440 968 452 1049 455 
801 440 968 452 1049 454 
801 440 968 452 1049 454 
801 440 968 452 1049 454 
801 440 968 452 1049 455 
801 440 968 452 1049 456 
801 440 968 453 1049 457 
801 440 968 453 1049 457 
801 440 969 453 1050 458 
801 440 969 454 1050 458 
801 440 969 454 1049 458 
801 440 969 454 1048 458 
801 440 969 454 1048 458 
801 440 969 454 1048 458 
801 440 969 455 1049 459 
801 440 970 456 1049 461 
801 440 970 456 1049 463 
801 440 970 457 1050 466 
801 440 970 458 1049 469 
801 440 970 459 1049 471 
801 440 970 460 1048 474 
801 440 969 460 1048 476 
801 440 969 460 1048 477 
801 440 970 462 1048 479 
801 440 970 463 1048 481 
801 440 970 463 1048 482 
801 440 970 463 1048 484 
802 440 970 463 1047 484 
802 440 970 463 1049 487 
802 440 971 464 1048 489 
802 440 971 465 1047 491 
802 440 971 465 1047 493 
802 440 971 466 1046 496 
801 440 971 468 1046 499 
802 440 971 468 1045 502 
802 440 971 469 1045 505 
801 439 971 469 1044 508 
802 440 970 470 1043 510 
802 440 970 471 1042 514 
802 440 970 470 1043 515 
802 440 970 472 1041 516 
802 440 970 472 1041 519 
802 440 970 473 1040 521 
802 439 970 473 1039 522 
802 440 970 473 1039 525 
802 439 969 474 1037 526 
802 440 969 474 1037 529 
802 440 969 474 1036 530 
802 440 968 475 1032 536 
802 440 968 476 1032 536 
803 440 967 475 1031 539 
803 440 967 476 1029 540 
803 440 966 476 1030 541 
803 439 966 477 1024 545 
803 439 966 477 1025 544 
803 439 966 477 1025 545 
803 440 965 477 1021 548 
804 439 965 478 1022 549 
804 439 965 478 1020 549 
804 439 965 478 1021 550 
805 439 965 478 1020 550 
805 439 965 477 1018 551 
805 439 965 478 1019 552 
805 438 964 478 1018 554 
806 440 964 478 1016 556 
806 440 964 478 1016 559 
806 439 964 478 1011 563 
806 439 964 478 1010 562 
806 439 964 478 1010 564 
807 439 963 478 1009 565 
807 439 963 478 1007 566 
808 439 963 477 1006 567 
808 438 963 477 1005 568 
809 438 963 477 1004 569 
808 437 963 478 1002 570 
810 439 963 478 1000 571 
809 438 962 478 1000 571 
810 438 962 478 999 572 
810 438 962 478 1000 572 
810 438 962 477 1001 572 
809 438 962 478 1001 571 
809 438 962 478 1002 570 
809 438 962 478 1003 571 
809 438 962 477 1004 570 
808 438 963 478 1005 569 
808 438 963 478 1007 568 
808 438 963 479 1009 567 
808 438 964 479 1011 567 
807 438 964 479 1012 565 
807 438 965 479 1012 562 
807 438 965 478 1019 557 
806 438 965 478 1019 555 
806 439 966 478 1023 548 
805 439 966 478 1025 548 
805 439 966 478 1030 541 
805 438 967 477 1029 540 
805 438 968 477 1035 535 
805 438 968 476 1040 529 
805 438 968 476 1043 524 
805 438 967 474 1046 518 
805 438 970 471 1047 509 
804 438 971 468 1050 501 
804 439 972 466 1051 494 
804 439 972 464 1051 488 
803 438 972 463 1051 485 
804 440 972 463 1051 481 
804 439 972 462 1051 480 
804 439 972 462 1051 478 
803 439 972 462 1051 477 
803 439 971 461 1051 475 
803 439 971 460 1050 473 
803 439 971 460 1051 471 
803 439 970 459 1051 470 
803 439 971 459 1050 468 
803 439 970 458 1051 467 
803 439 970 457 1050 465 
803 439 970 456 1050 464 
803 439 969 455 1051 463 
803 439 970 455 1050 462 
803 439 970 455 1049 462 
803 439 970 455 1051 461 
803 439 970 454 1050 461 
803 439 970 454 1050 461 
803 439 970 455 1050 461 
803 439 969 454 1049 462 
802 439 970 454 1050 462 
802 439 969 454 1050 461 
802 440 969 454 1050 460 
802 440 970 454 1050 460 
802 440 970 454 1050 458 
802 440 971 454 1050 459 
802 440 971 455 1050 458 
802 440 971 455 1050 459 
802 440 971 455 1050 460 
802 440 971 456 1051 461 
803 440 971 456 1050 461 
803 440 971 456 1051 461 
803 440 971 455 1050 461 
802 440 971 455 1050 459 
802 440 971 455 1050 458 
802 440 971 454 1050 458 
802 440 971 453 1050 458 
802 440 971 454 1050 457 
802 440 970 454 1049 457 
802 440 971 454 1050 458 
802 440 970 455 1050 458 
802 440 971 455 1051 460 
802 440 971 455 1050 460 
802 440 971 456 1050 461 
802 440 971 456 1050 461 
802 440 971 456 1051 461 
802 440 971 456 1051 461 
802 440 972 456 1050 462 
802 440 971 457 1051 463 
802 440 971 457 1051 464 
802 440 971 458 1051 467 
801 439 971 459 1051 470 
803 440 972 461 1051 473 
802 440 972 461 1050 475 
802 440 972 461 1051 478 
802 440 972 462 1050 480 
802 440 972 463 1049 483 
802 439 972 463 1050 485 
802 439 972 463 1050 486 
802 439 972 463 1050 487 
802 439 972 463 1049 488 
802 439 972 465 1049 490 
802 438 972 466 1049 491 
802 440 972 467 1049 494 
803 439 972 468 1048 496 
803 439 972 468 1048 499 
803 439 972 468 1048 502 
803 439 972 469 1048 504 
803 439 972 470 1047 505 
803 439 971 470 1046 508 
803 439 971 470 1046 509 
803 439 970 471 1046 511 
803 439 970 471 1045 513 
803 439 971 471 1045 515 
803 439 970 472 1044 516 
803 439 970 472 1043 521 
803 439 970 473 1043 522 
803 439 969 475 1041 526 
803 439 969 475 1042 528 
803 439 969 476 1040 529 
803 439 968 476 1038 533 
803 439 968 477 1039 535 
803 439 968 477 1035 538 
803 439 967 477 1036 538 
803 439 967 478 1033 540 
804 439 967 478 1032 541 
804 439 967 478 1033 544 
804 439 966 479 1033 547 
804 439 966 479 1029 547 
804 439 966 479 1028 549 
805 439 965 479 1023 554 
805 439 965 479 1022 553 
805 439 965 480 1018 560 
805 439 964 480 1017 559 
805 438 963 480 1012 564 
806 439 963 479 1013 564 
806 439 963 479 1010 564 
806 439 963 479 1010 566 
807 439 963 479 1007 566 
808 439 962 479 1006 568 
808 438 962 480 1006 569 
808 438 962 479 1004 569 
807 437 962 479 1004 570 
808 438 961 479 1003 570 
809 438 961 479 1002 570 
809 437 961 479 1002 570 
809 438 962 479 1001 571 
809 438 962 479 1001 571 
809 438 961 480 1001 571 
809 438 961 479 1001 571 
809 438 962 479 1002 571 
809 437 962 479 1003 571 
809 438 962 479 1004 572 
809 438 961 479 1004 572 
809 438 961 479 1005 571 
809 438 961 479 1005 571 
808 437 961 479 1006 571 
