768 349 892 357 938 451 
768 349 892 357 938 451 
768 349 892 357 938 451 
768 349 892 357 938 452 
768 349 892 357 939 452 
768 349 892 357 939 452 
768 349 892 357 939 452 
768 349 892 356 939 451 
768 349 892 357 939 451 
768 349 892 357 939 451 
767 349 892 357 939 450 
768 349 892 357 939 450 
768 350 892 357 939 451 
768 350 892 357 939 451 
768 350 892 357 940 451 
768 349 892 357 940 451 
768 349 892 357 939 450 
768 349 891 357 941 451 
768 348 893 357 940 450 
767 348 892 357 940 449 
768 349 892 357 941 449 
767 349 892 355 941 450 
767 349 891 356 944 450 
768 349 891 355 944 449 
767 349 891 356 944 448 
766 348 891 356 945 448 
767 349 891 356 947 449 
767 349 891 355 947 447 
767 350 891 356 949 446 
766 349 891 356 953 444 
767 349 891 357 958 441 
766 349 891 356 958 441 
766 349 891 356 960 439 
766 349 891 356 961 439 
765 350 891 356 966 435 
765 350 892 355 964 435 
765 349 891 355 972 432 
765 348 891 356 970 431 
766 350 890 356 971 431 
766 350 891 355 976 427 
766 350 890 355 974 426 
765 350 890 355 975 426 
765 349 890 354 977 425 
764 349 890 355 980 421 
766 350 890 354 980 421 
765 350 890 354 980 419 
764 350 889 354 983 414 
764 350 890 354 983 414 
764 350 890 353 983 412 
764 351 889 351 987 407 
764 350 889 352 987 407 
765 350 888 350 990 403 
764 350 889 349 990 402 
763 351 888 348 993 397 
763 350 889 348 992 395 
763 351 888 347 995 388 
763 350 890 345 995 387 
763 351 889 345 997 383 
763 351 888 343 999 378 
763 351 889 342 1000 374 
763 351 888 341 1002 371 
763 351 888 339 1004 368 
763 351 887 339 1004 363 
762 351 887 336 1005 359 
762 350 887 337 1005 354 
762 350 886 334 1005 349 
761 350 886 333 1005 344 
761 350 886 332 1005 339 
762 351 886 329 1005 334 
762 351 885 327 1005 329 
762 351 884 326 1005 325 
761 351 884 324 1005 320 
760 350 883 323 1005 316 
760 350 884 322 1005 313 
759 350 882 321 1004 309 
760 351 883 320 1003 307 
759 350 884 320 1002 305 
759 350 882 319 1002 301 
760 350 881 318 1001 300 
759 350 881 317 1001 298 
759 350 879 316 1001 294 
759 350 879 314 1001 294 
759 350 879 313 1000 289 
758 350 877 313 998 289 
759 351 878 312 998 286 
758 350 878 312 997 285 
759 351 878 309 996 283 
759 350 879 310 996 282 
759 350 878 310 996 282 
759 350 877 309 996 281 
758 351 877 311 996 282 
758 351 879 312 997 283 
758 350 879 312 996 283 
758 350 879 313 997 284 
758 351 879 313 997 285 
759 351 879 315 998 286 
759 351 879 314 998 288 
759 351 880 315 999 290 
759 350 880 316 1000 292 
759 351 880 318 1001 293 
759 351 881 318 1000 294 
758 350 881 318 1001 296 
759 351 881 318 1001 296 
759 351 881 318 1001 295 
759 351 882 318 1000 296 
759 351 881 318 1000 296 
759 351 881 318 1001 296 
759 351 883 319 1001 297 
759 351 882 320 1002 299 
759 351 882 320 1001 303 
759 351 883 321 1004 306 
759 351 883 324 1004 310 
759 351 884 326 1004 315 
759 351 885 328 1004 319 
760 351 885 331 1005 325 
760 351 887 334 1006 330 
760 351 886 335 1006 334 
760 351 888 339 1006 340 
760 351 888 341 1006 345 
760 351 888 344 1006 350 
760 351 888 347 1006 354 
760 351 888 348 1006 357 
759 351 888 350 1006 360 
759 351 888 351 1006 361 
759 350 887 352 1006 362 
758 351 888 352 1005 363 
758 351 888 353 1005 363 
758 351 888 353 1005 364 
758 352 888 354 1004 364 
758 352 887 354 1003 364 
758 353 887 353 1003 364 
758 354 887 353 1003 363 
757 354 887 353 1002 362 
756 354 886 353 1002 358 
755 355 886 352 1000 356 
755 355 884 350 999 352 
754 356 881 349 998 348 
753 355 878 346 994 348 
752 354 877 347 991 347 
751 353 876 347 991 349 
751 353 875 349 991 351 
752 353 875 350 988 356 
752 353 875 352 990 361 
753 353 877 352 992 363 
754 354 878 352 993 363 
756 354 879 351 993 361 
756 355 881 352 998 356 
757 354 882 351 998 355 
757 354 883 350 999 353 
757 354 884 350 1000 352 
757 355 883 349 1000 350 
756 355 883 349 1000 349 
756 355 883 348 1000 346 
755 355 883 347 1000 344 
754 355 882 347 1000 343 
755 355 882 346 1000 340 
755 355 882 346 1000 341 
755 355 882 345 1001 340 
755 355 882 346 1001 342 
755 355 882 346 1001 345 
754 355 882 348 1000 348 
754 354 883 349 1001 351 
755 354 883 352 1001 354 
754 354 883 353 1001 356 
755 355 883 352 1000 356 
754 354 884 352 1000 355 
754 354 883 352 999 354 
754 354 883 351 999 351 
754 354 883 351 999 350 
754 354 882 349 999 347 
754 354 883 347 999 346 
754 355 883 348 998 345 
754 355 883 349 998 346 
754 354 882 349 999 348 
755 354 883 351 998 351 
755 355 882 351 998 353 
755 355 882 352 998 357 
755 354 883 352 999 359 
755 354 883 353 998 360 
756 355 883 353 999 362 
755 354 884 354 999 363 
756 355 884 355 998 367 
756 354 884 354 998 368 
756 354 883 355 997 373 
755 354 883 355 993 379 
755 354 884 356 994 381 
757 354 884 356 993 383 
757 354 884 355 992 384 
757 354 883 356 992 386 
757 354 883 355 992 388 
757 354 884 356 992 389 
757 354 884 356 991 389 
757 354 884 356 991 391 
757 354 883 355 991 394 
757 354 884 355 989 395 
757 355 884 356 988 397 
757 355 883 356 984 405 
758 355 883 356 983 406 
758 355 883 357 983 408 
757 354 884 357 982 409 
758 354 884 357 982 410 
758 354 885 356 982 412 
758 354 884 357 980 411 
759 354 884 357 980 411 
758 353 884 357 980 413 
758 353 883 356 980 413 
758 353 883 354 978 414 
758 353 883 355 977 415 
758 353 883 356 976 416 
758 353 884 356 975 418 
759 354 884 356 970 422 
759 354 885 357 971 422 
759 353 885 357 970 421 
759 353 885 357 966 427 
760 353 884 357 966 426 
760 353 884 356 966 427 
760 353 884 355 964 427 
760 352 885 356 963 428 
761 353 885 357 961 427 
761 353 885 358 957 430 
760 352 886 357 954 431 
762 352 887 357 953 430 
762 353 886 357 951 430 
763 353 886 357 952 432 
763 353 886 357 949 431 
763 353 887 357 949 432 
763 353 887 357 948 432 
763 353 888 357 949 433 
764 352 887 356 949 433 
763 351 887 356 948 433 
765 352 887 356 948 434 
765 351 888 357 947 434 
765 352 888 357 946 433 
765 351 889 357 945 435 
767 351 889 358 944 436 
766 350 889 358 943 437 
767 350 890 358 941 437 
767 351 890 358 939 437 
768 350 890 358 938 438 
768 351 890 358 937 438 
768 350 890 358 937 439 
768 350 890 357 936 439 
768 350 890 357 935 438 
767 350 890 357 935 439 
768 351 890 357 935 439 
767 350 890 358 935 438 
768 350 890 357 935 439 
768 350 889 356 935 439 
768 351 889 356 936 440 
767 350 889 357 935 439 
768 351 889 357 935 439 
768 351 889 356 935 439 
768 351 889 357 936 439 
767 351 889 356 936 439 
766 350 889 357 936 439 
767 351 888 357 937 440 
767 351 889 358 937 439 
767 351 889 358 940 440 
766 351 890 358 941 439 
765 350 888 358 943 440 
766 351 889 358 946 438 
765 351 889 358 948 438 
765 351 889 358 950 436 
764 351 889 358 953 434 
765 351 889 358 955 433 
764 351 888 358 958 430 
764 351 888 358 961 430 
764 351 888 357 965 424 
763 351 888 358 965 424 
763 351 888 358 971 420 
763 351 888 358 971 419 
762 351 888 358 972 418 
763 351 888 358 977 412 
762 351 888 357 976 412 
762 351 889 357 978 411 
762 351 888 358 979 409 
763 351 888 357 984 404 
763 352 887 356 984 404 
762 352 887 356 987 399 
761 352 886 355 989 396 
761 352 886 354 990 391 
761 352 886 354 990 389 
761 352 886 354 990 386 
761 352 885 354 991 384 
761 352 885 354 991 381 
761 352 886 354 992 380 
760 352 886 355 993 378 
760 352 886 355 993 376 
760 351 885 354 994 374 
760 352 886 353 996 369 
759 352 885 353 996 367 
760 352 885 353 995 364 
759 352 885 351 996 362 
760 352 885 351 996 361 
760 353 885 350 996 359 
760 352 885 351 996 358 
760 352 885 351 997 358 
759 352 885 351 996 357 
759 352 885 352 995 356 
760 352 885 351 995 356 
760 352 885 351 995 355 
759 352 885 350 995 354 
759 352 885 349 995 353 
760 353 886 349 995 351 
760 352 886 349 995 350 
760 353 886 349 994 349 
760 353 885 347 994 349 
760 353 886 347 994 348 
760 353 886 347 994 347 
760 353 886 347 993 347 
759 353 886 347 994 347 
759 353 886 347 993 346 
759 353 886 347 993 346 
759 353 885 347 994 347 
759 353 885 347 993 347 
759 353 885 347 993 348 
759 353 885 348 993 349 
759 353 885 348 992 349 
759 353 885 347 993 349 
759 353 884 347 992 347 
758 353 885 347 993 347 
759 353 885 347 993 345 
759 353 886 346 993 344 
759 353 886 346 994 344 
759 353 886 346 993 344 
759 354 886 346 993 344 
760 354 886 346 994 345 
760 354 886 346 993 345 
759 354 885 346 993 346 
760 354 885 347 993 347 
760 354 885 349 993 348 
760 354 885 349 993 350 
760 354 886 349 993 351 
760 354 885 349 993 352 
760 354 886 351 993 354 
760 354 885 351 993 355 
760 354 886 352 993 357 
760 353 886 352 993 358 
760 354 885 352 992 359 
759 353 886 353 993 361 
760 353 886 353 992 362 
760 354 886 354 992 364 
760 354 886 354 991 365 
760 354 886 354 991 367 
759 353 886 354 991 369 
759 353 887 355 990 370 
759 353 887 356 990 372 
760 354 887 356 989 374 
760 354 887 356 989 376 
760 353 887 356 989 379 
759 353 886 356 987 380 
760 353 886 357 987 384 
759 353 887 358 987 387 
760 354 887 358 986 388 
760 354 887 358 985 389 
760 353 887 358 984 392 
760 353 887 359 979 397 
760 353 888 360 981 399 
760 352 887 360 976 403 
759 353 888 360 977 405 
759 352 887 360 976 406 
760 353 886 359 975 410 
760 353 886 358 974 411 
761 353 887 358 969 417 
761 352 888 359 970 416 
761 352 887 359 969 416 
761 353 887 359 968 416 
762 353 887 358 966 417 
761 352 887 358 966 419 
762 353 887 359 964 419 
762 353 888 359 959 425 
762 353 888 360 959 424 
762 353 889 360 957 424 
762 353 888 360 957 426 
762 353 888 359 956 427 
763 352 888 359 954 427 
763 352 887 359 949 432 
763 352 888 358 950 432 
763 352 887 359 950 432 
764 352 888 358 949 432 
765 353 888 358 947 432 
764 352 888 358 946 432 
764 352 888 359 946 433 
765 352 888 358 945 433 
765 352 888 359 942 434 
765 352 889 358 942 434 
765 352 888 358 940 435 
766 351 889 359 940 435 
766 351 889 358 939 435 
766 351 890 360 938 435 
767 350 890 360 937 435 
767 351 890 360 937 435 
768 350 890 359 936 435 
768 350 890 359 935 434 
768 350 890 360 935 434 
769 350 891 360 934 434 
769 350 891 360 934 435 
770 350 890 360 933 434 
769 350 891 360 934 435 
770 350 891 360 933 435 
769 350 890 360 933 435 
769 350 890 360 934 436 
768 350 890 360 934 436 
767 350 890 360 936 437 
768 350 890 360 937 437 
767 351 890 360 940 436 
767 351 890 360 943 436 
766 351 890 360 947 434 
766 351 889 360 950 432 
766 351 889 359 956 428 
766 351 889 359 957 428 
765 351 889 359 964 424 
764 351 890 360 963 422 
764 351 890 360 969 417 
764 351 889 359 970 416 
763 350 889 360 977 412 
764 351 889 360 977 410 
764 351 889 359 982 403 
764 351 889 358 982 401 
764 351 888 357 987 394 
764 351 888 357 988 392 
763 351 889 358 991 385 
763 351 889 358 991 383 
762 352 889 357 993 379 
763 352 889 356 994 376 
763 352 888 356 993 374 
762 352 888 355 994 373 
763 352 889 356 994 371 
762 352 889 356 994 370 
762 352 888 356 995 369 
762 352 888 356 995 368 
762 352 888 356 995 366 
762 353 888 354 995 364 
763 353 886 354 994 362 
762 353 886 353 994 361 
762 352 885 352 995 359 
761 353 887 352 995 357 
762 353 886 351 994 356 
762 353 886 350 994 355 
762 353 887 350 994 354 
762 353 886 350 994 354 
762 353 887 351 994 353 
762 353 886 351 993 353 
762 353 886 349 993 353 
762 353 886 349 993 353 
762 352 887 350 993 351 
762 352 887 350 993 351 
762 353 887 350 993 350 
762 353 887 349 993 350 
761 353 886 349 993 350 
762 354 887 350 993 350 
762 354 887 350 993 351 
762 354 887 350 993 351 
762 354 887 351 993 352 
762 354 887 351 992 352 
762 354 887 351 993 353 
762 354 887 351 993 353 
761 353 887 351 993 353 
762 354 887 351 993 352 
761 354 887 350 993 351 
762 354 887 350 993 351 
762 354 887 350 993 351 
762 354 887 350 993 351 
762 353 887 350 994 352 
762 354 887 351 993 352 
762 354 887 351 993 352 
762 354 887 351 993 352 
762 354 887 351 993 353 
762 354 887 351 993 354 
762 354 886 351 994 355 
762 354 886 351 993 355 
762 354 886 351 992 355 
762 354 886 352 993 355 
761 354 887 352 993 355 
761 353 887 352 993 356 
761 354 886 352 992 356 
761 354 887 353 993 358 
762 354 887 354 993 360 
761 354 887 354 992 363 
761 352 887 354 992 365 
761 353 887 356 991 367 
762 354 887 356 991 369 
762 354 887 356 991 369 
761 353 887 356 990 371 
762 353 888 357 990 372 
762 354 888 357 990 373 
762 353 888 356 989 374 
762 353 888 357 990 376 
762 353 888 358 990 379 
762 353 888 357 989 379 
762 354 888 358 988 381 
762 354 888 357 988 383 
762 353 888 360 987 386 
761 353 888 359 986 387 
761 353 888 359 985 389 
761 353 887 359 984 390 
762 353 888 360 984 393 
762 353 888 359 983 395 
761 352 889 361 981 396 
762 353 887 359 981 398 
762 353 888 360 979 400 
762 353 888 360 979 401 
762 353 888 360 978 402 
762 353 888 360 977 403 
762 353 888 360 976 405 
762 353 887 360 976 408 
762 353 889 361 973 409 
762 353 888 361 972 411 
763 354 887 360 967 415 
763 354 889 360 968 415 
763 353 889 362 961 420 
763 353 889 361 962 419 
763 353 889 361 961 420 
763 353 888 361 955 424 
764 353 888 361 956 424 
764 353 888 360 955 423 
764 352 888 362 955 424 
764 353 888 361 953 424 
763 352 888 361 953 425 
764 353 889 361 951 425 
764 353 888 360 951 427 
764 352 889 361 950 427 
765 352 889 361 948 427 
765 352 889 362 948 428 
764 352 889 362 946 429 
766 353 889 361 945 430 
766 352 889 362 944 431 
766 352 888 362 942 431 
766 352 889 361 941 431 
766 352 890 362 940 431 
766 352 890 361 939 431 
766 351 890 362 937 431 
767 352 890 361 937 432 
768 352 890 361 936 432 
767 351 890 362 936 432 
768 352 890 362 935 431 
768 352 890 362 935 432 
768 351 890 362 934 432 
768 350 890 362 934 432 
768 351 889 362 934 432 
768 351 889 362 934 432 
769 351 889 362 935 432 
768 351 889 362 935 432 
767 351 890 363 935 433 
768 352 890 362 936 433 
768 352 889 362 937 433 
766 351 889 361 938 433 
768 352 889 361 939 432 
766 351 888 361 941 432 
766 352 888 361 942 431 
766 351 889 361 945 430 
766 352 889 361 949 428 
765 352 889 362 951 427 
764 351 888 362 957 422 
764 352 888 361 959 422 
765 352 889 362 964 417 
764 351 888 361 966 418 
764 352 889 361 974 413 
764 351 889 361 974 411 
764 352 889 360 981 404 
764 351 888 360 984 400 
764 352 888 359 985 392 
764 352 888 360 986 386 
764 352 889 360 987 383 
763 352 890 359 990 378 
763 352 890 358 991 375 
763 353 888 358 990 373 
763 353 888 358 991 374 
763 353 888 358 991 371 
763 353 889 358 992 371 
763 353 889 358 992 369 
763 353 887 357 992 367 
763 353 888 356 992 366 
763 353 888 356 992 366 
763 353 888 355 993 364 
763 353 888 355 992 363 
763 353 887 353 992 362 
763 353 886 353 993 361 
762 353 888 353 992 359 
762 353 888 353 993 359 
762 353 888 353 992 358 
762 353 888 353 994 360 
763 353 887 353 993 359 
763 353 887 353 992 359 
762 352 887 353 992 359 
762 352 888 354 992 359 
762 353 887 353 991 358 
763 353 887 353 994 359 
762 353 887 353 993 358 
762 353 887 354 993 357 
761 353 888 354 994 357 
762 353 888 354 994 357 
762 353 887 354 994 358 
762 353 888 354 994 358 
762 353 887 354 994 359 
761 353 888 354 994 360 
761 353 887 353 994 360 
762 354 887 355 994 359 
762 354 887 354 994 358 
762 354 887 353 994 358 
762 354 887 353 994 357 
762 353 888 353 994 357 
761 352 888 353 994 357 
762 354 888 354 994 356 
761 353 888 353 993 356 
762 354 887 353 993 357 
762 354 887 354 993 358 
762 354 887 354 993 359 
762 353 887 354 993 359 
762 354 887 354 993 360 
761 353 886 354 994 360 
762 354 888 354 994 359 
762 354 888 354 994 360 
762 354 887 355 993 361 
762 353 887 355 993 362 
762 354 887 355 993 363 
762 353 887 356 993 365 
762 353 888 357 992 366 
762 353 888 358 992 368 
762 353 888 358 990 370 
762 353 888 358 991 373 
763 354 888 358 989 374 
762 353 888 358 989 376 
762 353 888 360 988 376 
762 353 888 360 989 379 
762 353 888 359 988 380 
763 353 888 360 987 381 
763 353 889 360 988 383 
763 352 888 360 987 383 
762 352 888 361 986 386 
763 353 888 360 987 389 
763 353 888 361 985 390 
763 353 889 361 985 392 
763 353 888 360 984 392 
763 353 888 361 984 394 
763 353 888 361 982 394 
763 353 888 361 981 396 
763 353 888 360 980 397 
763 353 888 361 980 398 
762 353 889 361 980 400 
763 353 888 361 976 405 
763 353 889 362 977 405 
763 353 889 362 977 407 
763 353 889 361 975 408 
763 353 888 361 971 412 
763 353 889 362 971 412 
763 353 889 362 970 413 
763 352 888 362 969 415 
764 353 889 362 964 419 
764 354 889 362 964 418 
763 353 889 362 964 419 
764 353 889 362 963 420 
764 353 889 362 958 423 
764 352 889 363 958 423 
764 353 889 363 957 424 
764 353 889 363 951 427 
765 353 889 363 951 427 
765 353 890 363 949 427 
765 353 889 363 948 428 
765 352 889 362 943 432 
765 352 889 362 943 431 
766 352 889 363 940 430 
766 352 889 363 940 432 
766 352 889 362 938 432 
766 352 889 362 937 432 
766 351 890 363 936 432 
767 352 890 363 935 433 
767 351 890 363 934 433 
768 351 889 363 934 433 
768 351 889 363 934 433 
768 351 889 363 933 433 
768 351 889 363 934 433 
767 351 890 363 934 433 
768 351 890 363 933 433 
768 351 889 363 934 433 
768 351 890 363 934 433 
767 351 890 363 933 433 
767 351 889 363 934 434 
768 351 889 363 933 433 
768 351 889 363 934 434 
768 351 890 363 934 434 
767 351 890 363 934 434 
