798 442 910 452 950 552 
798 442 910 452 950 552 
798 443 911 452 950 552 
798 442 911 453 950 551 
798 442 911 454 950 551 
798 441 911 454 951 552 
797 442 911 454 950 551 
798 442 911 454 950 551 
797 442 911 454 951 551 
798 442 911 453 951 552 
798 443 911 453 950 551 
797 442 911 453 951 551 
798 442 911 453 952 551 
798 442 911 453 952 551 
798 442 911 453 952 551 
798 442 911 453 952 551 
798 442 911 453 951 551 
798 442 910 453 953 551 
798 443 910 452 953 551 
797 442 911 453 953 550 
798 442 910 453 954 550 
798 442 911 453 955 550 
798 442 909 453 955 550 
798 442 910 453 958 550 
798 442 911 453 958 549 
797 442 910 453 959 549 
797 441 910 452 959 548 
797 442 911 453 961 547 
798 443 910 452 963 546 
797 443 911 453 966 546 
796 443 910 453 967 545 
796 441 910 453 969 545 
797 442 910 452 970 543 
796 442 910 453 971 541 
796 442 910 452 972 539 
796 442 909 452 974 536 
795 441 910 452 976 535 
796 442 910 452 978 535 
796 441 910 452 980 532 
796 442 911 453 979 530 
795 442 910 452 980 530 
796 442 910 452 983 528 
796 442 909 452 983 527 
795 442 910 452 986 524 
795 443 910 452 985 523 
795 442 910 452 989 519 
795 442 910 451 986 518 
795 442 910 451 990 515 
795 443 911 451 989 514 
794 442 911 451 990 512 
795 444 910 450 994 508 
795 443 910 449 993 507 
795 443 909 449 996 502 
795 443 909 448 994 501 
794 443 910 448 998 496 
793 442 911 447 995 493 
794 444 912 446 1000 489 
794 443 913 446 997 489 
793 442 913 444 999 485 
794 444 914 444 1001 481 
793 443 915 443 1002 476 
793 443 915 442 1002 472 
793 442 916 441 1003 468 
792 443 916 440 1003 463 
792 442 916 439 1003 459 
793 444 913 435 1004 455 
792 443 915 435 1004 450 
792 443 917 434 1003 445 
792 443 913 431 1003 441 
792 443 915 430 1003 437 
791 442 916 428 1002 432 
792 443 916 428 1002 429 
791 442 913 426 1001 425 
791 443 915 425 1001 422 
790 442 916 425 999 420 
791 443 914 424 999 419 
790 442 915 422 998 414 
790 442 914 422 997 414 
790 443 914 421 997 412 
790 442 914 420 996 410 
790 442 914 419 996 408 
790 442 913 418 996 405 
789 442 913 417 994 403 
790 443 913 416 993 401 
790 443 913 415 993 400 
789 442 912 414 992 398 
790 444 912 414 992 396 
789 443 912 413 991 396 
789 442 911 413 992 397 
789 443 911 414 991 396 
789 443 912 414 992 397 
789 443 912 414 993 398 
789 443 912 415 993 399 
789 443 912 416 994 400 
789 443 913 416 993 401 
790 443 912 418 994 402 
790 443 913 419 995 404 
791 444 914 419 995 406 
790 443 914 420 996 408 
790 443 914 421 996 409 
790 443 914 421 996 409 
790 443 914 422 996 410 
790 443 914 422 996 410 
790 443 914 422 996 410 
790 443 915 422 996 409 
790 443 915 422 997 410 
790 443 915 423 996 411 
790 443 915 424 997 413 
790 443 916 426 999 415 
790 443 916 427 999 418 
790 443 916 430 1000 422 
790 443 917 432 1000 427 
790 443 917 434 1000 430 
790 443 918 436 1001 435 
790 443 918 439 1002 440 
791 443 919 442 1003 445 
791 443 919 445 1004 450 
792 444 919 448 1003 454 
792 444 919 450 1003 459 
792 444 919 452 1003 463 
791 444 919 454 1004 466 
791 444 919 455 1003 469 
791 444 919 456 1004 470 
791 444 919 456 1004 471 
791 444 919 457 1004 472 
790 444 918 458 1004 472 
790 444 919 458 1004 473 
790 445 918 458 1003 473 
790 445 918 458 1003 473 
790 445 918 457 1002 473 
790 445 918 457 1002 473 
789 446 917 457 1001 472 
788 446 916 456 1000 470 
787 447 916 456 998 467 
787 447 914 455 997 465 
786 447 913 454 995 462 
785 447 911 453 992 459 
785 446 910 452 990 458 
784 446 908 452 989 458 
784 445 908 452 987 462 
785 446 908 454 988 468 
785 445 907 454 989 470 
786 445 908 455 990 472 
787 446 909 455 991 473 
787 447 910 454 993 472 
788 447 911 454 994 469 
789 447 913 454 995 466 
789 447 913 453 996 464 
789 447 914 453 997 463 
788 447 914 452 997 462 
788 446 914 451 997 460 
788 447 914 451 997 457 
788 447 913 449 997 455 
787 447 914 448 997 453 
786 446 913 448 997 451 
786 446 913 447 997 450 
786 447 914 448 998 451 
787 447 914 448 998 452 
787 447 914 450 998 453 
787 446 915 451 998 457 
787 447 915 452 998 460 
787 447 914 454 999 463 
787 446 914 454 999 465 
786 446 913 454 998 465 
787 446 914 454 997 464 
787 446 913 454 997 463 
787 447 914 453 996 461 
787 447 913 452 997 460 
787 447 913 451 996 458 
787 446 914 451 997 457 
787 446 913 450 996 456 
787 446 913 451 996 456 
787 446 913 452 996 457 
787 446 913 452 996 460 
787 446 913 454 996 464 
787 446 914 454 996 465 
786 445 913 455 996 468 
787 445 914 456 996 469 
787 446 914 456 996 470 
788 446 914 456 996 472 
787 446 914 456 996 474 
788 446 914 457 996 477 
788 447 914 458 995 480 
788 446 914 458 993 483 
787 445 914 459 992 488 
788 446 913 460 992 490 
788 446 914 460 992 492 
789 445 913 460 991 492 
789 446 914 460 991 494 
789 446 913 460 991 495 
789 446 914 461 991 496 
789 446 914 461 991 498 
789 445 914 461 990 500 
788 445 914 462 990 501 
788 445 914 463 986 507 
789 446 915 463 986 508 
789 446 915 463 987 510 
788 445 914 463 986 512 
789 446 914 463 986 513 
789 446 913 462 984 514 
789 445 914 463 984 515 
789 445 915 463 984 516 
790 446 915 464 983 516 
790 446 915 464 982 516 
790 446 914 464 981 518 
790 446 913 462 980 518 
790 446 914 463 980 520 
790 446 913 463 979 521 
790 446 913 463 978 523 
791 446 913 464 978 524 
790 446 913 463 977 526 
791 445 913 464 977 527 
791 446 913 464 972 532 
791 446 913 463 972 532 
792 445 913 464 973 533 
792 445 913 464 971 533 
792 445 914 465 968 535 
791 444 914 465 967 534 
792 445 914 464 963 536 
792 445 914 464 962 536 
792 445 914 465 962 536 
793 445 914 465 962 537 
794 445 914 465 962 538 
794 445 914 465 961 539 
794 445 914 464 961 538 
794 444 914 465 960 539 
794 444 914 465 961 540 
795 445 914 465 960 540 
795 445 914 465 959 539 
795 445 913 464 958 540 
796 445 913 464 957 541 
796 444 913 464 956 542 
796 443 913 464 953 541 
797 443 913 464 952 542 
798 444 914 465 950 542 
798 444 913 465 949 544 
798 444 913 464 949 544 
798 444 913 464 948 544 
798 443 914 465 947 544 
798 443 913 465 945 544 
798 443 914 466 946 545 
798 443 914 465 945 545 
798 443 914 465 945 545 
798 443 914 465 945 544 
799 443 914 465 944 545 
799 443 914 465 944 545 
799 443 914 466 945 545 
799 443 914 465 944 544 
799 443 914 465 945 545 
799 444 914 465 945 544 
799 444 914 465 945 544 
799 444 914 465 945 545 
799 444 914 465 946 545 
798 444 914 465 946 544 
797 443 914 465 947 544 
797 444 914 465 948 544 
797 444 914 465 950 544 
797 444 914 465 953 544 
797 443 914 466 955 543 
797 444 915 465 957 542 
796 443 915 465 959 541 
796 443 915 465 962 541 
795 443 915 465 964 540 
796 443 915 465 966 535 
795 443 915 465 967 534 
795 443 915 465 971 530 
795 443 915 465 972 529 
795 443 915 465 975 525 
794 443 915 465 975 525 
794 443 915 465 980 521 
794 443 915 464 979 520 
794 443 915 464 979 518 
794 443 915 464 981 518 
794 443 915 465 986 514 
794 444 915 464 985 513 
793 443 915 464 983 510 
793 443 914 463 989 506 
793 444 915 463 988 504 
792 444 915 463 988 502 
793 444 915 463 992 496 
793 444 915 462 992 495 
792 444 915 462 994 492 
792 444 914 462 995 489 
792 444 915 462 994 487 
792 444 915 462 994 486 
791 443 914 461 994 484 
792 444 915 461 994 483 
792 444 915 461 995 481 
792 444 914 461 995 478 
792 444 914 461 995 476 
792 445 914 460 997 473 
791 445 914 459 997 469 
792 445 915 459 996 468 
791 445 915 458 996 466 
792 444 915 458 996 465 
792 445 915 458 997 464 
792 445 915 458 997 465 
791 444 915 458 996 464 
791 444 915 457 996 464 
791 444 916 457 995 462 
791 444 915 456 995 462 
791 444 915 455 995 460 
791 444 916 454 995 458 
791 444 916 454 994 457 
790 444 916 453 995 455 
791 444 916 453 994 455 
791 445 916 453 994 454 
791 445 916 452 994 455 
791 445 916 452 994 453 
791 445 916 452 994 454 
791 445 916 452 993 453 
790 444 916 452 993 453 
792 446 916 452 993 454 
791 445 916 453 993 455 
791 445 916 453 993 455 
791 445 916 453 994 456 
791 446 916 453 993 457 
791 445 916 453 993 456 
791 445 916 452 993 454 
790 444 916 452 993 454 
791 446 916 451 993 452 
791 445 916 451 994 451 
791 445 916 451 994 451 
791 446 916 450 994 451 
791 445 916 451 994 451 
790 445 916 451 994 452 
791 446 916 451 994 453 
791 446 916 452 994 454 
791 445 916 452 994 455 
791 445 916 453 994 455 
791 445 916 453 994 457 
791 444 916 454 993 458 
791 445 916 455 993 459 
792 446 916 456 994 461 
791 445 917 457 994 462 
791 445 917 457 994 463 
791 445 917 457 994 465 
791 445 916 458 994 466 
791 445 916 458 993 467 
791 445 916 459 994 468 
791 445 916 459 993 469 
791 445 917 460 993 470 
791 445 917 461 992 472 
791 445 916 461 992 474 
791 444 916 461 992 476 
791 444 916 462 991 478 
791 445 916 463 991 480 
791 445 916 463 991 481 
792 445 917 463 990 483 
791 445 917 464 990 485 
791 445 917 464 989 487 
791 445 917 464 989 489 
791 445 917 465 987 493 
791 444 916 465 987 495 
791 445 916 465 987 497 
791 445 917 466 983 502 
791 445 917 466 984 503 
792 444 916 466 980 507 
791 445 915 465 981 508 
792 445 915 465 980 510 
792 445 915 466 977 513 
793 445 915 466 977 514 
793 445 914 466 976 516 
793 445 915 466 975 517 
793 445 915 466 974 518 
793 445 914 467 974 520 
793 444 915 467 972 520 
793 445 915 467 971 521 
792 445 916 467 971 523 
794 445 915 467 965 526 
794 445 915 467 966 527 
794 445 915 468 964 527 
793 444 914 468 960 533 
793 443 914 468 959 532 
794 445 913 467 959 532 
795 444 914 467 957 535 
795 445 914 468 958 537 
795 444 914 468 958 538 
794 444 914 468 957 538 
795 444 914 468 957 539 
796 444 914 468 955 538 
795 444 914 467 953 539 
795 443 914 468 953 540 
796 444 914 468 950 542 
797 444 913 468 950 542 
797 443 914 468 949 542 
797 443 914 468 947 542 
798 444 914 468 947 542 
798 444 914 468 946 542 
798 443 914 467 946 543 
799 443 914 467 945 542 
798 443 914 467 945 542 
798 442 913 467 945 542 
799 443 913 467 944 542 
799 443 913 467 944 542 
799 442 914 467 943 542 
799 443 914 467 943 542 
800 442 914 467 943 543 
800 442 914 467 943 543 
800 442 913 468 943 543 
799 442 914 468 943 543 
799 442 914 468 943 543 
798 442 914 468 945 543 
798 443 914 468 947 543 
798 443 913 467 948 541 
797 442 914 467 951 540 
798 443 914 467 955 539 
796 443 914 468 959 536 
796 442 915 468 964 532 
797 443 915 468 965 531 
796 442 915 468 970 527 
796 443 915 468 974 524 
796 443 915 468 974 523 
796 442 915 467 979 518 
795 443 914 467 979 517 
796 443 915 466 984 512 
796 443 915 466 988 507 
796 444 915 466 988 505 
796 444 916 466 991 498 
796 444 916 466 992 498 
795 444 916 466 994 493 
795 444 916 465 995 489 
795 444 916 463 996 485 
795 444 916 463 996 481 
793 443 915 462 995 479 
794 445 915 462 995 478 
794 444 915 462 996 477 
793 443 917 462 996 475 
794 444 917 462 996 474 
794 443 916 461 997 473 
794 444 917 462 997 471 
794 443 917 461 997 469 
793 444 917 459 997 467 
793 444 916 458 997 466 
794 444 917 458 997 464 
793 445 917 456 997 462 
793 444 917 456 997 461 
793 444 917 456 996 460 
793 444 917 456 996 460 
794 444 917 456 996 459 
794 445 917 455 996 459 
794 445 917 455 995 459 
794 445 917 454 995 459 
794 444 917 454 995 459 
794 444 917 454 995 458 
794 444 917 454 995 457 
794 444 917 454 995 456 
794 445 917 454 995 456 
792 444 917 453 995 456 
793 444 917 453 995 456 
793 445 917 453 995 456 
793 445 917 454 995 457 
793 444 917 454 995 457 
793 444 917 455 995 458 
792 444 917 455 995 459 
793 444 917 455 995 459 
793 444 917 454 995 458 
792 444 917 454 995 458 
793 444 917 454 995 458 
793 445 918 454 995 457 
793 444 917 454 995 457 
793 445 917 454 995 457 
793 445 917 454 995 457 
793 445 917 454 995 457 
793 444 917 454 995 457 
792 445 917 455 995 458 
792 444 917 455 995 458 
793 444 917 455 995 459 
792 444 917 456 995 459 
793 445 917 456 995 460 
792 444 918 456 995 460 
793 445 917 455 995 460 
792 444 917 456 995 461 
793 445 917 457 995 461 
792 444 917 457 995 462 
793 445 917 457 995 465 
793 444 918 458 995 466 
793 443 918 459 995 468 
793 444 918 460 995 470 
793 444 917 461 994 472 
793 444 918 461 994 473 
793 444 917 462 994 475 
793 444 917 462 993 477 
793 444 918 463 993 478 
794 444 918 463 993 479 
794 445 918 463 992 480 
794 445 918 463 992 481 
794 445 918 463 992 482 
793 445 918 464 992 483 
793 444 918 465 992 486 
793 444 917 465 991 487 
793 445 917 466 991 489 
794 445 917 466 989 492 
793 444 917 466 989 494 
793 443 918 467 988 495 
793 444 917 467 987 498 
793 444 917 467 987 500 
793 444 917 467 986 502 
794 445 916 467 985 504 
794 445 917 468 984 505 
794 444 917 468 982 505 
794 444 916 467 982 507 
794 444 917 468 982 508 
793 444 917 468 981 510 
793 444 917 468 977 513 
794 444 917 469 977 514 
793 444 916 469 977 515 
794 444 916 469 973 519 
795 445 916 469 973 519 
795 445 915 469 972 520 
795 445 915 469 968 524 
795 445 915 470 968 524 
794 445 915 470 966 524 
795 445 914 469 966 525 
795 444 915 470 961 529 
794 444 915 470 961 529 
795 444 915 470 961 530 
796 444 914 469 958 532 
796 444 914 469 958 532 
796 443 914 469 958 532 
795 444 914 470 957 532 
796 444 914 470 956 532 
796 444 915 470 955 532 
796 444 914 470 952 534 
797 444 914 469 953 535 
797 444 914 469 953 536 
796 443 914 469 951 536 
797 443 913 470 949 536 
797 443 914 470 949 537 
797 443 914 470 947 537 
797 443 914 469 946 538 
798 443 914 469 944 537 
799 444 914 469 945 539 
799 444 914 469 943 538 
800 444 914 469 943 540 
799 443 914 469 943 540 
799 443 914 469 943 540 
799 442 914 469 943 540 
799 442 913 469 943 540 
799 443 913 469 942 540 
799 443 913 469 943 540 
800 443 913 469 943 540 
799 443 913 470 944 540 
799 443 913 470 945 540 
799 444 914 470 946 540 
799 444 914 469 947 539 
799 444 913 470 948 539 
798 444 914 470 949 539 
797 442 914 470 954 535 
796 442 915 470 956 535 
797 444 915 470 959 531 
796 443 915 469 960 530 
796 443 915 469 964 526 
797 444 915 470 968 522 
797 444 916 470 969 522 
797 444 916 470 975 518 
796 444 916 469 979 513 
796 444 916 469 980 512 
796 443 916 468 985 507 
796 443 916 468 989 501 
795 443 916 468 991 497 
795 444 915 467 992 492 
795 444 916 467 993 487 
794 443 916 466 995 483 
795 444 915 465 995 479 
794 443 916 465 995 478 
795 444 916 465 995 476 
795 444 916 465 995 476 
795 444 917 464 996 474 
795 444 916 463 996 473 
794 444 916 462 996 471 
793 443 917 462 996 470 
795 445 917 461 996 469 
795 444 917 461 996 468 
795 444 917 460 997 468 
795 444 917 460 997 466 
795 444 917 460 997 465 
795 444 917 459 997 464 
795 444 917 458 997 463 
794 443 917 458 997 463 
794 444 917 458 997 463 
793 444 918 459 996 463 
794 445 918 458 996 463 
794 444 918 458 996 463 
793 443 918 458 996 463 
794 444 918 458 996 462 
794 443 918 458 996 462 
793 444 918 457 996 462 
794 444 918 457 996 461 
794 444 918 457 996 461 
794 444 917 457 996 460 
794 444 918 458 996 461 
794 444 918 458 996 461 
794 444 918 458 996 462 
793 443 917 458 996 462 
793 444 918 459 996 463 
793 443 918 459 996 462 
793 444 918 458 996 462 
794 444 917 458 997 461 
794 444 917 457 997 461 
793 444 918 457 997 460 
793 444 918 457 997 460 
793 444 918 457 996 459 
793 444 917 457 996 460 
793 444 917 458 996 460 
793 444 918 458 996 461 
793 444 918 458 997 462 
793 444 918 458 997 462 
793 443 917 458 997 462 
793 444 918 458 997 462 
794 444 918 458 996 461 
794 444 918 458 996 463 
793 444 918 459 996 464 
793 444 918 459 996 465 
793 443 918 460 996 466 
794 444 918 461 995 468 
794 444 917 461 994 470 
793 444 917 462 994 472 
793 443 917 462 994 475 
794 444 917 463 994 477 
793 444 917 464 994 479 
793 444 917 465 993 480 
794 443 917 465 993 482 
794 444 917 465 993 483 
794 443 917 466 993 484 
793 443 917 465 993 485 
795 444 918 466 992 486 
794 443 917 466 991 489 
793 443 917 466 990 489 
794 444 918 467 989 490 
794 444 917 468 988 493 
793 443 917 468 988 495 
795 444 917 468 987 496 
794 443 917 468 986 499 
794 444 917 469 985 500 
794 444 917 469 985 501 
793 443 917 469 984 502 
795 444 917 469 983 503 
795 444 916 469 983 506 
794 444 916 469 982 506 
794 444 916 469 979 510 
794 443 916 469 979 510 
794 444 916 470 978 512 
794 444 916 470 977 513 
794 444 916 471 974 518 
794 443 916 471 974 520 
795 443 915 470 973 521 
795 444 916 471 972 521 
795 444 916 471 970 522 
795 444 916 471 970 523 
795 444 916 471 968 523 
795 444 916 471 964 528 
795 444 916 471 964 528 
795 443 915 472 964 528 
795 443 915 471 962 528 
796 444 915 471 957 532 
796 444 915 471 957 532 
796 444 914 471 952 535 
797 444 914 471 952 534 
797 443 914 471 951 534 
797 443 913 471 950 535 
797 443 914 472 947 538 
797 443 914 472 945 537 
798 443 914 471 945 538 
798 443 914 471 944 538 
798 443 913 471 944 539 
798 443 913 471 943 539 
799 443 913 471 942 539 
799 443 913 471 943 539 
799 443 913 471 943 539 
799 443 914 471 942 539 
799 443 913 471 942 539 
800 443 913 471 942 538 
799 443 914 471 942 539 
799 443 913 471 942 539 
799 443 913 471 943 539 
799 442 914 471 943 540 
799 442 913 471 943 540 
799 442 913 471 942 539 
798 442 913 472 943 540 
800 443 913 472 944 540 
799 443 913 472 943 539 
