738 450 816 455 831 536 
738 450 816 455 831 536 
738 450 816 455 831 536 
738 450 815 455 831 537 
738 450 816 455 830 536 
738 449 816 455 831 536 
738 450 815 455 830 535 
738 450 816 455 830 535 
739 450 816 455 830 536 
738 450 816 455 831 536 
738 450 816 455 830 536 
738 450 815 455 830 535 
737 449 816 455 830 535 
739 451 816 455 830 535 
738 449 816 455 830 535 
738 451 815 455 830 535 
737 449 816 456 831 535 
738 450 816 456 832 536 
738 450 816 456 832 535 
738 450 816 456 831 535 
738 450 816 456 831 535 
739 451 816 456 831 535 
738 450 816 456 832 535 
738 450 816 456 832 534 
738 450 816 456 833 534 
739 451 815 456 833 535 
738 450 815 456 834 535 
737 449 815 456 834 534 
738 450 815 456 834 534 
737 450 815 456 833 532 
737 450 815 456 834 531 
737 450 815 456 835 531 
737 450 815 456 836 530 
737 450 815 456 837 530 
736 450 815 456 838 527 
737 450 815 456 838 527 
737 450 815 456 840 527 
737 450 815 456 841 526 
737 450 815 456 841 524 
736 449 816 456 841 523 
736 451 815 456 845 520 
736 450 815 456 844 521 
736 450 814 455 844 520 
736 450 816 455 845 518 
736 450 816 455 847 516 
736 451 815 455 846 515 
736 450 815 455 849 511 
736 450 815 454 848 510 
736 451 816 455 849 508 
736 451 816 454 851 506 
735 450 816 455 851 502 
736 451 815 454 851 501 
735 450 816 454 851 500 
735 451 816 454 855 496 
735 451 816 454 856 493 
735 451 816 454 857 490 
735 451 816 453 857 486 
734 450 816 452 859 484 
735 451 817 452 859 479 
735 451 817 452 858 477 
736 452 818 451 861 473 
735 451 818 450 860 471 
734 450 818 449 862 467 
734 451 818 448 861 464 
735 451 817 448 862 460 
734 450 819 447 862 457 
734 451 817 446 863 452 
733 451 818 444 863 449 
734 451 817 443 863 445 
734 451 817 441 863 442 
734 451 817 440 864 439 
734 451 817 439 864 436 
733 451 816 438 864 433 
733 450 816 437 863 431 
733 451 816 435 863 428 
732 450 816 434 863 425 
732 450 816 434 863 425 
733 451 815 433 863 422 
733 451 815 432 863 420 
732 451 815 432 863 419 
732 451 816 431 863 418 
732 451 816 430 863 415 
732 451 816 430 863 413 
732 451 816 429 863 412 
732 451 816 428 863 411 
732 452 816 427 862 409 
732 451 816 427 862 408 
732 451 816 427 862 408 
732 451 816 427 862 409 
731 451 815 427 861 408 
732 452 816 427 862 409 
732 451 815 427 862 409 
732 451 816 428 862 410 
732 451 816 429 862 411 
732 451 816 430 862 413 
732 451 816 430 862 413 
732 451 816 431 862 413 
731 450 816 431 863 417 
732 452 816 432 864 418 
732 451 816 433 864 419 
732 451 817 433 864 419 
732 451 816 434 863 418 
732 451 817 434 864 419 
732 451 816 433 863 418 
732 451 817 434 864 419 
732 452 817 434 864 419 
732 451 816 434 863 420 
732 451 817 435 864 421 
733 451 817 436 864 423 
733 451 816 438 864 426 
733 452 817 440 864 429 
733 452 817 441 865 432 
733 451 816 443 865 436 
732 451 817 444 865 440 
733 451 816 447 865 444 
733 452 816 448 865 448 
733 451 815 450 865 451 
733 451 816 452 865 455 
733 451 816 455 865 460 
733 451 815 456 865 462 
733 451 815 457 864 465 
733 452 815 458 864 466 
733 451 815 460 864 469 
733 451 816 460 864 469 
733 451 816 461 863 469 
733 452 816 462 863 470 
732 452 817 463 863 470 
732 452 818 463 863 471 
732 452 817 463 862 470 
732 452 817 463 861 470 
733 453 817 463 862 471 
733 454 816 462 860 469 
732 454 816 462 860 468 
732 455 815 462 859 466 
732 455 815 461 858 463 
731 455 813 460 857 459 
730 454 812 459 855 460 
730 454 810 459 853 458 
729 454 808 458 853 460 
729 453 808 459 853 461 
729 453 809 461 852 464 
729 454 808 461 852 466 
730 454 809 462 853 469 
731 454 810 462 854 469 
731 454 811 462 855 467 
732 454 812 461 856 467 
732 454 812 461 857 464 
733 455 813 460 857 463 
733 454 814 460 859 462 
733 454 813 459 858 460 
732 454 814 459 860 460 
732 454 813 458 860 457 
731 454 814 457 860 456 
730 454 814 456 861 455 
730 454 814 456 862 454 
730 454 815 455 862 452 
730 454 815 456 863 453 
730 454 815 457 863 454 
731 455 815 457 864 455 
731 455 815 458 863 458 
731 455 815 460 863 460 
731 454 815 460 863 461 
731 454 815 461 863 463 
731 454 815 461 863 464 
730 453 815 461 862 463 
731 454 815 461 861 462 
731 454 814 460 862 462 
731 455 814 460 861 459 
731 454 814 459 861 458 
731 454 814 459 861 458 
731 454 814 458 860 456 
731 454 814 459 860 457 
731 454 814 460 860 458 
731 455 813 460 860 461 
731 454 814 460 860 461 
731 454 814 462 859 464 
732 454 814 462 859 465 
731 454 814 462 859 466 
731 454 814 462 860 468 
731 454 814 463 860 469 
731 454 815 463 859 470 
731 454 814 464 859 473 
731 454 814 465 858 476 
732 454 814 465 856 479 
732 454 814 464 855 482 
732 453 813 464 855 485 
732 453 813 464 854 485 
731 453 813 464 853 485 
732 453 813 464 851 488 
732 453 813 464 852 490 
732 453 813 464 853 491 
732 453 813 463 852 492 
732 453 813 463 852 493 
732 453 813 463 851 495 
732 453 812 463 850 497 
732 453 812 463 849 499 
732 454 812 462 849 501 
732 453 812 462 849 503 
732 453 812 462 848 505 
732 453 812 463 847 506 
732 453 812 462 846 506 
733 453 812 463 846 507 
733 453 812 463 845 507 
733 453 812 463 845 508 
733 453 812 462 845 509 
733 453 812 463 844 510 
733 453 812 463 844 511 
733 453 812 463 844 512 
733 454 812 462 842 513 
733 453 812 462 842 515 
733 453 813 462 840 517 
733 453 813 462 840 519 
733 453 813 462 839 520 
733 453 813 462 837 521 
734 453 813 462 837 522 
734 453 813 461 836 523 
734 453 813 462 835 524 
734 453 813 462 835 524 
734 453 813 462 834 524 
734 453 813 462 834 525 
734 453 813 461 833 525 
735 453 813 462 833 526 
735 453 813 462 833 526 
735 453 813 462 832 527 
735 453 813 462 833 528 
736 453 813 462 832 527 
736 453 813 462 832 527 
736 452 814 462 833 529 
735 452 814 462 831 527 
736 452 814 462 832 529 
737 452 814 462 831 529 
737 452 814 462 830 529 
737 452 814 462 830 530 
737 452 814 462 829 530 
738 451 815 462 829 531 
738 451 814 462 828 532 
738 451 815 461 827 532 
738 451 814 462 826 533 
739 451 815 462 825 533 
738 451 815 462 824 533 
738 451 814 462 823 533 
738 451 815 462 823 533 
738 451 815 462 822 533 
738 451 815 461 822 533 
738 451 815 461 822 533 
738 451 814 461 821 533 
738 451 815 461 822 533 
738 451 815 462 822 533 
738 452 814 462 822 533 
738 451 815 462 823 533 
738 451 815 462 823 533 
738 451 814 462 823 533 
738 451 815 462 823 532 
738 451 814 462 824 532 
738 451 814 462 825 532 
738 452 815 463 826 532 
738 452 815 462 826 532 
738 452 814 463 827 531 
737 452 815 463 828 530 
737 452 814 463 829 529 
737 452 814 462 829 529 
737 452 815 463 831 529 
737 452 814 463 831 527 
737 452 814 463 831 526 
737 452 814 463 832 525 
737 452 814 463 832 524 
736 452 814 463 836 521 
736 452 814 464 835 519 
736 451 814 463 836 519 
736 452 814 464 839 515 
736 452 814 464 840 515 
735 451 814 464 843 512 
735 452 813 464 842 511 
735 452 814 464 844 511 
735 452 814 463 846 507 
735 452 814 464 846 506 
735 452 814 463 849 502 
735 452 814 464 849 500 
734 452 814 464 852 496 
735 452 814 464 853 493 
734 452 814 463 853 489 
734 452 814 463 855 489 
734 452 814 462 855 485 
734 452 814 463 855 483 
734 452 814 463 856 482 
734 452 815 463 857 481 
734 452 814 463 857 479 
734 452 814 463 858 478 
734 452 814 462 859 475 
733 452 814 462 859 473 
734 452 814 462 859 471 
734 452 814 461 859 469 
734 452 815 461 860 467 
734 452 815 461 860 465 
734 452 816 462 861 465 
734 452 816 462 861 464 
734 452 815 462 861 464 
734 452 816 462 861 464 
733 452 816 462 861 464 
733 452 816 461 861 462 
733 453 815 461 861 461 
734 453 816 460 861 460 
734 453 816 460 860 457 
734 453 816 460 861 458 
734 453 816 460 861 455 
734 453 816 459 861 456 
734 453 816 459 861 456 
734 453 816 459 861 456 
734 453 816 459 861 456 
733 453 816 459 861 455 
733 453 816 458 861 455 
734 453 816 459 861 455 
734 453 816 459 861 455 
734 454 816 459 861 455 
734 453 816 459 861 457 
734 453 816 460 861 457 
733 453 816 460 861 457 
734 453 816 459 861 456 
734 453 816 460 861 456 
733 452 816 459 860 454 
734 454 816 458 860 453 
734 454 816 458 860 453 
734 453 816 458 860 452 
734 453 817 459 861 452 
734 453 817 459 861 453 
733 452 817 459 861 453 
734 454 817 459 861 454 
734 453 816 458 861 454 
734 453 816 460 861 455 
734 453 816 459 861 456 
734 454 816 460 861 457 
733 453 816 460 861 458 
734 453 816 461 861 460 
734 453 816 461 860 460 
734 453 816 462 861 461 
734 453 817 463 861 462 
734 453 816 463 861 463 
734 453 816 462 860 464 
733 453 816 463 860 465 
734 453 817 464 860 466 
734 453 816 464 860 467 
734 453 816 464 860 469 
734 453 816 464 859 470 
733 453 816 465 859 471 
734 453 815 465 858 474 
734 453 816 465 858 474 
734 453 815 465 858 476 
734 453 815 465 858 477 
734 453 815 466 858 479 
734 453 815 466 857 481 
734 453 816 465 857 483 
734 453 815 465 856 485 
734 453 815 465 855 487 
734 453 815 466 855 490 
734 453 814 465 854 491 
734 453 815 465 852 494 
734 452 815 466 852 496 
734 453 815 466 851 499 
735 453 814 465 851 501 
734 453 814 464 847 505 
734 452 814 465 848 506 
734 453 814 465 847 507 
735 453 814 465 847 508 
735 452 814 465 846 509 
735 452 814 465 843 513 
735 452 814 465 843 514 
735 452 814 465 843 514 
735 453 814 465 842 514 
736 453 814 465 838 517 
735 453 814 464 839 518 
735 453 815 465 839 519 
736 453 814 465 835 523 
736 453 814 465 834 522 
736 453 814 465 834 523 
736 453 814 465 830 526 
736 452 814 464 831 526 
737 452 814 464 831 526 
737 452 814 464 831 526 
737 452 814 464 831 527 
737 452 814 464 830 526 
736 452 814 464 830 527 
737 452 815 464 830 527 
737 452 815 464 829 527 
737 452 815 464 829 528 
737 452 815 464 827 527 
737 452 815 464 828 528 
737 452 815 464 826 529 
738 452 815 464 826 529 
739 452 815 464 825 529 
738 452 815 464 824 530 
739 452 815 464 824 529 
739 451 814 463 823 530 
739 451 815 463 822 530 
739 451 815 463 821 530 
740 451 815 463 821 530 
740 451 814 463 820 531 
740 451 815 464 819 530 
740 451 816 464 819 531 
740 451 816 464 819 531 
740 451 815 464 820 531 
740 451 815 464 822 531 
739 451 815 464 823 531 
739 451 815 464 824 530 
738 451 815 464 824 530 
738 451 815 464 825 529 
738 451 815 465 826 529 
738 451 815 465 827 528 
738 451 814 464 827 528 
737 451 815 465 831 524 
737 451 815 465 832 524 
737 452 814 465 836 521 
737 452 814 465 835 519 
737 452 815 466 840 516 
736 451 815 466 842 514 
737 452 815 465 845 509 
737 452 815 465 848 505 
737 451 814 464 848 504 
737 452 814 464 851 499 
737 452 815 465 854 494 
737 452 816 464 855 491 
737 452 815 465 856 487 
737 452 816 465 857 484 
736 452 817 464 858 481 
736 452 815 464 859 478 
736 452 816 464 860 476 
736 452 815 464 859 474 
736 452 815 463 859 473 
736 452 815 463 860 472 
736 452 816 464 861 471 
736 452 817 464 861 470 
736 452 816 463 861 469 
736 452 817 463 861 468 
736 452 816 462 862 465 
736 453 817 463 862 464 
735 453 817 462 862 463 
735 453 817 462 862 461 
735 453 816 461 862 461 
735 453 817 461 861 460 
736 453 816 461 861 459 
736 453 816 462 862 460 
736 453 817 461 861 459 
736 453 816 461 861 459 
736 453 816 461 861 459 
736 453 816 461 860 458 
736 452 816 461 860 457 
736 453 817 461 859 456 
736 453 817 461 860 457 
736 453 817 461 860 457 
736 453 817 461 860 456 
736 453 817 461 860 456 
736 453 817 461 860 456 
736 453 817 461 859 456 
735 452 817 461 860 457 
735 453 817 461 860 458 
735 453 816 462 859 457 
735 453 816 462 861 458 
735 453 817 462 860 457 
735 453 817 462 860 457 
735 453 817 462 860 457 
735 453 816 461 860 457 
736 453 817 461 860 457 
736 453 817 461 860 456 
735 453 817 461 860 456 
735 453 816 461 860 456 
735 453 816 461 860 457 
734 452 816 462 860 457 
735 453 817 462 860 457 
736 453 817 462 860 458 
735 453 817 462 860 458 
735 453 817 462 860 459 
735 453 817 462 860 459 
736 453 817 462 860 459 
735 453 816 462 860 459 
735 453 816 462 859 459 
735 453 816 463 860 462 
735 453 816 463 860 461 
736 453 816 463 859 464 
736 453 816 464 859 465 
735 453 816 464 859 468 
735 453 816 465 859 469 
735 453 817 466 858 471 
735 453 817 466 858 471 
735 452 817 467 858 473 
735 453 816 466 857 474 
735 453 816 466 857 474 
735 453 816 466 857 476 
736 453 817 466 857 476 
736 453 816 466 856 478 
736 452 816 466 856 478 
736 453 816 467 856 481 
736 453 816 467 855 481 
736 453 816 468 855 484 
736 453 817 467 855 485 
735 453 816 468 854 486 
736 453 816 467 853 489 
736 454 816 467 853 490 
736 453 816 467 852 493 
736 453 816 467 852 496 
736 452 816 467 852 496 
736 452 816 467 852 497 
736 452 816 467 851 499 
736 453 816 467 850 499 
736 452 816 467 850 501 
736 453 816 467 847 504 
736 452 816 467 847 503 
736 453 816 467 846 504 
736 453 815 467 845 505 
736 453 815 467 843 509 
736 453 814 467 842 509 
736 452 814 466 842 511 
736 453 814 466 838 514 
736 453 814 466 839 514 
736 453 814 466 835 517 
737 453 814 466 835 517 
737 453 814 466 836 518 
737 453 814 466 835 518 
737 453 814 465 832 521 
737 453 814 466 832 521 
737 453 814 466 832 521 
737 452 814 466 830 520 
738 453 814 466 830 522 
737 452 814 465 830 522 
738 452 814 466 830 523 
739 452 814 465 828 522 
738 452 814 465 827 525 
738 452 814 465 827 525 
738 452 814 465 827 525 
738 452 814 465 826 525 
738 452 814 466 827 525 
738 451 814 465 826 525 
739 452 815 465 825 525 
739 452 815 465 825 526 
739 452 815 466 823 526 
740 452 814 465 823 526 
740 452 815 466 822 526 
740 451 815 466 822 526 
740 452 816 466 821 526 
740 451 815 466 822 527 
740 452 815 466 821 527 
739 451 814 465 821 527 
740 452 815 466 821 527 
740 452 814 465 822 527 
740 452 814 465 823 527 
739 452 815 466 823 527 
740 451 815 466 824 527 
739 452 815 466 824 526 
739 452 815 467 825 527 
739 451 815 466 825 526 
739 452 815 466 826 526 
739 452 815 466 829 522 
738 452 815 467 830 523 
738 452 815 466 830 522 
738 451 815 467 834 519 
738 452 815 467 834 518 
738 452 815 468 837 513 
738 452 815 468 841 510 
737 452 816 468 844 507 
737 452 815 468 847 503 
737 452 815 467 849 499 
737 452 815 467 851 495 
737 452 816 467 854 488 
737 452 816 466 855 484 
736 451 816 466 856 480 
737 453 815 466 858 476 
737 452 815 465 858 475 
737 452 816 465 858 474 
737 452 816 465 859 472 
736 452 816 466 859 472 
737 453 816 465 859 470 
737 452 816 465 858 468 
736 452 817 465 859 468 
737 453 817 465 859 467 
737 452 817 464 860 467 
737 452 816 465 860 466 
737 452 817 464 860 465 
737 452 815 464 860 463 
737 452 816 464 860 463 
737 452 817 464 860 462 
737 452 817 464 860 462 
736 452 816 463 860 461 
736 452 816 463 860 461 
736 452 816 463 860 460 
736 452 816 464 860 461 
736 452 816 464 860 461 
737 452 815 463 860 460 
736 453 816 463 860 460 
736 453 816 463 860 460 
736 453 816 463 860 459 
736 453 817 464 860 459 
736 453 816 463 860 459 
735 452 816 463 860 459 
736 453 816 463 861 460 
736 453 816 463 861 460 
737 453 816 463 861 461 
736 453 816 464 861 461 
736 453 816 463 861 461 
736 453 817 464 860 460 
737 453 816 463 861 460 
737 453 816 463 861 459 
737 453 816 463 860 458 
737 453 817 464 861 458 
737 453 816 463 861 458 
737 453 816 463 861 458 
737 453 816 463 861 458 
737 453 817 463 861 458 
736 453 816 463 861 459 
737 454 816 464 861 460 
737 454 816 463 861 461 
737 454 816 464 861 461 
737 453 817 463 861 461 
737 453 817 464 860 460 
736 452 816 463 861 461 
736 452 816 464 861 461 
736 453 817 465 861 462 
737 453 817 465 861 464 
737 453 816 465 860 465 
737 453 817 466 860 467 
736 452 816 466 859 468 
736 453 816 466 859 471 
737 453 816 467 859 473 
736 452 816 466 858 474 
736 453 816 467 858 475 
736 453 816 468 857 475 
736 453 816 468 857 477 
736 452 816 467 857 478 
736 452 815 467 857 480 
736 453 816 468 856 480 
736 453 815 468 856 481 
736 452 816 467 856 482 
736 452 815 468 855 484 
736 453 815 467 854 486 
737 453 815 468 854 487 
736 452 815 467 852 489 
736 453 815 467 853 492 
736 452 815 467 853 492 
736 453 815 468 852 493 
736 453 815 466 852 494 
737 453 814 466 851 495 
737 453 814 467 851 496 
737 453 814 467 850 498 
737 452 814 467 847 502 
736 453 813 466 847 502 
737 453 814 467 847 503 
737 452 814 467 847 505 
737 452 814 468 843 508 
737 453 814 467 843 509 
736 452 814 467 843 510 
738 453 814 467 842 510 
738 453 813 467 842 511 
737 453 814 467 838 515 
737 453 814 466 838 514 
737 453 813 466 839 515 
737 453 813 466 835 518 
737 453 813 466 835 518 
737 453 813 466 833 517 
738 453 813 466 832 520 
738 453 814 466 832 520 
738 452 814 466 828 523 
738 452 814 466 828 524 
738 452 814 467 826 523 
738 452 814 467 827 524 
739 452 813 466 822 526 
739 452 814 466 824 527 
740 452 813 465 822 526 
739 452 814 466 823 527 
739 452 814 466 823 527 
739 451 814 466 821 526 
740 452 814 466 822 528 
740 452 814 465 819 528 
739 451 814 466 818 527 
740 452 814 465 819 527 
741 452 814 466 819 527 
740 452 814 465 819 528 
740 452 813 466 819 528 
740 452 814 466 819 528 
740 452 814 466 819 528 
740 452 813 466 820 528 
740 452 814 466 820 528 
739 451 814 465 820 528 
740 452 814 466 821 529 
741 452 814 466 820 528 
740 451 813 466 820 528 
