0
0
0
0
0
0
0
0
0
0
0
0
0
0
0
0
0
0
0
0
0
0
0
0
0
0
0
0
0
0
0
0
0
0
0
1.85351 -0.660031 -0.745212 2.22795 -0.622627 -0.361317 2.48336 -0.227588 -0.256395 
0
0
0
0
0
0
0
0
0
0
0
0
1.85161 -0.655652 -0.754153 2.2256 -0.639069 -0.370361 2.54343 -0.329717 -0.189065 
1.85076 -0.655804 -0.754896 2.22473 -0.643127 -0.37225 2.5485 -0.346349 -0.181886 
0
1.85055 -0.655805 -0.755471 2.22419 -0.648017 -0.374039 2.55366 -0.363676 -0.174745 
0
0
0
0
0
0
1.84465 -0.65616 -0.753065 2.2174 -0.67656 -0.379566 2.57482 -0.480907 -0.133694 
0
1.84374 -0.655637 -0.753402 2.21568 -0.684928 -0.380999 2.57967 -0.511295 -0.126987 
0
1.84342 -0.655931 -0.755519 2.21313 -0.697436 -0.384469 2.58503 -0.554683 -0.121154 
0
1.84174 -0.656159 -0.756143 2.21101 -0.708251 -0.38751 2.58487 -0.591948 -0.11644 
0
0
0
0
0
0
0
0
0
1.83879 -0.656546 -0.762448 2.19597 -0.764087 -0.404933 2.56983 -0.782882 -0.11521 
1.83965 -0.6568 -0.763189 2.1953 -0.765711 -0.405799 2.56797 -0.790596 -0.115537 
1.8398 -0.657021 -0.763711 2.19415 -0.768497 -0.407117 2.56568 -0.800435 -0.116096 
1.8406 -0.657123 -0.76521 2.19159 -0.773007 -0.408712 2.5612 -0.81656 -0.116829 
1.84058 -0.657067 -0.76552 2.19055 -0.774868 -0.409333 2.55918 -0.821603 -0.116964 
1.84046 -0.657145 -0.765724 2.18872 -0.77801 -0.410086 2.5563 -0.830696 -0.117605 
1.84211 -0.655973 -0.769744 2.1853 -0.784164 -0.411503 2.55084 -0.846227 -0.11861 
0
0
1.83815 -0.657233 -0.766027 2.1835 -0.791881 -0.417082 2.54105 -0.874414 -0.120548 
1.8369 -0.656449 -0.766132 2.17702 -0.797114 -0.413843 2.53566 -0.887188 -0.121466 
0
1.83613 -0.656042 -0.766356 2.1786 -0.799142 -0.418091 2.53161 -0.896938 -0.122298 
0
1.83538 -0.655601 -0.76666 2.17771 -0.799728 -0.418754 2.52966 -0.901507 -0.123002 
0
1.83539 -0.655731 -0.766982 2.17832 -0.798083 -0.4187 2.53077 -0.896058 -0.122751 
1.83562 -0.655778 -0.767085 2.18045 -0.794158 -0.418387 2.53332 -0.888189 -0.122089 
1.83566 -0.655727 -0.767128 2.18077 -0.793337 -0.418258 2.53385 -0.886805 -0.122002 
1.83586 -0.65575 -0.767075 2.18265 -0.790209 -0.417617 2.53696 -0.879292 -0.121424 
1.836 -0.655816 -0.767021 2.18093 -0.788215 -0.413075 2.53999 -0.874459 -0.120765 
0
1.83689 -0.655323 -0.766469 2.18484 -0.780438 -0.411049 2.54698 -0.85739 -0.119076 
0
1.84007 -0.654118 -0.769837 2.18876 -0.771632 -0.409099 2.5533 -0.838211 -0.117261 
0
0
0
0
0
0
0
0
0
0
0
0
0
0
0
0
0
0
1.83842 -0.65364 -0.766108 2.21522 -0.664198 -0.392528 2.5832 -0.619818 -0.102768 
0
1.83836 -0.654095 -0.766756 2.21806 -0.641108 -0.391854 2.58425 -0.571057 -0.106203 
0
0
1.83587 -0.653611 -0.767231 2.22215 -0.626265 -0.391315 2.58556 -0.534693 -0.111781 
0
0
0
0
1.82933 -0.649246 -0.767751 2.2257 -0.619704 -0.392123 2.58758 -0.518913 -0.119365 
0
0
0
1.81787 -0.637829 -0.766104 2.22487 -0.623011 -0.397747 2.5875 -0.52582 -0.130274 
0
0
0
0
1.80695 -0.63414 -0.778396 2.21284 -0.635925 -0.423629 2.59159 -0.575215 -0.160211 
0
0
0
0
0
0
1.81622 -0.641786 -0.775112 2.21244 -0.622247 -0.431172 2.59311 -0.519498 -0.172332 
0
0
0
0
1.82265 -0.639694 -0.763733 2.22344 -0.630469 -0.413256 2.60089 -0.56305 -0.141749 
0
1.81991 -0.63821 -0.7672 2.21656 -0.634723 -0.412236 2.58903 -0.579025 -0.134306 
1.81843 -0.638273 -0.769784 2.21262 -0.638211 -0.412447 2.58634 -0.587707 -0.133569 
0
1.81459 -0.638462 -0.774061 2.2039 -0.647392 -0.412117 2.57383 -0.611455 -0.126435 
0
0
0
0
0
0
1.81477 -0.639061 -0.774547 2.20229 -0.635427 -0.404528 2.56393 -0.587504 -0.114892 
0
1.81807 -0.638046 -0.779925 2.20503 -0.628701 -0.404837 2.56546 -0.561307 -0.120559 
1.81666 -0.639723 -0.776703 2.20601 -0.628194 -0.405372 2.56395 -0.558352 -0.121317 
1.81669 -0.640361 -0.77692 2.20729 -0.62998 -0.406881 2.56428 -0.560929 -0.122534 
1.81862 -0.639071 -0.780583 2.20757 -0.631319 -0.407551 2.5648 -0.566383 -0.123036 
0
1.81599 -0.639028 -0.776578 2.20807 -0.637765 -0.410798 2.56901 -0.586769 -0.124897 
1.81775 -0.637581 -0.780107 2.20825 -0.639104 -0.41138 2.57 -0.592492 -0.125584 
0
0
0
1.81487 -0.639127 -0.774918 2.21272 -0.638491 -0.413287 2.5809 -0.591101 -0.132969 
0
0
0
0
0
0
1.8176 -0.640999 -0.772128 2.21561 -0.621859 -0.407456 2.57996 -0.524806 -0.136524 
1.81791 -0.640939 -0.771888 2.21611 -0.621203 -0.407097 2.57881 -0.516718 -0.137554 
0
0
0
0
1.82058 -0.642422 -0.770501 2.22322 -0.618297 -0.407728 2.58058 -0.440367 -0.1656 
0
1.82176 -0.642831 -0.770228 2.22569 -0.619139 -0.408498 2.58052 -0.424451 -0.172972 
0
1.82246 -0.642893 -0.77012 2.22738 -0.619661 -0.408892 2.58103 -0.412198 -0.179137 
0
0
0
1.82178 -0.642723 -0.769957 2.22577 -0.617478 -0.406206 2.56455 -0.380002 -0.18688 
0
0
1.82185 -0.642709 -0.769551 2.22309 -0.614078 -0.402813 2.55072 -0.34457 -0.199492 
0
1.82249 -0.643327 -0.768059 2.2233 -0.613155 -0.402067 2.54237 -0.327526 -0.207131 
0
1.82432 -0.64352 -0.767334 2.22555 -0.613984 -0.402757 2.54287 -0.318185 -0.214517 
1.82504 -0.643526 -0.767058 2.22641 -0.614452 -0.403153 2.54128 -0.317009 -0.215896 
0
1.82584 -0.64356 -0.766094 2.22842 -0.615213 -0.403733 2.54194 -0.308527 -0.223879 
0
0
0
0
0
0
0
0
0
1.8297 -0.644404 -0.761445 2.22437 -0.611091 -0.39615 2.49663 -0.242763 -0.267337 
0
0
0
0
0
0
0
0
0
0
0
0
0
0
0
0
0
0
0
0
0
0
0
0
0
0
0
0
0
0
0
0
0
0
0
0
0
0
0
0
0
0
0
0
0
0
0
0
0
0
1.84857 -0.652858 -0.746641 2.23878 -0.607379 -0.384837 2.49775 -0.218676 -0.29256 
1.84671 -0.652972 -0.746771 2.23856 -0.607588 -0.385116 2.50626 -0.22681 -0.284842 
0
0
0
0
0
0
0
1.84302 -0.651907 -0.753349 2.23943 -0.612232 -0.389121 2.55439 -0.3034 -0.222741 
1.84212 -0.651945 -0.753615 2.23957 -0.612883 -0.38977 2.55601 -0.313075 -0.215387 
0
1.84676 -0.649036 -0.763074 2.2398 -0.614892 -0.391737 2.56542 -0.338569 -0.199608 
1.84089 -0.650571 -0.75723 2.23985 -0.616131 -0.392847 2.56938 -0.350995 -0.19232 
1.84111 -0.650487 -0.758619 2.23988 -0.619141 -0.394953 2.57285 -0.377109 -0.17931 
1.83932 -0.650191 -0.758825 2.23958 -0.620312 -0.395762 2.57916 -0.38543 -0.177417 
1.83878 -0.649972 -0.759377 2.23935 -0.622423 -0.396955 2.58077 -0.401442 -0.170943 
1.8381 -0.649664 -0.759982 2.2391 -0.624407 -0.398263 2.5836 -0.419571 -0.164126 
0
1.83697 -0.649367 -0.760216 2.23853 -0.625642 -0.399366 2.58764 -0.439662 -0.15686 
0
1.83646 -0.64958 -0.760731 2.23859 -0.624746 -0.400262 2.58806 -0.45808 -0.149448 
0
1.83619 -0.649757 -0.761898 2.23703 -0.625893 -0.401531 2.58765 -0.480191 -0.142291 
1.83619 -0.649672 -0.76213 2.2364 -0.626822 -0.401855 2.58836 -0.48733 -0.141298 
1.83599 -0.649481 -0.762383 2.23534 -0.628657 -0.402465 2.58451 -0.499584 -0.136466 
1.83646 -0.64923 -0.763042 2.23365 -0.630956 -0.402949 2.58781 -0.51465 -0.135301 
1.83554 -0.648893 -0.76325 2.23247 -0.632432 -0.402958 2.58331 -0.526802 -0.130799 
1.83461 -0.648566 -0.762951 2.23159 -0.633892 -0.402906 2.58486 -0.536218 -0.129656 
0
0
0
0
0
0
1.83511 -0.647295 -0.764011 2.22795 -0.639095 -0.403528 2.57714 -0.565743 -0.124317 
1.83704 -0.646019 -0.767825 2.22733 -0.640723 -0.403704 2.57715 -0.572555 -0.124326 
0
1.83464 -0.646782 -0.763783 2.22647 -0.645732 -0.40332 2.57998 -0.588329 -0.12456 
0
0
0
0
0
0
0
0
0
0
0
1.83026 -0.643317 -0.760792 2.22464 -0.650719 -0.402713 2.57982 -0.60234 -0.125365 
1.83035 -0.643337 -0.760846 2.22471 -0.64973 -0.402908 2.57878 -0.599749 -0.125481 
1.83056 -0.643613 -0.761113 2.22437 -0.649247 -0.403221 2.57792 -0.598909 -0.125568 
1.83072 -0.643815 -0.761607 2.2235 -0.650365 -0.403743 2.57772 -0.601933 -0.1258 
0
1.83076 -0.643838 -0.761968 2.22239 -0.65398 -0.403795 2.57779 -0.610786 -0.125692 
0
0
0
0
0
0
0
0
0
0
0
1.83043 -0.643422 -0.762201 2.2223 -0.644348 -0.401112 2.57643 -0.592594 -0.123234 
0
1.82979 -0.643402 -0.76157 2.22346 -0.63795 -0.399498 2.57545 -0.575084 -0.123014 
1.82982 -0.643452 -0.761553 2.22385 -0.636532 -0.399113 2.5747 -0.571872 -0.122897 
1.8298 -0.643702 -0.761642 2.22416 -0.634396 -0.39854 2.57433 -0.565129 -0.123062 
1.82973 -0.643875 -0.761812 2.22481 -0.632344 -0.398166 2.57297 -0.557262 -0.123555 
0
1.83109 -0.644089 -0.76319 2.22562 -0.629679 -0.397744 2.57744 -0.54523 -0.128071 
1.83012 -0.644047 -0.76315 2.22628 -0.628583 -0.397541 2.57583 -0.538184 -0.128721 
0
0
0
1.83062 -0.644397 -0.763311 2.22931 -0.622382 -0.396419 2.57603 -0.508484 -0.135096 
1.8307 -0.644498 -0.763225 2.23002 -0.621231 -0.396133 2.57344 -0.500726 -0.135785 
0
1.83059 -0.644743 -0.763225 2.23136 -0.618494 -0.395279 2.57424 -0.481372 -0.141974 
1.83169 -0.64504 -0.763595 2.23184 -0.617566 -0.394998 2.57211 -0.473716 -0.143328 
1.83065 -0.644855 -0.763305 2.23232 -0.616452 -0.394379 2.57199 -0.460585 -0.148723 
1.83065 -0.644899 -0.763291 2.23242 -0.615715 -0.394124 2.56987 -0.454543 -0.149633 
1.83173 -0.645004 -0.763629 2.23284 -0.614658 -0.393729 2.57186 -0.443697 -0.154639 
0
1.83166 -0.645045 -0.763355 2.23337 -0.612583 -0.392602 2.5658 -0.418559 -0.162466 
1.83167 -0.645145 -0.763106 2.2339 -0.611241 -0.392198 2.5652 -0.40698 -0.167882 
0
1.83585 -0.643695 -0.768542 2.2349 -0.609368 -0.391509 2.55442 -0.381549 -0.177436 
0
1.83077 -0.645473 -0.760507 2.2359 -0.607414 -0.390742 2.54599 -0.352951 -0.192088 
1.83101 -0.64549 -0.760149 2.23652 -0.606862 -0.390537 2.54231 -0.339063 -0.199349 
1.83201 -0.646145 -0.759858 2.23706 -0.606269 -0.390342 2.53821 -0.327453 -0.206531 
0
1.83322 -0.64649 -0.758832 2.2378 -0.60474 -0.389407 2.52759 -0.302828 -0.221728 
1.83478 -0.64676 -0.758893 2.238 -0.604257 -0.389044 2.52537 -0.293339 -0.228705 
1.83478 -0.646755 -0.757777 2.23838 -0.603611 -0.388497 2.51833 -0.282983 -0.236703 
1.83588 -0.647178 -0.757814 2.2385 -0.603489 -0.388242 2.51447 -0.278639 -0.238408 
1.83639 -0.647201 -0.757323 2.23851 -0.603277 -0.38775 2.51315 -0.27335 -0.244508 
0
1.83729 -0.6472 -0.756329 2.23818 -0.60253 -0.386623 2.50757 -0.258304 -0.258194 
0
1.83721 -0.647105 -0.753274 2.23813 -0.601738 -0.385494 2.49419 -0.241479 -0.275428 
0
0
1.8393 -0.647655 -0.751836 2.23894 -0.601185 -0.384486 2.47621 -0.218423 -0.299643 
0
0
0
1.84328 -0.647758 -0.74945 2.24142 -0.601313 -0.384219 2.46413 -0.198924 -0.323375 
0
0
1.84375 -0.648641 -0.746239 2.24238 -0.601818 -0.383579 2.45956 -0.190961 -0.332119 
0
0
0
0
0
0
0
0
0
0
0
0
0
0
0
0
0
0
0
0
0
0
0
0
0
0
0
0
0
0
0
0
0
1.84642 -0.652916 -0.746236 2.2479 -0.601783 -0.381669 2.53679 -0.268476 -0.243245 
1.8456 -0.653051 -0.747111 2.24916 -0.604112 -0.383538 2.5466 -0.292962 -0.222006 
1.84595 -0.652781 -0.747319 2.24955 -0.60496 -0.384193 2.552 -0.302962 -0.21412 
0
1.8458 -0.652266 -0.749955 2.24933 -0.608966 -0.38658 2.56957 -0.350505 -0.183739 
1.84956 -0.649652 -0.756286 2.24891 -0.610085 -0.386993 2.57184 -0.36463 -0.176588 
1.84434 -0.650745 -0.75026 2.24805 -0.611471 -0.387555 2.57904 -0.383052 -0.169046 
1.84344 -0.650202 -0.750539 2.24655 -0.614408 -0.388686 2.58415 -0.414538 -0.156237 
0
1.8426 -0.649847 -0.750932 2.24494 -0.61798 -0.390136 2.58957 -0.44238 -0.148494 
1.84103 -0.649706 -0.751341 2.24377 -0.620803 -0.391593 2.59094 -0.466425 -0.142129 
1.84061 -0.649545 -0.751775 2.24346 -0.621528 -0.392066 2.59312 -0.473305 -0.141362 
0
1.83978 -0.649576 -0.75234 2.24221 -0.622056 -0.393127 2.59214 -0.494939 -0.13406 
0
1.83973 -0.649675 -0.752695 2.24055 -0.622244 -0.393167 2.58605 -0.507292 -0.127865 
1.8397 -0.64969 -0.752932 2.2383 -0.623227 -0.393071 2.58738 -0.517306 -0.125852 
0
1.83942 -0.649314 -0.75316 2.23524 -0.626438 -0.393448 2.58098 -0.530635 -0.120497 
1.83996 -0.648712 -0.754231 2.23263 -0.629263 -0.393515 2.58151 -0.543965 -0.119782 
0
0
0
1.83707 -0.647335 -0.753074 2.23004 -0.639173 -0.394068 2.57795 -0.573578 -0.115368 
1.8368 -0.6472 -0.752976 2.23017 -0.640647 -0.394399 2.57884 -0.577398 -0.1155 
1.83662 -0.646965 -0.752953 2.23103 -0.641269 -0.395172 2.58028 -0.583692 -0.116354 
1.83665 -0.646882 -0.752943 2.23139 -0.641411 -0.395682 2.58045 -0.584869 -0.116619 
0
0
0
0
0
0
0
0
0
0
1.83506 -0.644748 -0.752955 2.23287 -0.648248 -0.398502 2.58914 -0.599175 -0.125 
1.83488 -0.64477 -0.753457 2.23265 -0.646855 -0.398485 2.58805 -0.597123 -0.124827 
0
1.84095 -0.642745 -0.762189 2.23163 -0.643845 -0.398218 2.58592 -0.590391 -0.124214 
1.84107 -0.642856 -0.762371 2.23119 -0.643109 -0.397938 2.58516 -0.58965 -0.123666 
1.84115 -0.642905 -0.762421 2.2308 -0.642882 -0.397664 2.58436 -0.589739 -0.122922 
0
0
0
1.83591 -0.644068 -0.755461 2.22949 -0.646241 -0.396788 2.57921 -0.600353 -0.118391 
1.83479 -0.643852 -0.755192 2.2295 -0.646618 -0.396794 2.57949 -0.600878 -0.1184 
1.83463 -0.643801 -0.755382 2.22948 -0.646686 -0.396905 2.57952 -0.601371 -0.118567 
0
0
0
0
0
0
0
0
0
0
0
0
0
1.83441 -0.644253 -0.755938 2.23113 -0.632756 -0.394302 2.58329 -0.56308 -0.121973 
1.8343 -0.64426 -0.755986 2.23162 -0.630468 -0.393817 2.58111 -0.555538 -0.1222 
0
0
1.83463 -0.644715 -0.755697 2.23449 -0.622789 -0.392437 2.58197 -0.523919 -0.128274 
1.83617 -0.645916 -0.755792 2.23576 -0.620838 -0.392182 2.58453 -0.507976 -0.132983 
0
1.83705 -0.646056 -0.755527 2.23676 -0.619653 -0.391737 2.5829 -0.4977 -0.135007 
1.83636 -0.646428 -0.753344 2.23754 -0.618955 -0.391357 2.58111 -0.490412 -0.135928 
0
1.83642 -0.646338 -0.753119 2.23789 -0.618282 -0.390865 2.58406 -0.478638 -0.141058 
1.83581 -0.646739 -0.753223 2.23807 -0.617157 -0.390376 2.58137 -0.471748 -0.141674 
0
0
1.83579 -0.646912 -0.75326 2.23843 -0.613975 -0.389074 2.57771 -0.449424 -0.147984 
0
1.83578 -0.647231 -0.753222 2.2391 -0.611638 -0.388547 2.57609 -0.43186 -0.153931 
1.83575 -0.646923 -0.753117 2.23956 -0.60994 -0.388033 2.57311 -0.415492 -0.159868 
1.83573 -0.646951 -0.75306 2.2398 -0.609374 -0.387845 2.57079 -0.408541 -0.161764 
1.83571 -0.647274 -0.753017 2.24028 -0.608366 -0.387686 2.56983 -0.397893 -0.166843 
0
0
0
1.83663 -0.647153 -0.752635 2.24166 -0.604133 -0.386561 2.55316 -0.355106 -0.185017 
0
1.83673 -0.647084 -0.752421 2.24174 -0.603453 -0.386314 2.55059 -0.344634 -0.191443 
1.83737 -0.647035 -0.752654 2.24189 -0.603057 -0.386108 2.55056 -0.335552 -0.197697 
0
1.8369 -0.646944 -0.75209 2.24225 -0.602307 -0.385706 2.54492 -0.32366 -0.205787 
1.83678 -0.646497 -0.751901 2.24256 -0.601599 -0.385465 2.53839 -0.309998 -0.214347 
0
0
1.83711 -0.646444 -0.751348 2.24372 -0.599756 -0.384998 2.52227 -0.280643 -0.23734 
1.83806 -0.646529 -0.751529 2.2441 -0.599468 -0.384813 2.52114 -0.273326 -0.243845 
1.83834 -0.646611 -0.751158 2.24449 -0.599193 -0.384642 2.51622 -0.264626 -0.251649 
0
1.83932 -0.646852 -0.750511 2.24529 -0.598518 -0.384271 2.50651 -0.248746 -0.267131 
1.83978 -0.646848 -0.749889 2.24574 -0.598282 -0.384042 2.4993 -0.240734 -0.276302 
0
0
1.84153 -0.646733 -0.748259 2.24608 -0.597751 -0.383103 2.48691 -0.224109 -0.298346 
1.84063 -0.647066 -0.746644 2.246 -0.597518 -0.382764 2.48025 -0.222974 -0.301093 
1.841 -0.647373 -0.745279 2.24551 -0.596858 -0.381974 2.4778 -0.216484 -0.308534 
1.84207 -0.647388 -0.745204 2.24536 -0.596806 -0.381614 2.47503 -0.215979 -0.309803 
0
0
1.84495 -0.647478 -0.743455 2.24478 -0.596316 -0.380288 2.47106 -0.206754 -0.323597 
0
1.84617 -0.647559 -0.742172 2.24544 -0.59648 -0.380066 2.45886 -0.199629 -0.332995 
0
1.84604 -0.647994 -0.740293 2.24592 -0.596675 -0.379962 2.4511 -0.193575 -0.340405 
0
0
1.84801 -0.648842 -0.737867 2.24583 -0.596351 -0.378794 2.4374 -0.184658 -0.355031 
0
0
1.85219 -0.649534 -0.736645 2.24818 -0.596973 -0.378298 2.42608 -0.177872 -0.370974 
0
1.85394 -0.651449 -0.732586 2.24949 -0.596029 -0.37716 2.41573 -0.171117 -0.387525 
0
0
0
0
0
0
0
0
0
0
0
1.853 -0.651024 -0.736352 2.2501 -0.593922 -0.376797 2.43437 -0.17645 -0.365852 
0
0
1.84953 -0.651339 -0.738424 2.25046 -0.593485 -0.377481 2.46293 -0.188909 -0.339859 
1.84904 -0.65068 -0.739087 2.25064 -0.5936 -0.377743 2.46832 -0.194391 -0.332352 
1.84883 -0.651303 -0.739594 2.25115 -0.594229 -0.37832 2.48132 -0.20444 -0.31728 
1.84863 -0.65039 -0.742959 2.25166 -0.594768 -0.378872 2.4946 -0.217832 -0.301447 
0
1.84742 -0.65079 -0.744142 2.25248 -0.59579 -0.379967 2.51633 -0.237113 -0.277535 
1.84556 -0.65082 -0.74429 2.25351 -0.596745 -0.380892 2.52984 -0.252397 -0.261321 
0
0
0
1.84373 -0.65092 -0.745066 2.25774 -0.602818 -0.386141 2.56203 -0.322752 -0.200267 
1.84339 -0.650739 -0.745254 2.25803 -0.606465 -0.388177 2.57645 -0.355356 -0.182271 
1.84272 -0.650253 -0.745831 2.25636 -0.609526 -0.389239 2.58104 -0.392835 -0.16304 
0
1.8419 -0.648912 -0.74705 2.25273 -0.613825 -0.390017 2.59206 -0.438714 -0.147675 
0
0
1.84035 -0.647857 -0.749158 2.24899 -0.617516 -0.391336 2.59361 -0.48539 -0.134237 
0
0
1.83923 -0.648369 -0.749988 2.24718 -0.619112 -0.392497 2.59118 -0.507105 -0.127893 
1.83943 -0.648443 -0.750186 2.24598 -0.62201 -0.393035 2.59276 -0.515006 -0.127396 
0
0
1.83918 -0.64811 -0.75036 2.24314 -0.626148 -0.39359 2.58731 -0.534835 -0.121735 
1.84013 -0.647664 -0.750782 2.24276 -0.626682 -0.393616 2.58855 -0.536787 -0.121624 
1.83984 -0.647454 -0.750754 2.2421 -0.627505 -0.393624 2.58946 -0.542374 -0.121514 
1.83895 -0.647304 -0.750605 2.2412 -0.62945 -0.393754 2.5908 -0.55019 -0.121419 
1.83885 -0.64726 -0.750625 2.24085 -0.630435 -0.393805 2.59099 -0.552907 -0.121249 
0
0
0
0
0
0
0
0
0
0
0
0
0
1.83549 -0.645364 -0.751337 2.23377 -0.637233 -0.393077 2.58275 -0.579789 -0.116007 
0
1.83493 -0.64481 -0.751688 2.23407 -0.634542 -0.392973 2.58218 -0.574103 -0.11616 
0
0
0
0
0
1.83653 -0.645561 -0.751446 2.23366 -0.634391 -0.392817 2.58271 -0.575463 -0.115488 
0
1.83572 -0.64528 -0.751307 2.23329 -0.636659 -0.393004 2.58339 -0.581796 -0.11549 
1.83514 -0.644621 -0.75164 2.23302 -0.637743 -0.393017 2.58339 -0.583935 -0.115623 
1.83495 -0.64453 -0.751747 2.23284 -0.637642 -0.393048 2.58344 -0.583744 -0.115772 
1.8348 -0.644485 -0.751857 2.23281 -0.636941 -0.393008 2.58316 -0.582741 -0.115914 
0
1.83494 -0.644628 -0.751884 2.23278 -0.634167 -0.392716 2.58142 -0.575832 -0.115382 
1.83516 -0.644762 -0.751827 2.23296 -0.632916 -0.392479 2.58104 -0.573377 -0.115253 
0
0
0
0
0
0
0
0
0
0
1.83715 -0.646565 -0.752086 2.23775 -0.620242 -0.389281 2.58684 -0.516604 -0.125967 
1.83666 -0.647015 -0.751788 2.23834 -0.61869 -0.388927 2.58398 -0.508076 -0.126966 
0
1.83705 -0.647284 -0.751893 2.23968 -0.615418 -0.388212 2.58526 -0.487321 -0.133491 
1.83727 -0.647364 -0.751873 2.2402 -0.614666 -0.388029 2.58193 -0.480523 -0.134213 
0
1.83839 -0.647586 -0.751946 2.24133 -0.612606 -0.38756 2.58479 -0.463464 -0.140179 
1.83784 -0.647529 -0.75148 2.24155 -0.612104 -0.387332 2.58171 -0.459944 -0.140593 
0
0
1.83796 -0.647447 -0.751343 2.24177 -0.610003 -0.386211 2.57883 -0.439913 -0.147067 
0
1.83757 -0.647273 -0.751159 2.2423 -0.607118 -0.385408 2.57436 -0.416866 -0.154411 
0
1.83747 -0.647316 -0.750937 2.2432 -0.605482 -0.384977 2.57078 -0.398058 -0.161805 
1.83758 -0.647362 -0.750846 2.24383 -0.603975 -0.38484 2.57009 -0.385858 -0.168284 
1.83769 -0.647424 -0.750798 2.24424 -0.603418 -0.384838 2.5669 -0.380569 -0.169205 
0
0
1.83857 -0.647345 -0.75084 2.24546 -0.602197 -0.384627 2.56491 -0.358428 -0.182528 
1.83858 -0.647369 -0.750789 2.24574 -0.601859 -0.38445 2.56039 -0.352993 -0.184215 
1.83854 -0.647331 -0.750807 2.246 -0.601175 -0.384103 2.55736 -0.341947 -0.19117 
0
1.83861 -0.647306 -0.750633 2.24625 -0.600003 -0.38368 2.55242 -0.327503 -0.199044 
0
1.83878 -0.647382 -0.750412 2.24682 -0.598202 -0.383296 2.54457 -0.305599 -0.213569 
1.83901 -0.647447 -0.750266 2.24699 -0.597365 -0.383137 2.54056 -0.295836 -0.220298 
1.83976 -0.647465 -0.750004 2.24726 -0.595932 -0.382714 2.53071 -0.281721 -0.229295 
0
0
0
1.84103 -0.647462 -0.748701 2.24787 -0.594438 -0.381983 2.51583 -0.255797 -0.252697 
1.83998 -0.647651 -0.74719 2.24812 -0.594033 -0.381821 2.51267 -0.247525 -0.260853 
1.84079 -0.647625 -0.747055 2.24829 -0.593762 -0.381549 2.50743 -0.240161 -0.268664 
0
1.84014 -0.64777 -0.74552 2.24826 -0.593205 -0.381089 2.49934 -0.231934 -0.277943 
1.84062 -0.647786 -0.744954 2.24805 -0.592802 -0.380528 2.49538 -0.221989 -0.291384 
0
1.84198 -0.647813 -0.744539 2.248 -0.592402 -0.379969 2.48376 -0.214713 -0.301944 
1.84282 -0.647947 -0.743533 2.24822 -0.591907 -0.379474 2.47704 -0.205145 -0.316583 
0
0
1.84486 -0.648888 -0.740469 2.24958 -0.59178 -0.378722 2.45881 -0.190531 -0.341362 
0
0
0
0
0
0
0
0
0
0
0
0
0
0
0
0
0
0
0
0
0
0
