720.938 276.095 720.897 369.899 687.837 469.391 
723 278 719 367 693 468 
722 277 719 367 693 468 
723 278 719 367 693 468 
723 277 719 367 693 468 
724 278 718 367 693 469 
724 278 719 368 693 468 
723 277 720 368 692 468 
723 278 720 370 692 468 
723 278 719 369 691 467 
723 278 719 369 692 468 
723 277 719 368 691 467 
723 278 719 369 691 467 
723 278 718 368 692 467 
724 279 719 368 691 468 
724 279 718 368 691 468 
724 278 719 369 690 468 
724 278 718 368 689 467 
723 279 718 369 688 467 
724 278 717 368 687 467 
722 279 717 368 685 467 
723 279 715 369 679 467 
724 279 713 368 675 464 
724 279 711 368 669 463 
724 279 708 367 663 460 
723 278 705 365 656 458 
723 278 701 364 646 453 
722 277 696 361 639 449 
724 278 692 360 631 444 
724 278 688 356 623 440 
724 277 683 354 613 433 
724 278 679 351 605 425 
725 277 672 347 595 415 
725 277 670 346 586 405 
724 276 662 339 573 396 
725 276 659 332 564 383 
725 276 655 326 555 374 
728 276 651 321 547 362 
729 276 649 316 543 350 
729 275 646 309 539 339 
730 274 644 306 537 329 
731 274 639 303 530 315 
730 274 635 300 528 306 
734 274 635 294 526 296 
734 273 635 289 526 284 
739 275 633 285 525 274 
739 275 635 280 526 264 
739 274 633 275 526 253 
740 275 635 270 527 241 
743 278 636 266 529 231 
744 278 635 259 531 222 
744 276 637 253 532 210 
744 276 636 248 535 200 
746 275 636 241 538 191 
747 275 640 237 541 183 
746 274 638 231 545 174 
746 274 636 225 548 166 
747 274 636 220 555 159 
747 274 637 214 558 150 
749 276 639 211 562 142 
751 275 640 207 566 134 
754 279 643 202 571 126 
755 278 646 199 577 121 
754 278 649 195 582 117 
755 277 651 191 588 111 
755 277 652 188 593 107 
756 277 656 185 599 102 
756 278 659 182 606 100 
754 273 662 180 612 95 
758 277 666 177 618 91 
756 272 671 174 624 86 
759 276 674 172 634 84 
763 278 678 168 643 82 
763 279 681 167 650 80 
765 277 686 165 656 76 
765 277 689 162 664 75 
766 277 694 162 671 74 
769 280 698 161 677 71 
768 280 701 160 684 71 
769 280 704 159 689 71 
769 279 707 159 695 71 
772 282 709 158 700 71 
772 281 712 158 705 70 
772 281 714 158 709 70 
773 282 716 158 714 69 
773 282 718 158 718 69 
775 281 720 157 721 69 
775 282 722 157 724 69 
776 281 723 158 726 69 
775 283 725 158 728 70 
776 282 726 157 731 70 
777 283 728 157 733 70 
777 283 728 157 734 70 
777 284 729 156 736 70 
777 283 730 157 737 69 
777 284 730 156 737 69 
777 284 730 156 737 69 
778 283 729 157 736 69 
777 284 729 157 735 69 
777 283 728 156 734 69 
777 284 727 156 733 69 
777 284 726 157 732 69 
776 284 726 157 729 69 
777 283 724 156 727 69 
776 283 723 157 726 69 
776 283 722 157 723 69 
776 283 721 156 720 69 
776 283 720 158 717 69 
776 283 717 158 713 69 
775 283 715 157 709 69 
775 282 713 158 706 69 
774 282 710 158 702 69 
774 282 709 158 698 69 
774 281 707 159 694 69 
773 281 704 159 689 70 
773 280 701 160 685 71 
772 280 699 161 681 71 
772 278 696 161 676 72 
771 278 693 162 671 72 
770 278 690 163 665 73 
769 277 688 164 659 73 
768 277 685 165 654 74 
768 276 681 166 648 76 
768 275 678 167 642 77 
767 275 675 169 637 79 
766 275 672 170 632 81 
765 273 670 172 626 84 
764 272 667 173 621 85 
764 273 664 175 615 89 
762 271 662 179 610 93 
761 271 659 182 604 98 
760 271 657 185 595 102 
760 270 654 189 589 107 
759 272 652 192 582 113 
759 271 651 197 576 120 
758 271 647 202 569 127 
757 271 644 208 560 137 
757 271 643 214 553 148 
755 271 640 221 546 160 
754 271 639 226 539 172 
753 271 636 233 536 185 
752 271 633 241 530 199 
752 271 634 250 525 214 
750 272 633 256 522 227 
750 271 632 263 517 242 
748 271 632 270 517 259 
746 272 632 277 517 275 
745 272 632 284 522 293 
743 273 632 292 521 308 
743 273 635 300 527 327 
741 273 637 309 531 343 
740 274 642 317 541 361 
739 274 649 325 556 378 
739 274 653 333 566 394 
737 275 661 337 578 407 
737 274 671 341 591 420 
737 275 676 345 606 429 
737 274 682 347 622 437 
735 274 690 350 635 441 
735 275 698 351 650 447 
733 275 704 351 663 451 
732 276 708 354 673 456 
732 276 713 354 683 457 
732 276 716 353 690 459 
733 276 719 353 694 459 
733 275 720 353 699 460 
733 276 722 352 701 459 
732 276 724 354 704 459 
733 276 725 354 706 459 
732 276 726 355 708 460 
733 276 727 355 709 460 
732 277 727 355 710 461 
732 276 727 355 711 461 
732 276 727 355 711 461 
731 276 725 355 709 462 
731 276 725 356 708 461 
731 275 723 356 704 461 
731 276 722 356 702 461 
731 276 720 356 696 460 
731 276 718 357 688 459 
731 276 714 356 680 457 
732 276 710 355 669 453 
732 277 703 354 655 449 
732 277 697 353 642 444 
732 276 690 351 628 436 
734 276 683 347 617 430 
734 276 677 345 602 424 
736 275 671 342 591 414 
737 275 664 338 579 404 
736 276 658 334 570 394 
738 275 652 330 560 384 
738 275 646 326 548 374 
739 274 640 322 542 364 
739 275 636 317 533 352 
739 275 632 311 529 339 
740 275 628 305 524 327 
740 275 626 300 518 313 
740 274 625 292 515 299 
740 275 622 287 513 284 
742 275 622 281 513 271 
744 276 621 274 512 257 
746 276 622 268 513 245 
746 277 622 262 516 232 
747 276 623 260 519 221 
749 275 624 254 522 209 
748 276 625 242 527 198 
748 276 625 238 530 187 
749 276 626 232 535 176 
751 275 628 228 542 165 
750 275 630 222 548 155 
751 274 633 217 555 146 
751 275 636 212 563 137 
752 275 639 207 570 131 
754 274 641 203 578 125 
757 277 646 199 585 118 
756 277 649 195 591 113 
759 277 652 193 600 109 
759 277 656 191 605 105 
761 278 659 188 611 100 
763 279 663 185 617 97 
765 278 666 183 624 94 
764 280 670 181 630 91 
766 280 672 180 635 88 
767 280 675 179 640 86 
767 281 677 178 645 85 
769 282 680 176 649 83 
769 282 683 175 654 82 
770 282 684 174 658 81 
769 283 687 173 662 80 
770 283 689 171 666 79 
770 283 691 171 669 78 
770 283 693 170 673 76 
770 284 695 169 677 76 
771 284 696 168 681 75 
772 285 699 167 685 74 
772 286 701 167 688 73 
772 286 703 166 691 73 
773 286 706 165 695 73 
773 288 707 164 697 72 
773 287 709 163 700 73 
773 288 710 163 704 72 
773 288 712 163 705 72 
774 288 712 162 708 71 
774 288 715 162 710 70 
774 289 715 161 712 70 
775 288 718 161 715 69 
774 289 717 161 716 68 
775 289 718 161 717 68 
776 289 719 161 718 68 
775 289 719 160 718 68 
775 289 720 160 719 68 
776 289 720 160 720 67 
775 289 720 160 720 67 
775 288 719 160 719 67 
774 289 719 160 719 67 
775 288 719 160 719 67 
775 288 718 160 716 67 
774 289 717 160 715 67 
774 287 714 161 712 67 
775 287 712 161 708 67 
773 287 711 161 704 67 
773 286 708 161 700 67 
772 286 704 161 695 67 
772 285 701 162 688 67 
773 284 697 162 681 68 
769 280 693 163 674 69 
770 281 689 165 666 70 
769 280 685 166 658 70 
768 279 680 167 649 72 
766 278 677 169 641 74 
766 277 673 171 633 76 
763 276 669 174 627 80 
762 275 665 176 620 83 
762 274 661 178 613 87 
760 275 658 181 605 89 
759 273 656 184 598 93 
758 273 653 186 592 98 
758 272 650 188 586 102 
757 272 647 191 580 106 
756 271 645 194 574 110 
755 270 643 198 567 115 
753 269 640 201 563 122 
753 268 638 206 557 128 
751 268 636 210 552 136 
751 268 634 215 545 144 
750 268 633 221 540 154 
750 267 631 228 535 164 
747 267 630 233 530 175 
746 267 628 240 526 186 
746 267 628 243 523 197 
744 267 625 240 520 209 
743 268 625 241 517 221 
742 269 622 256 516 232 
741 270 622 264 514 242 
741 269 622 271 512 253 
740 269 619 274 510 264 
739 270 620 278 510 275 
738 270 620 283 510 286 
738 270 621 289 512 297 
737 270 621 294 513 307 
737 271 623 299 514 318 
736 271 624 305 519 329 
735 272 625 309 521 339 
735 272 626 315 524 351 
735 272 628 318 529 361 
734 272 632 324 537 369 
734 272 637 328 541 379 
734 272 641 332 549 387 
733 273 644 336 555 396 
734 273 648 339 562 403 
733 273 651 343 569 410 
733 273 655 345 576 416 
733 273 661 346 584 420 
734 273 664 348 591 425 
733 274 667 351 598 430 
734 274 673 352 606 434 
733 274 677 354 614 437 
734 274 680 354 624 438 
734 274 684 356 631 442 
733 274 689 356 640 446 
734 274 694 357 647 450 
733 275 696 357 656 451 
733 275 700 357 661 453 
733 274 705 358 668 454 
732 275 707 357 674 457 
732 275 711 357 681 458 
733 274 714 357 687 458 
734 276 717 356 692 459 
734 275 720 355 699 461 
734 276 722 354 705 461 
734 275 724 354 710 461 
734 276 725 355 713 461 
734 276 728 355 717 462 
734 276 730 354 720 462 
735 276 730 355 721 463 
735 276 730 355 721 463 
735 276 728 355 718 463 
735 276 728 355 714 462 
736 276 727 355 710 462 
735 277 724 355 705 462 
735 277 721 356 697 461 
734 277 716 356 686 460 
734 277 711 355 676 456 
735 277 705 355 662 452 
735 278 698 354 648 447 
735 277 692 352 632 440 
736 277 683 350 617 434 
737 277 674 346 601 425 
737 277 666 341 585 413 
737 276 656 336 572 399 
737 277 649 330 559 385 
739 277 641 323 543 370 
739 277 635 317 531 352 
740 277 629 310 525 336 
742 277 627 303 519 319 
742 277 621 294 514 299 
744 276 619 286 512 283 
745 277 618 277 512 265 
746 277 618 268 516 250 
746 278 619 261 517 233 
748 277 621 252 522 219 
749 277 625 240 527 204 
750 277 625 237 533 192 
750 277 626 231 538 179 
750 277 627 225 545 169 
752 277 629 220 553 160 
753 277 633 214 561 150 
753 278 635 210 568 142 
755 279 640 204 574 133 
756 278 642 201 581 129 
756 279 645 197 589 123 
759 280 648 193 595 117 
759 281 653 191 603 113 
760 282 656 187 610 109 
761 282 659 184 617 105 
763 282 663 181 625 100 
763 283 667 179 631 95 
765 283 670 177 639 93 
766 283 673 174 644 90 
767 284 677 173 650 88 
768 285 680 172 656 86 
769 285 684 170 661 85 
769 286 686 168 667 84 
770 286 689 167 672 82 
771 287 691 167 677 81 
772 287 692 166 681 80 
772 287 695 165 684 80 
772 288 698 165 687 79 
773 288 699 164 690 78 
774 288 700 164 692 78 
775 289 701 164 694 78 
775 289 702 164 696 78 
775 289 703 163 697 77 
775 289 704 163 698 77 
775 289 704 162 699 77 
775 289 705 162 701 77 
775 289 705 162 701 76 
775 289 705 162 701 76 
775 289 706 162 701 76 
775 289 705 162 702 76 
775 289 706 162 701 76 
775 289 706 162 701 76 
775 289 705 161 701 76 
775 289 705 162 700 76 
775 289 705 162 699 76 
776 289 705 162 699 76 
775 289 705 162 699 75 
775 289 704 161 699 75 
776 289 705 162 698 75 
775 289 704 162 698 76 
775 289 704 162 697 76 
775 289 703 162 696 76 
775 289 702 162 695 76 
775 289 700 164 691 77 
775 289 698 164 687 77 
776 288 696 165 683 78 
775 288 694 166 679 80 
775 288 690 167 674 81 
774 286 687 168 668 82 
771 283 683 169 661 83 
771 284 679 170 654 84 
771 282 675 172 646 86 
769 281 672 173 640 89 
769 281 667 176 632 91 
768 280 662 179 626 94 
767 279 660 180 619 98 
765 279 657 182 613 102 
764 279 653 184 607 105 
763 278 650 187 600 109 
763 277 648 190 594 113 
762 277 646 194 588 117 
761 277 644 197 582 122 
760 277 642 200 576 127 
759 275 639 203 570 133 
758 275 637 207 564 138 
758 275 635 211 558 146 
757 275 633 214 552 153 
756 275 631 220 547 162 
756 275 630 225 542 170 
755 275 629 229 537 180 
754 275 627 236 532 191 
754 275 627 241 528 201 
753 275 627 239 524 211 
753 275 626 239 522 223 
752 275 626 261 522 235 
752 275 627 265 518 245 
751 275 626 269 516 256 
750 276 628 275 518 266 
750 275 629 280 518 276 
749 275 628 285 519 287 
749 275 629 290 520 297 
748 275 629 295 522 308 
748 276 630 300 524 317 
748 275 631 304 527 328 
747 275 633 310 529 338 
746 276 637 315 534 349 
746 276 638 321 540 362 
746 276 641 327 546 374 
746 277 645 332 556 386 
746 276 656 336 565 398 
745 277 663 340 574 410 
746 278 670 344 586 421 
746 278 676 349 598 431 
746 278 682 352 611 437 
746 278 687 355 626 443 
747 278 693 357 639 450 
745 279 699 358 652 457 
746 278 706 359 664 462 
746 278 710 360 675 466 
745 279 715 360 686 467 
744 279 720 361 695 469 
744 279 723 361 703 469 
745 278 726 359 709 470 
745 278 729 359 714 470 
745 278 731 359 719 469 
746 278 735 357 725 469 
745 278 737 358 728 469 
745 277 737 357 730 468 
745 277 738 358 730 470 
745 277 738 358 730 470 
745 277 738 358 730 470 
745 277 737 358 728 470 
744 278 736 358 727 470 
745 278 733 359 724 471 
744 278 732 359 720 472 
744 278 730 360 712 471 
745 278 727 360 706 470 
745 279 723 361 695 469 
745 279 718 361 685 466 
745 279 713 361 674 464 
745 279 706 360 661 459 
746 279 699 359 646 453 
746 279 692 355 629 445 
746 280 682 352 613 436 
748 279 674 349 594 426 
747 279 666 343 577 411 
749 280 657 337 562 395 
749 280 646 331 546 377 
750 280 641 323 536 358 
750 279 633 314 526 340 
751 280 627 305 521 321 
752 279 626 298 517 303 
752 280 622 289 519 287 
754 280 621 282 518 272 
755 279 621 275 520 258 
755 280 622 267 521 244 
757 280 623 261 524 232 
757 280 624 254 527 220 
759 280 626 248 532 208 
759 280 628 239 538 197 
760 280 629 237 543 186 
761 280 632 231 550 176 
762 280 633 226 556 166 
762 281 637 220 562 157 
763 282 639 215 570 149 
765 281 642 209 578 142 
767 282 645 206 586 134 
766 283 649 201 595 127 
768 283 652 198 603 122 
769 284 656 194 610 117 
770 284 660 191 618 113 
771 284 663 188 625 109 
771 285 667 186 631 105 
772 285 671 183 639 101 
773 286 674 180 645 98 
774 287 678 179 651 96 
776 289 681 176 658 93 
776 289 685 174 665 90 
776 289 689 172 672 88 
777 289 693 171 680 87 
778 290 696 169 685 85 
778 290 699 169 692 85 
779 291 703 168 697 84 
779 291 705 166 702 83 
780 292 709 166 706 82 
780 292 711 165 711 82 
781 292 713 165 714 81 
781 293 716 164 718 80 
781 293 717 164 721 80 
782 293 719 164 724 80 
782 293 720 164 726 80 
782 294 721 164 728 79 
783 294 722 163 729 79 
783 294 722 163 730 79 
783 294 723 163 730 79 
783 294 723 163 731 79 
783 294 723 163 731 79 
783 294 723 163 729 79 
784 295 722 163 728 79 
783 295 721 163 726 78 
783 294 720 163 724 78 
783 295 718 163 722 78 
783 294 716 164 719 79 
783 294 713 164 715 79 
783 294 712 164 710 79 
783 293 709 166 706 79 
780 291 707 166 701 80 
781 292 704 167 696 80 
781 292 702 167 692 81 
780 291 699 168 687 83 
781 289 696 170 681 83 
780 289 693 171 676 84 
779 289 689 172 671 86 
778 288 686 174 664 89 
778 287 681 176 657 91 
777 287 678 178 651 93 
777 285 674 180 643 96 
776 285 669 182 634 99 
774 284 666 186 627 103 
772 282 660 188 618 106 
772 282 657 193 608 111 
771 281 652 196 597 117 
768 280 648 199 588 122 
766 279 644 204 580 128 
764 279 640 207 570 134 
764 279 636 212 564 142 
763 279 633 217 556 147 
762 279 631 221 551 157 
759 276 630 226 546 164 
758 278 629 231 541 172 
758 278 628 237 536 181 
758 277 628 241 531 190 
757 278 627 240 527 200 
757 277 627 242 524 210 
757 277 626 259 522 224 
756 277 625 266 520 238 
756 277 625 272 519 253 
755 277 627 281 519 271 
754 278 629 290 521 290 
754 278 632 299 524 309 
754 278 637 307 526 328 
752 278 642 316 533 347 
751 279 647 325 542 366 
750 279 652 332 549 381 
749 279 659 336 559 393 
749 279 663 343 566 404 
748 280 668 346 576 414 
748 280 673 349 587 421 
747 280 677 352 594 428 
748 279 682 354 601 432 
747 280 687 355 609 436 
748 279 690 357 615 438 
748 279 692 359 621 441 
749 280 697 359 626 444 
748 281 700 360 631 447 
749 280 703 361 636 451 
750 280 706 362 640 452 
750 282 709 362 645 455 
751 282 710 363 648 456 
751 283 712 364 652 458 
752 282 714 364 655 459 
752 281 714 364 658 460 
751 283 716 364 660 461 
752 282 718 365 662 462 
751 282 718 364 664 462 
752 282 719 365 665 462 
753 283 719 364 665 464 
