726.952 388.263 725.218 465.617 699.428 540.244 
728 389 730 469 704 539 
728 389 730 470 703 540 
728 389 730 469 704 540 
728 388 730 469 703 540 
728 389 729 468 704 540 
728 389 729 469 704 540 
728 389 729 469 703 539 
728 389 729 468 703 539 
728 389 729 468 704 540 
728 389 730 469 703 539 
728 389 730 469 704 540 
728 389 729 469 703 539 
727 388 729 469 704 540 
728 389 729 470 703 539 
728 389 728 469 703 539 
728 389 729 469 704 540 
728 389 729 469 701 539 
728 389 728 470 701 539 
727 389 728 470 700 540 
728 390 726 470 696 539 
728 390 725 470 694 539 
728 390 723 469 689 538 
728 390 721 470 685 537 
728 390 720 470 680 536 
728 390 717 468 673 534 
727 390 713 467 668 531 
728 390 710 466 661 529 
728 390 708 465 652 524 
728 390 704 464 645 520 
728 390 700 461 638 515 
728 390 694 458 631 510 
728 389 691 456 621 502 
729 389 687 452 614 493 
727 389 684 448 609 485 
728 387 681 444 604 476 
729 386 678 439 600 468 
729 384 675 435 595 462 
730 385 674 431 595 455 
729 384 672 428 591 446 
730 383 671 423 588 439 
730 382 670 419 585 428 
730 380 669 415 579 421 
729 382 668 412 574 415 
728 380 668 409 574 408 
727 383 667 405 573 398 
728 382 667 401 573 390 
728 380 667 396 573 381 
728 379 666 392 575 371 
728 379 667 389 576 362 
729 379 667 383 578 352 
730 378 667 379 580 342 
730 378 668 375 582 333 
729 376 669 371 586 327 
732 374 669 366 587 319 
734 362 670 362 591 311 
734 356 672 358 594 303 
735 355 673 354 598 296 
736 354 674 350 601 289 
736 353 675 345 605 281 
737 353 677 342 609 274 
738 352 678 338 614 268 
738 352 679 335 619 263 
738 351 681 332 624 259 
739 352 682 328 627 253 
739 350 685 326 633 248 
740 351 688 323 637 244 
740 351 690 321 642 240 
741 350 693 318 648 234 
742 349 696 315 654 230 
743 349 699 313 660 226 
744 349 701 310 666 223 
745 348 704 308 672 220 
745 348 708 306 679 217 
747 345 711 304 684 214 
747 346 714 303 690 212 
747 345 718 300 696 210 
748 344 720 299 701 207 
749 343 723 298 706 206 
750 343 725 297 710 204 
750 342 726 296 714 204 
751 342 728 295 720 204 
752 341 730 295 723 203 
753 341 732 294 727 202 
753 341 733 294 731 201 
754 341 735 293 733 201 
755 341 736 293 736 201 
755 340 737 293 738 201 
757 340 739 293 739 201 
757 340 739 293 740 200 
757 340 741 292 742 200 
758 340 742 292 743 200 
758 340 742 291 745 200 
758 340 743 292 746 200 
758 339 743 292 746 200 
759 340 743 292 746 200 
759 340 742 292 747 200 
758 340 743 292 747 200 
757 340 742 292 745 200 
758 340 741 292 744 199 
757 340 741 292 742 200 
757 340 740 292 741 200 
756 340 738 291 740 200 
756 340 737 292 739 200 
756 340 737 292 736 200 
755 341 735 292 734 200 
754 340 734 293 732 201 
754 341 734 293 729 201 
754 341 733 294 727 202 
753 341 731 295 723 202 
752 341 729 295 721 202 
751 342 728 295 716 202 
751 341 725 296 713 204 
749 342 724 297 710 204 
749 342 722 298 706 205 
748 343 719 299 703 205 
748 343 718 299 698 207 
746 343 716 301 693 208 
746 344 714 302 690 209 
745 344 711 303 684 211 
744 344 708 304 681 213 
744 345 706 305 676 215 
743 345 704 306 671 218 
742 345 702 308 666 219 
743 346 699 309 661 221 
742 347 698 312 656 224 
743 347 695 313 652 227 
742 347 693 315 647 231 
742 348 691 318 642 233 
742 348 688 320 636 238 
744 349 686 322 631 242 
743 349 683 325 625 247 
743 350 682 328 620 253 
743 350 679 332 614 261 
744 351 677 337 607 269 
744 351 675 341 601 278 
744 353 673 345 597 287 
745 353 672 351 592 297 
744 353 669 357 587 310 
744 354 667 363 583 321 
744 354 666 369 581 332 
743 355 665 374 579 344 
743 356 663 381 576 356 
743 356 663 386 574 369 
742 357 663 393 575 380 
742 356 663 399 576 392 
741 357 665 406 576 404 
741 358 665 412 577 417 
740 358 666 419 578 430 
739 359 668 425 584 446 
739 359 672 429 591 460 
738 360 676 436 597 469 
738 360 680 441 607 485 
738 361 685 446 616 494 
737 361 689 450 627 504 
737 361 695 454 638 512 
737 361 700 455 648 516 
737 361 705 458 659 522 
736 360 711 458 670 524 
736 360 715 459 680 527 
736 360 719 460 687 528 
735 360 723 460 694 531 
735 360 726 460 697 531 
735 360 729 460 702 531 
735 360 731 461 706 531 
735 360 731 460 709 532 
735 360 732 460 710 533 
735 360 733 461 711 533 
735 360 734 460 712 533 
734 360 733 460 713 533 
734 361 734 461 714 533 
734 360 734 461 714 533 
734 360 733 460 714 533 
734 360 734 461 715 534 
734 360 732 461 714 533 
734 360 733 461 712 533 
734 360 732 461 711 533 
734 360 730 461 708 534 
734 360 728 461 703 533 
734 361 725 462 696 532 
734 360 721 461 688 531 
734 360 716 461 682 529 
734 360 713 460 672 527 
735 360 708 459 663 523 
735 361 704 457 653 518 
737 362 698 454 643 513 
737 362 694 451 632 507 
736 361 688 448 623 501 
736 361 684 445 615 495 
737 362 679 443 609 486 
738 362 675 439 600 476 
738 362 671 435 593 468 
738 362 668 432 588 461 
738 362 664 428 583 457 
737 362 662 424 577 443 
737 362 660 419 573 432 
738 362 657 414 569 420 
738 362 656 409 568 408 
738 362 655 404 565 398 
738 361 655 399 565 388 
739 361 654 394 566 376 
739 362 654 388 567 365 
739 361 655 383 569 354 
740 361 655 378 571 345 
741 361 656 373 575 336 
741 361 657 368 578 326 
742 361 659 363 583 318 
741 361 661 358 588 308 
741 360 663 353 593 298 
741 359 664 348 598 289 
740 358 667 344 603 282 
741 357 669 340 609 275 
741 357 672 337 615 268 
741 357 675 333 621 262 
741 356 678 330 627 257 
742 355 680 328 632 251 
742 356 683 324 637 248 
743 356 686 323 642 244 
743 355 688 320 648 240 
744 354 691 317 653 237 
745 353 693 316 658 234 
745 352 696 314 663 232 
744 352 697 313 665 229 
745 352 700 311 669 226 
746 350 702 310 673 224 
746 351 704 308 676 222 
746 350 705 307 681 220 
747 349 707 306 683 219 
746 349 709 305 687 217 
746 348 710 303 689 216 
746 348 711 302 693 214 
745 347 713 300 697 213 
746 345 715 300 699 212 
747 345 716 299 703 211 
746 344 718 299 706 209 
747 343 720 298 709 208 
746 342 722 297 711 208 
747 342 723 296 715 206 
747 342 725 296 716 207 
748 341 725 296 719 205 
748 341 726 295 721 205 
749 341 727 295 723 206 
749 341 728 295 724 205 
750 341 729 295 727 204 
750 341 730 294 728 204 
750 341 730 293 729 204 
751 341 731 293 730 204 
750 342 731 293 731 204 
751 341 732 293 732 204 
751 341 732 293 732 204 
751 341 733 292 733 204 
751 341 733 293 733 203 
751 342 732 293 733 203 
751 341 732 293 733 204 
751 341 732 293 732 203 
751 341 731 293 730 203 
750 342 730 293 730 204 
750 342 729 293 726 204 
750 342 728 294 724 204 
749 342 726 294 721 204 
748 342 724 295 717 205 
748 342 722 295 713 205 
747 342 719 297 708 206 
746 343 717 297 702 207 
745 344 714 298 697 209 
745 344 711 299 689 210 
744 344 707 301 683 212 
743 345 704 303 676 215 
742 345 701 304 670 217 
742 345 697 306 662 221 
741 346 695 308 657 222 
740 346 692 311 651 226 
740 347 689 313 645 229 
739 347 686 316 640 233 
738 347 684 318 635 236 
739 348 682 321 629 241 
739 349 680 323 624 244 
739 349 677 325 620 249 
739 349 676 329 614 255 
739 349 673 331 610 260 
739 349 670 334 605 265 
739 350 669 337 600 272 
739 350 666 341 596 279 
739 350 665 346 590 286 
740 351 663 350 588 294 
739 351 662 354 583 304 
739 351 659 359 578 314 
738 351 659 365 576 325 
739 352 658 369 574 333 
738 352 658 375 570 342 
737 353 658 381 569 353 
737 354 656 385 568 362 
737 354 655 389 565 367 
737 355 654 393 566 377 
737 355 654 397 566 385 
736 356 654 401 566 392 
735 356 654 405 567 401 
735 356 654 410 567 409 
734 356 655 414 567 417 
734 357 656 417 568 422 
734 357 657 422 572 435 
734 357 659 425 573 440 
734 356 661 429 578 463 
733 357 661 431 583 461 
733 357 664 435 583 463 
733 358 665 439 589 469 
734 358 668 440 596 475 
733 358 670 443 599 481 
732 358 674 446 605 488 
732 358 676 447 610 493 
732 358 677 451 616 499 
732 358 682 452 620 503 
732 358 685 453 625 507 
732 358 688 455 631 511 
732 358 691 456 637 514 
732 358 695 457 643 515 
732 358 698 459 650 519 
732 358 700 459 656 523 
732 358 704 460 661 524 
733 359 707 462 667 527 
733 359 710 462 672 527 
733 358 712 461 677 529 
733 358 714 461 682 530 
733 358 717 462 686 531 
733 359 720 462 690 531 
733 358 723 462 694 532 
733 358 726 462 700 533 
733 358 729 462 704 532 
734 358 730 461 708 533 
734 359 732 461 712 533 
734 359 733 461 716 533 
734 359 734 460 720 535 
735 359 735 461 721 535 
735 358 736 461 722 535 
735 358 736 461 722 535 
735 359 736 461 721 534 
735 359 736 462 719 534 
735 359 735 462 716 534 
735 359 733 463 712 534 
735 360 730 463 708 534 
734 359 727 462 700 534 
734 359 723 463 692 533 
735 359 718 462 684 531 
734 359 714 463 674 529 
735 359 709 462 664 524 
734 360 701 460 652 519 
735 359 695 456 639 513 
735 360 688 453 627 504 
734 359 683 449 616 495 
735 360 676 445 604 483 
736 360 670 439 595 469 
736 360 665 433 586 460 
736 360 660 427 580 446 
736 360 658 422 573 432 
735 359 655 414 568 416 
736 359 653 407 567 402 
737 360 652 399 566 388 
737 359 652 393 566 374 
737 359 652 386 567 359 
737 358 652 380 570 347 
738 359 654 374 573 335 
739 359 656 368 578 323 
739 358 657 362 583 312 
739 358 659 356 588 301 
739 357 662 351 594 292 
739 357 664 346 599 284 
739 357 666 341 604 276 
740 356 669 337 611 269 
740 355 672 334 616 263 
740 354 675 330 622 258 
741 354 677 327 627 253 
741 353 680 324 632 247 
741 353 683 321 638 243 
742 352 686 319 644 238 
742 352 689 316 650 235 
743 352 691 314 655 231 
744 352 695 312 661 228 
743 351 697 309 666 226 
746 350 700 308 671 223 
746 349 703 306 677 221 
746 349 706 305 682 219 
746 349 708 304 686 218 
746 347 710 302 690 216 
747 347 712 302 694 215 
746 347 713 300 698 213 
747 347 714 299 701 212 
747 346 717 299 704 212 
748 346 718 298 706 211 
748 345 718 298 707 211 
749 345 720 298 710 211 
748 345 720 298 710 210 
748 345 721 297 712 210 
748 344 722 297 712 210 
748 344 722 296 714 209 
749 344 723 297 714 209 
749 344 723 297 715 209 
749 344 723 297 716 209 
749 344 723 297 716 209 
749 343 723 297 716 209 
749 343 723 297 716 208 
750 344 723 297 716 209 
749 344 723 297 716 209 
749 344 723 296 715 209 
749 344 723 297 716 209 
748 344 723 296 715 209 
748 344 723 297 714 209 
749 344 722 297 714 209 
748 344 723 297 714 209 
748 344 722 297 714 210 
748 344 722 297 713 210 
749 345 722 298 712 211 
748 345 721 298 711 210 
748 345 720 298 708 211 
748 345 718 299 706 212 
748 346 717 299 702 212 
748 346 715 300 697 212 
748 347 713 301 694 213 
747 347 710 302 689 216 
746 347 708 304 685 218 
746 347 704 304 678 218 
745 348 701 306 671 220 
745 348 698 307 665 224 
745 349 695 309 660 226 
746 349 692 311 655 229 
745 350 689 313 650 232 
745 350 687 316 645 235 
745 351 683 317 639 238 
745 352 681 320 633 242 
745 352 678 321 628 246 
744 352 676 324 623 249 
744 352 673 326 618 254 
744 352 672 329 613 259 
744 353 670 333 609 263 
743 353 668 336 604 269 
743 354 665 337 599 275 
743 353 664 342 595 282 
743 354 663 346 590 289 
742 355 662 350 587 296 
743 356 660 355 583 306 
743 356 660 360 579 316 
742 356 659 365 577 327 
742 356 659 370 575 336 
742 356 658 376 574 345 
741 357 658 381 573 355 
741 357 658 386 569 364 
741 357 659 391 569 373 
740 358 659 395 571 381 
741 359 659 400 571 390 
740 359 660 404 570 397 
740 359 660 409 574 406 
740 359 661 412 575 414 
740 360 662 417 574 421 
739 360 663 421 577 430 
739 360 664 425 578 435 
739 360 665 428 582 463 
739 360 668 432 589 463 
739 361 671 436 592 465 
739 360 674 440 599 471 
740 361 679 445 605 482 
739 362 683 450 615 497 
739 362 687 453 623 503 
739 362 692 457 632 513 
739 362 697 459 640 516 
739 362 702 461 649 520 
738 361 707 463 659 525 
739 361 711 465 668 529 
739 360 716 465 676 532 
739 360 720 466 685 535 
739 361 724 467 692 537 
739 360 727 467 699 538 
740 361 731 467 705 538 
740 361 734 467 710 539 
739 360 735 467 715 539 
740 360 737 466 719 540 
740 360 738 466 721 540 
739 359 739 466 723 541 
740 361 740 466 723 540 
740 360 741 466 725 540 
740 360 741 465 726 540 
740 360 741 465 726 540 
740 361 740 465 726 540 
740 361 739 465 723 540 
739 360 739 466 721 539 
739 360 738 466 720 540 
739 361 735 466 717 541 
739 361 734 467 712 540 
739 361 731 468 706 539 
739 361 729 468 698 539 
739 362 725 469 689 538 
740 362 719 468 679 536 
739 362 714 467 671 532 
739 362 709 465 661 528 
739 362 702 462 649 522 
738 362 696 459 637 514 
739 362 690 455 623 504 
739 362 682 451 612 492 
739 362 676 445 600 476 
739 362 670 439 590 462 
739 362 665 431 584 461 
739 362 660 424 576 433 
739 361 659 418 571 418 
741 362 656 411 569 405 
740 361 655 403 569 392 
740 360 653 396 570 379 
740 360 653 391 570 368 
740 360 654 385 572 355 
742 360 654 378 573 344 
742 360 656 373 576 334 
741 359 657 367 580 324 
742 359 660 363 584 316 
742 359 661 358 590 305 
742 358 663 352 594 296 
742 358 666 348 600 288 
742 357 668 343 605 280 
743 357 670 340 610 273 
743 356 674 335 618 266 
744 356 677 331 623 259 
744 356 679 328 630 253 
744 355 682 325 637 247 
745 355 685 321 642 242 
746 355 688 318 648 237 
746 354 691 316 655 234 
746 353 694 314 661 231 
746 352 697 311 665 228 
746 351 700 309 671 225 
748 351 703 306 677 221 
748 350 706 304 683 219 
748 349 709 302 688 217 
748 348 711 301 694 214 
748 347 714 299 700 213 
748 346 718 298 705 212 
748 345 720 297 710 211 
749 344 722 296 714 210 
749 344 725 295 718 209 
750 343 726 295 721 209 
750 342 728 295 724 208 
750 342 730 294 728 207 
751 341 732 293 731 206 
751 341 733 292 733 206 
752 341 733 293 734 206 
752 340 735 293 736 206 
752 341 736 293 738 207 
752 340 736 292 739 207 
752 340 737 292 739 206 
753 340 737 292 740 206 
753 340 736 292 740 206 
753 340 737 292 739 206 
753 340 736 293 738 206 
753 340 735 293 737 206 
752 341 735 293 736 206 
752 342 733 293 733 207 
752 342 733 293 731 207 
752 342 731 293 728 208 
751 343 729 294 724 208 
750 343 727 294 720 208 
750 344 725 295 718 209 
749 344 723 296 713 211 
748 344 721 297 709 211 
747 344 718 298 705 212 
747 345 717 299 701 214 
746 346 714 300 696 215 
746 347 711 302 691 217 
746 348 708 303 686 218 
746 348 705 305 681 221 
745 349 702 307 675 223 
745 349 699 309 669 226 
744 350 696 311 663 229 
744 350 692 314 656 233 
744 351 689 317 648 237 
743 352 685 320 641 242 
743 353 681 324 632 247 
743 353 678 328 624 253 
743 354 674 331 617 261 
743 354 671 335 610 267 
742 355 668 339 604 273 
740 355 666 342 600 282 
740 355 664 347 595 288 
739 356 662 351 592 294 
739 355 660 355 587 301 
738 356 659 359 583 310 
738 355 658 363 580 319 
738 355 657 368 575 325 
737 356 656 373 574 336 
737 355 656 378 569 342 
736 356 657 384 568 356 
737 356 657 390 569 369 
736 356 658 397 569 382 
737 356 659 405 571 395 
736 357 662 413 573 408 
737 357 664 420 573 421 
736 358 668 427 583 457 
736 358 672 434 590 465 
737 359 676 439 594 468 
737 360 680 443 601 478 
737 360 683 447 611 498 
737 361 687 451 617 503 
736 360 691 453 622 505 
736 360 694 455 630 511 
736 360 697 456 635 512 
736 360 700 457 641 516 
737 360 703 458 645 517 
737 360 705 459 651 519 
738 359 708 460 655 523 
738 360 710 460 660 524 
739 360 712 461 663 525 
739 360 714 462 667 526 
739 361 716 462 670 527 
740 361 717 463 673 528 
740 361 719 463 675 529 
740 361 720 463 678 531 
741 361 721 464 679 532 
740 361 723 464 680 532 
741 361 725 464 682 532 
741 361 725 464 683 532 
741 361 726 465 683 532 
740 361 727 465 684 534 
740 361 726 465 683 533 
