0.881329 -0.921882 -0.283149 0.857393 -0.65671 -0.266866 0.794613 -0.400232 -0.327164 
0.881748 -0.922335 -0.283053 0.857429 -0.656672 -0.267073 0.794613 -0.400203 -0.327151 
0.88134 -0.921899 -0.283315 0.857499 -0.656485 -0.267457 0.794747 -0.400195 -0.327236 
0.881011 -0.921379 -0.28431 0.85733 -0.656552 -0.267894 0.794996 -0.400173 -0.327675 
0.880812 -0.921343 -0.284343 0.857292 -0.656478 -0.268131 0.79516 -0.400003 -0.328007 
0.880582 -0.921131 -0.284614 0.857195 -0.65647 -0.268656 0.795757 -0.399581 -0.329242 
0.880337 -0.921081 -0.284685 0.856982 -0.656398 -0.269262 0.795612 -0.399677 -0.329856 
0.880344 -0.921026 -0.284709 0.85697 -0.656302 -0.269389 0.79547 -0.399735 -0.330167 
0.880259 -0.920942 -0.284728 0.856925 -0.656105 -0.269504 0.795051 -0.399805 -0.330577 
0.880346 -0.920817 -0.28456 0.856903 -0.655945 -0.269876 0.794968 -0.399779 -0.331359 
0.880238 -0.920699 -0.284413 0.856862 -0.655897 -0.269936 0.794999 -0.399775 -0.331572 
0.880396 -0.920574 -0.2843 0.856931 -0.655699 -0.269875 0.795057 -0.399598 -0.331988 
0.88011 -0.920278 -0.283928 0.856939 -0.655404 -0.269684 0.795143 -0.399513 -0.332456 
0.880091 -0.920239 -0.283924 0.856942 -0.655256 -0.269762 0.795027 -0.399463 -0.332522 
0.880119 -0.920205 -0.283885 0.856798 -0.654977 -0.269828 0.794617 -0.399407 -0.332608 
0.879929 -0.920196 -0.283295 0.856403 -0.65465 -0.269921 0.793059 -0.399437 -0.332915 
0.880405 -0.919821 -0.283909 0.856149 -0.654402 -0.269996 0.791905 -0.399574 -0.332986 
0.880542 -0.919803 -0.283419 0.855602 -0.654049 -0.270152 0.78983 -0.399619 -0.333835 
0.880824 -0.918681 -0.284343 0.853331 -0.653197 -0.270903 0.783703 -0.400187 -0.336188 
0.880932 -0.918431 -0.28448 0.852072 -0.652918 -0.272022 0.779776 -0.400925 -0.337211 
0.880952 -0.918095 -0.284684 0.848779 -0.653153 -0.273126 0.772833 -0.402466 -0.339278 
0.881189 -0.917944 -0.284915 0.840677 -0.654548 -0.275362 0.754882 -0.408547 -0.341855 
0.881287 -0.917966 -0.284882 0.837151 -0.654864 -0.277096 0.746381 -0.411309 -0.343906 
0.880924 -0.918061 -0.284807 0.830139 -0.656382 -0.278642 0.732259 -0.416232 -0.347667 
0.880805 -0.918418 -0.284857 0.81743 -0.659762 -0.282953 0.705924 -0.426976 -0.354467 
0.880698 -0.918651 -0.284972 0.811759 -0.661616 -0.284852 0.694662 -0.431898 -0.358477 
0.880538 -0.91903 -0.28516 0.802888 -0.664641 -0.288326 0.677025 -0.44044 -0.364589 
0.880306 -0.91959 -0.285315 0.786227 -0.67133 -0.294855 0.646371 -0.457791 -0.376574 
0.880402 -0.919779 -0.285276 0.779249 -0.674582 -0.297363 0.633814 -0.465393 -0.3825 
0.880354 -0.919944 -0.285313 0.768112 -0.679779 -0.302299 0.614286 -0.478964 -0.391713 
0.880415 -0.920741 -0.285772 0.749362 -0.691705 -0.31165 0.581308 -0.506311 -0.408884 
0.88051 -0.921684 -0.28607 0.742229 -0.697233 -0.315769 0.568315 -0.519013 -0.416226 
0.880794 -0.924107 -0.286293 0.731055 -0.706839 -0.321171 0.549219 -0.539697 -0.426758 
0.880541 -0.927962 -0.2872 0.714058 -0.725437 -0.329777 0.519545 -0.578317 -0.44325 
0.881518 -0.930496 -0.287649 0.708037 -0.732995 -0.333506 0.508618 -0.594896 -0.449277 
0.881322 -0.933746 -0.287693 0.699551 -0.745748 -0.338326 0.493139 -0.620689 -0.457024 
0.882349 -0.94013 -0.288175 0.687842 -0.76758 -0.345874 0.471435 -0.664047 -0.468367 
0.88343 -0.943127 -0.28794 0.68363 -0.776685 -0.348328 0.464027 -0.681408 -0.472168 
0.884244 -0.946739 -0.288104 0.678641 -0.789918 -0.352009 0.454156 -0.706783 -0.476868 
0.88678 -0.953551 -0.287505 0.671806 -0.812121 -0.355911 0.441109 -0.748415 -0.482708 
0.887963 -0.956431 -0.286762 0.669875 -0.820624 -0.357704 0.436942 -0.765173 -0.48439 
0.889826 -0.960514 -0.286163 0.667225 -0.833671 -0.358592 0.431846 -0.789422 -0.486307 
0.893305 -0.966941 -0.285271 0.663989 -0.855223 -0.359876 0.42538 -0.829953 -0.488481 
0.89462 -0.969646 -0.284965 0.663195 -0.86394 -0.360402 0.423414 -0.846301 -0.488704 
0.896871 -0.974015 -0.284289 0.662119 -0.876919 -0.360561 0.42115 -0.870133 -0.488054 
0.900395 -0.980775 -0.282847 0.659694 -0.89937 -0.358234 0.419355 -0.911454 -0.486995 
0.902125 -0.983901 -0.28215 0.659797 -0.909095 -0.357436 0.419344 -0.928282 -0.486688 
0.904469 -0.987903 -0.281615 0.66029 -0.923009 -0.357597 0.421841 -0.952933 -0.486335 
0.908612 -0.994763 -0.280894 0.662296 -0.947414 -0.357717 0.425653 -0.996725 -0.484924 
0.910839 -0.998 -0.28045 0.663334 -0.957155 -0.357453 0.427621 -1.01466 -0.4835 
0.913721 -1.00265 -0.279671 0.665521 -0.972147 -0.357346 0.429952 -1.04105 -0.481649 
0.918957 -1.00931 -0.279467 0.67033 -0.996532 -0.356881 0.439868 -1.08542 -0.479077 
0.921037 -1.01194 -0.279114 0.672325 -1.00617 -0.356435 0.444741 -1.1029 -0.477971 
0.924796 -1.01602 -0.27907 0.676681 -1.02088 -0.356205 0.45344 -1.12876 -0.476776 
0.931207 -1.02221 -0.279225 0.684539 -1.04435 -0.355729 0.469758 -1.17014 -0.473871 
0.934008 -1.02494 -0.278891 0.688066 -1.05331 -0.355458 0.477063 -1.18646 -0.472429 
0.937569 -1.02797 -0.278909 0.695486 -1.06754 -0.354455 0.488691 -1.20991 -0.470139 
0.944254 -1.03259 -0.279201 0.704463 -1.08752 -0.354638 0.509473 -1.24729 -0.465115 
0.947438 -1.03479 -0.27923 0.709002 -1.09543 -0.354485 0.51829 -1.26141 -0.463359 
0.955625 -1.03798 -0.279742 0.716094 -1.10747 -0.353796 0.53252 -1.28243 -0.460082 
0.963536 -1.04237 -0.279603 0.728537 -1.1265 -0.351985 0.556344 -1.31516 -0.453133 
0.966847 -1.0439 -0.279708 0.733797 -1.13396 -0.351106 0.566348 -1.32721 -0.450004 
0.973156 -1.04548 -0.281398 0.741881 -1.14434 -0.349631 0.581224 -1.34431 -0.445926 
0.980601 -1.04813 -0.281528 0.755127 -1.1606 -0.346959 0.608048 -1.37147 -0.439413 
0.98347 -1.04911 -0.281477 0.760786 -1.16687 -0.345953 0.618125 -1.38144 -0.436316 
0.987652 -1.05052 -0.281307 0.771325 -1.17645 -0.34364 0.633257 -1.39578 -0.431215 
0.994622 -1.05255 -0.280744 0.785948 -1.19046 -0.339809 0.660297 -1.41892 -0.419406 
0.997777 -1.05333 -0.28061 0.791667 -1.19575 -0.337542 0.670624 -1.42753 -0.414835 
1.00222 -1.05475 -0.279919 0.800979 -1.2037 -0.334292 0.686913 -1.44019 -0.407951 
1.01086 -1.05695 -0.2783 0.81738 -1.21622 -0.328005 0.715477 -1.46001 -0.395179 
1.01474 -1.05775 -0.277806 0.824267 -1.22108 -0.325076 0.72752 -1.46726 -0.389865 
1.02058 -1.05921 -0.276776 0.833374 -1.22728 -0.322199 0.74514 -1.47872 -0.38018 
1.0304 -1.06146 -0.274431 0.852539 -1.23864 -0.315584 0.777243 -1.4957 -0.365385 
1.03418 -1.06201 -0.273519 0.860047 -1.2427 -0.312831 0.790187 -1.5018 -0.359456 
1.04004 -1.06297 -0.272133 0.871263 -1.24839 -0.308853 0.809731 -1.50998 -0.350866 
0
0
0
0
0
0
0
0
0
0
0
0
0
0
0
0
0
0
0
0
0
0
0
0
0
0
0
0
0
0
0
0
0
0
0
0
0
0
0
0
0
0
0
0
0
0
0
0
0
0
1.02166 -1.07259 -0.278311 0.826811 -1.23217 -0.328136 0.717585 -1.47026 -0.385436 
1.01392 -1.07263 -0.27948 0.812451 -1.2239 -0.332742 0.69231 -1.45555 -0.398678 
1.01079 -1.07251 -0.280052 0.806744 -1.22012 -0.334552 0.684022 -1.44916 -0.402349 
1.00587 -1.07242 -0.280591 0.798133 -1.21411 -0.337638 0.66904 -1.439 -0.407877 
0.998132 -1.07162 -0.281125 0.783463 -1.20266 -0.342418 0.645142 -1.41982 -0.418095 
0.99411 -1.07134 -0.279823 0.777591 -1.19742 -0.344289 0.63012 -1.40965 -0.424857 
0.990214 -1.07064 -0.280617 0.768931 -1.18904 -0.34731 0.614846 -1.39518 -0.432068 
0.983266 -1.06908 -0.280955 0.754705 -1.17309 -0.352847 0.589393 -1.36676 -0.446414 
0.980296 -1.06806 -0.2816 0.746805 -1.16464 -0.356084 0.578979 -1.35391 -0.452484 
0.975304 -1.06663 -0.281815 0.7382 -1.15267 -0.360024 0.562605 -1.33233 -0.461218 
0.966256 -1.06333 -0.282793 0.723156 -1.12965 -0.366219 0.534874 -1.29059 -0.475855 
0.96184 -1.06179 -0.283157 0.717275 -1.11965 -0.368839 0.523919 -1.27259 -0.481878 
0.956223 -1.05961 -0.283667 0.708882 -1.10324 -0.372413 0.508217 -1.24301 -0.489642 
0.945877 -1.05459 -0.285134 0.69513 -1.07359 -0.37811 0.483666 -1.18954 -0.501857 
0.941643 -1.05208 -0.286178 0.692431 -1.06197 -0.379736 0.474761 -1.16643 -0.505776 
0.934897 -1.04784 -0.287347 0.685862 -1.04257 -0.382407 0.462475 -1.13109 -0.510954 
0.923987 -1.04086 -0.289031 0.676292 -1.00937 -0.385667 0.445443 -1.07009 -0.517206 
0.920101 -1.0378 -0.290171 0.673317 -0.996119 -0.386354 0.440316 -1.04528 -0.519115 
0.914526 -1.03352 -0.291365 0.669573 -0.976258 -0.386941 0.436449 -1.00843 -0.521294 
0.905389 -1.02561 -0.292847 0.665877 -0.94298 -0.387361 0.430951 -0.946061 -0.521954 
0.903967 -1.02427 -0.292994 0.665497 -0.936299 -0.3872 0.430393 -0.93388 -0.521724 
0.897433 -1.01731 -0.294386 0.664726 -0.909403 -0.386272 0.431429 -0.884292 -0.520271 
0.889868 -1.0083 -0.29584 0.667211 -0.873953 -0.387448 0.43787 -0.820642 -0.515263 
0.886673 -1.00424 -0.296469 0.669024 -0.860068 -0.386291 0.440024 -0.796299 -0.511041 
0.88274 -0.998919 -0.297889 0.672515 -0.8399 -0.383182 0.449782 -0.75731 -0.505054 
0.877301 -0.99064 -0.299372 0.682524 -0.807998 -0.37465 0.473456 -0.691968 -0.493177 
0.875546 -0.987311 -0.299826 0.688385 -0.795166 -0.371781 0.485738 -0.666206 -0.486889 
0.873575 -0.982449 -0.301748 0.698624 -0.776621 -0.366491 0.506049 -0.629731 -0.476212 
0.869907 -0.975819 -0.303014 0.715844 -0.749743 -0.354715 0.545151 -0.574526 -0.454725 
0.869194 -0.974199 -0.303306 0.724333 -0.740395 -0.349468 0.561986 -0.554935 -0.445093 
0.868022 -0.971723 -0.30371 0.737054 -0.727884 -0.341433 0.587804 -0.529313 -0.430686 
0.86734 -0.969604 -0.303454 0.759315 -0.713034 -0.326861 0.632773 -0.495458 -0.405667 
0.867604 -0.969376 -0.30343 0.768392 -0.708782 -0.321313 0.650604 -0.48441 -0.395521 
0.867732 -0.969006 -0.303411 0.781934 -0.702819 -0.313531 0.676614 -0.470504 -0.379499 
0.868811 -0.96826 -0.302778 0.802747 -0.696035 -0.298981 0.71701 -0.453012 -0.3531 
0.869479 -0.967979 -0.302402 0.80994 -0.693804 -0.294527 0.73087 -0.447767 -0.343319 
0.870021 -0.967711 -0.301685 0.81931 -0.692327 -0.286981 0.74955 -0.442003 -0.330985 
0.871534 -0.967771 -0.300755 0.8312 -0.691143 -0.278954 0.772973 -0.436882 -0.31478 
0.872087 -0.967726 -0.300465 0.834955 -0.690432 -0.276589 0.780357 -0.435602 -0.309703 
0.87272 -0.967604 -0.299583 0.839198 -0.690218 -0.272852 0.789569 -0.43364 -0.303312 
0.873299 -0.966892 -0.299507 0.846443 -0.68791 -0.271598 0.80048 -0.431235 -0.295373 
0.873044 -0.96649 -0.30033 0.847743 -0.687742 -0.270572 0.803927 -0.4308 -0.291947 
0.873124 -0.966138 -0.301056 0.850837 -0.686787 -0.270164 0.808254 -0.43015 -0.288215 
0.872426 -0.965262 -0.30189 0.855001 -0.685936 -0.269148 0.818035 -0.427906 -0.284976 
0.872163 -0.964786 -0.302066 0.857048 -0.685415 -0.269008 0.822866 -0.424956 -0.287008 
0.870656 -0.963391 -0.302331 0.859355 -0.684416 -0.268897 0.827718 -0.423772 -0.285774 
0.870811 -0.962364 -0.302969 0.861593 -0.682786 -0.269103 0.83294 -0.421898 -0.286411 
0.870407 -0.962232 -0.303224 0.862097 -0.682371 -0.270186 0.833513 -0.421486 -0.286933 
0.869296 -0.961887 -0.303987 0.860746 -0.682671 -0.271174 0.83317 -0.421339 -0.288239 
0.86773 -0.961688 -0.306012 0.858066 -0.683046 -0.275829 0.828009 -0.422407 -0.290386 
0.86797 -0.962202 -0.306211 0.857639 -0.683153 -0.276555 0.826427 -0.422751 -0.290812 
0.867995 -0.962699 -0.307085 0.855052 -0.683611 -0.276756 0.819001 -0.42374 -0.294069 
0.868174 -0.96251 -0.307266 0.849391 -0.68315 -0.27974 0.803736 -0.425543 -0.300825 
0.868535 -0.96229 -0.307281 0.845789 -0.683492 -0.282041 0.794142 -0.428701 -0.302527 
0.868562 -0.961457 -0.307204 0.836277 -0.68554 -0.283159 0.777802 -0.43098 -0.309556 
0.870638 -0.961315 -0.307301 0.820297 -0.687709 -0.290869 0.743925 -0.438967 -0.325545 
0.871503 -0.961737 -0.307524 0.812706 -0.689382 -0.294713 0.728118 -0.444011 -0.332545 
0.871588 -0.962121 -0.307914 0.799603 -0.692932 -0.300963 0.702539 -0.453524 -0.343894 
0.871836 -0.963952 -0.309275 0.776266 -0.702577 -0.312145 0.657369 -0.47555 -0.365379 
0.871688 -0.965406 -0.309671 0.766819 -0.707243 -0.317307 0.639499 -0.48582 -0.374451 
0.87092 -0.967236 -0.310655 0.753111 -0.715702 -0.325 0.613226 -0.503854 -0.388593 
0.87094 -0.97143 -0.312256 0.731647 -0.731111 -0.337842 0.573553 -0.536617 -0.412021 
0.870595 -0.972614 -0.312667 0.723635 -0.737727 -0.343298 0.559268 -0.550457 -0.421645 
0.870647 -0.973955 -0.313448 0.714337 -0.747259 -0.35203 0.539027 -0.571826 -0.435322 
0.871406 -0.977579 -0.312589 0.698368 -0.764613 -0.364385 0.509406 -0.609722 -0.457694 
0.871736 -0.978702 -0.312592 0.692511 -0.772401 -0.36908 0.500337 -0.624757 -0.464981 
0.872502 -0.98055 -0.312193 0.684475 -0.783528 -0.375599 0.486334 -0.648127 -0.47941 
0.874861 -0.982902 -0.311404 0.67352 -0.802715 -0.387967 0.463865 -0.692277 -0.497937 
0.875659 -0.98382 -0.310882 0.669279 -0.81157 -0.392003 0.456016 -0.710764 -0.504655 
0.876847 -0.985602 -0.310502 0.663088 -0.826054 -0.397221 0.44518 -0.740249 -0.514214 
0.879931 -0.990337 -0.310068 0.65548 -0.852383 -0.405227 0.431102 -0.792285 -0.528063 
0.881367 -0.992475 -0.310095 0.652908 -0.863489 -0.40767 0.426901 -0.814106 -0.53293 
0.88364 -0.995777 -0.309054 0.650863 -0.880511 -0.411563 0.421869 -0.847935 -0.538487 
0.888766 -1.0008 -0.307525 0.649267 -0.908404 -0.415494 0.418989 -0.903784 -0.545968 
0.890059 -1.00149 -0.307216 0.649485 -0.914006 -0.416091 0.419001 -0.915163 -0.546739 
0.895148 -1.00468 -0.305677 0.651692 -0.936237 -0.418196 0.421529 -0.960117 -0.549011 
0.901837 -1.00872 -0.302977 0.656762 -0.963184 -0.419087 0.429252 -1.01409 -0.548637 
0.903073 -1.00943 -0.302692 0.658028 -0.968579 -0.41895 0.431527 -1.02447 -0.548413 
0.908717 -1.01334 -0.301319 0.663309 -0.99016 -0.417929 0.438981 -1.06571 -0.545196 
0.912775 -1.01648 -0.299556 0.66801 -1.00625 -0.416586 0.447312 -1.09622 -0.541536 
0.920365 -1.0221 -0.297683 0.676806 -1.03364 -0.412713 0.464496 -1.14626 -0.533633 
0.923492 -1.02469 -0.296587 0.680827 -1.04414 -0.411081 0.472418 -1.16598 -0.529843 
0.927736 -1.02747 -0.296021 0.687352 -1.06032 -0.407733 0.484951 -1.19534 -0.522578 
0.936191 -1.03262 -0.293797 0.700121 -1.08747 -0.399255 0.508244 -1.24138 -0.509438 
0.939909 -1.03487 -0.292711 0.705735 -1.09579 -0.399853 0.518396 -1.259 -0.503054 
0.94449 -1.03699 -0.291879 0.711698 -1.10977 -0.393062 0.534191 -1.28333 -0.493781 
0.952446 -1.03996 -0.288463 0.726831 -1.12876 -0.386443 0.560187 -1.31806 -0.476698 
0.954912 -1.04024 -0.28709 0.732393 -1.13549 -0.383008 0.570658 -1.33063 -0.470031 
0.959098 -1.04132 -0.284525 0.741152 -1.14511 -0.37818 0.586187 -1.34746 -0.460545 
0.965702 -1.04246 -0.28021 0.755247 -1.15917 -0.370282 0.612307 -1.37256 -0.445006 
0.968291 -1.04256 -0.278979 0.76108 -1.16463 -0.36676 0.622517 -1.38151 -0.439202 
0.972475 -1.04342 -0.276643 0.769522 -1.17194 -0.362852 0.637597 -1.39435 -0.430624 
0.979055 -1.04464 -0.273079 0.784046 -1.18384 -0.355578 0.663406 -1.41369 -0.416933 
0.981906 -1.04544 -0.272033 0.789777 -1.18846 -0.352714 0.672991 -1.42054 -0.411802 
0.985779 -1.04625 -0.270375 0.798179 -1.19459 -0.349234 0.686669 -1.43029 -0.40428 
0.992955 -1.04815 -0.267573 0.811223 -1.20362 -0.343344 0.708708 -1.44459 -0.392441 
0.995109 -1.04852 -0.266538 0.816131 -1.20689 -0.341148 0.716864 -1.44958 -0.387997 
1.00017 -1.04998 -0.265214 0.823529 -1.2115 -0.337976 0.728229 -1.45627 -0.382351 
1.00727 -1.05228 -0.26324 0.835875 -1.21919 -0.333751 0.747722 -1.46701 -0.37331 
1.00959 -1.05296 -0.26288 0.840158 -1.22183 -0.332202 0.755515 -1.47091 -0.369927 
1.01308 -1.05405 -0.262429 0.846552 -1.22572 -0.329798 0.767219 -1.47689 -0.367132 
1.01851 -1.05636 -0.26163 0.856428 -1.23192 -0.326924 0.78353 -1.48603 -0.358827 
1.02083 -1.05749 -0.261944 0.860472 -1.23481 -0.325258 0.789789 -1.48921 -0.356712 
1.0239 -1.05869 -0.262411 0.865935 -1.23826 -0.323793 0.799076 -1.49423 -0.352093 
1.03157 -1.06109 -0.265664 0.876118 -1.24468 -0.320914 0.814333 -1.50239 -0.344307 
1.03385 -1.06205 -0.26623 0.880007 -1.24706 -0.319743 0.820704 -1.50533 -0.342329 
1.03788 -1.0636 -0.267327 0.886474 -1.25057 -0.318419 0.830331 -1.51002 -0.337895 
1.04491 -1.06616 -0.268844 0.897175 -1.25621 -0.315089 0.84726 -1.51686 -0.33045 
1.04795 -1.06707 -0.269734 0.901621 -1.25859 -0.313525 0.854221 -1.51997 -0.328388 
1.05161 -1.06827 -0.270407 0.908007 -1.26153 -0.31187 0.864475 -1.52401 -0.32406 
1.05763 -1.06953 -0.271431 0.918317 -1.26576 -0.308835 0.880895 -1.52899 -0.317951 
1.06003 -1.06973 -0.271943 0.921925 -1.26712 -0.307782 0.886897 -1.53057 -0.3152 
1.06268 -1.0704 -0.271944 0.926798 -1.2689 -0.305783 0.89475 -1.5334 -0.310807 
1.06685 -1.0709 -0.272443 0.93291 -1.27089 -0.301631 0.905777 -1.536 -0.304644 
1.06813 -1.07099 -0.272487 0.935587 -1.2719 -0.299984 0.909986 -1.53722 -0.302381 
1.07017 -1.07122 -0.272444 0.938684 -1.27303 -0.297109 0.914579 -1.53823 -0.297284 
1.07281 -1.07156 -0.27213 0.94237 -1.27402 -0.292726 0.920653 -1.53992 -0.288247 
1.07362 -1.07157 -0.272054 0.943566 -1.2744 -0.29083 0.922568 -1.5395 -0.285412 
1.07468 -1.07168 -0.271514 0.945137 -1.27457 -0.288534 0.924789 -1.54027 -0.280115 
1.07682 -1.07147 -0.270596 0.947337 -1.27473 -0.284053 0.927442 -1.5398 -0.273081 
1.07725 -1.07131 -0.2701 0.947781 -1.27455 -0.282874 0.928186 -1.54052 -0.268976 
1.07779 -1.0711 -0.269346 0.948766 -1.27471 -0.280358 0.92937 -1.53962 -0.267047 
1.07896 -1.07064 -0.268347 0.94997 -1.27434 -0.278059 0.930514 -1.53935 -0.261525 
1.07928 -1.07064 -0.268056 0.950425 -1.2743 -0.2772 0.93122 -1.53919 -0.26071 
1.07972 -1.07061 -0.267885 0.950738 -1.27413 -0.276155 0.932106 -1.53837 -0.259564 
1.0801 -1.07071 -0.267833 0.951167 -1.27433 -0.274174 0.932335 -1.53934 -0.255837 
1.08001 -1.07069 -0.267925 0.951018 -1.2743 -0.273934 0.932389 -1.53931 -0.255668 
1.07981 -1.07087 -0.268091 0.950288 -1.27428 -0.273612 0.931636 -1.53925 -0.255578 
1.07932 -1.07126 -0.268649 0.948067 -1.27368 -0.274177 0.927768 -1.5384 -0.255769 
1.07885 -1.0715 -0.268896 0.946905 -1.27353 -0.274423 0.925757 -1.53829 -0.256102 
1.07808 -1.07185 -0.269551 0.944795 -1.27314 -0.275633 0.922002 -1.53767 -0.259157 
1.07608 -1.07266 -0.270129 0.939192 -1.272 -0.277566 0.912046 -1.53713 -0.260744 
1.07519 -1.07281 -0.270413 0.936691 -1.27164 -0.278399 0.907993 -1.53578 -0.264255 
1.07267 -1.07329 -0.270776 0.932101 -1.27086 -0.280683 0.900244 -1.53462 -0.266792 
1.06829 -1.07442 -0.271127 0.922928 -1.26931 -0.284173 0.884295 -1.53246 -0.275172 
1.06633 -1.07481 -0.271774 0.918418 -1.26807 -0.28645 0.877737 -1.53085 -0.279546 
1.06249 -1.07576 -0.272116 0.911395 -1.26696 -0.289332 0.866078 -1.52919 -0.285142 
1.05616 -1.0778 -0.273737 0.89779 -1.26422 -0.295902 0.84244 -1.52474 -0.296722 
1.05364 -1.0786 -0.27458 0.891763 -1.26284 -0.298312 0.832243 -1.52239 -0.302579 
1.04924 -1.07989 -0.275912 0.882373 -1.26041 -0.302482 0.81574 -1.51818 -0.311964 
1.04111 -1.08219 -0.278432 0.865249 -1.25543 -0.310628 0.785996 -1.5097 -0.327588 
1.03745 -1.08304 -0.279697 0.85832 -1.25338 -0.313542 0.773813 -1.50539 -0.335021 
1.03186 -1.08394 -0.281465 0.847932 -1.24987 -0.318246 0.755887 -1.49876 -0.344778 
1.02153 -1.08548 -0.28328 0.831012 -1.24281 -0.32657 0.727069 -1.4865 -0.360677 
1.01751 -1.0853 -0.284399 0.824319 -1.23959 -0.330098 0.71589 -1.48113 -0.366931 
1.01293 -1.08572 -0.287519 0.81436 -1.23481 -0.33475 0.699526 -1.47236 -0.376573 
1.00376 -1.08495 -0.290795 0.798888 -1.22625 -0.342019 0.674335 -1.45695 -0.388245 
1.00016 -1.08488 -0.292155 0.792827 -1.22246 -0.344986 0.664234 -1.45055 -0.394726 
0.995515 -1.08458 -0.294158 0.785939 -1.21791 -0.347616 0.649206 -1.44015 -0.404165 
0.988341 -1.08414 -0.296381 0.771953 -1.20702 -0.354105 0.624188 -1.42077 -0.41749 
0.985136 -1.08369 -0.297391 0.765247 -1.20195 -0.357243 0.61164 -1.41191 -0.42395 
0.980832 -1.08349 -0.298877 0.758246 -1.1961 -0.359422 0.596962 -1.39936 -0.43092 
0.973136 -1.08279 -0.300978 0.744742 -1.18529 -0.363872 0.573858 -1.37838 -0.441837 
0.96988 -1.08262 -0.301547 0.739273 -1.18057 -0.36555 0.564354 -1.36908 -0.445955 
0.964905 -1.08177 -0.302482 0.72886 -1.17156 -0.368228 0.550514 -1.35428 -0.451223 
0.95574 -1.07872 -0.303615 0.714798 -1.15526 -0.371607 0.525758 -1.32483 -0.459096 
0.952423 -1.07746 -0.303479 0.710959 -1.14857 -0.372501 0.516155 -1.31219 -0.461874 
0.946709 -1.07458 -0.304018 0.702475 -1.13656 -0.374565 0.502005 -1.29151 -0.466334 
0.938864 -1.07074 -0.304469 0.688022 -1.11398 -0.378531 0.480689 -1.25322 -0.473959 
0.935754 -1.06912 -0.305003 0.685004 -1.10552 -0.379748 0.469699 -1.23588 -0.477124 
0.931194 -1.06628 -0.30609 0.676445 -1.0903 -0.382373 0.457154 -1.21028 -0.482066 
0.923058 -1.06111 -0.307441 0.666567 -1.06524 -0.386276 0.438589 -1.16358 -0.489953 
0.920608 -1.05913 -0.308199 0.662721 -1.05472 -0.387587 0.431936 -1.1442 -0.493418 
0.915575 -1.05561 -0.309006 0.659845 -1.03928 -0.390812 0.423102 -1.1152 -0.497685 
0.907546 -1.04927 -0.311535 0.652313 -1.01354 -0.39439 0.411095 -1.06869 -0.504378 
0.903856 -1.04671 -0.312322 0.64946 -1.00368 -0.395715 0.407041 -1.0508 -0.506935 
0.898969 -1.04256 -0.314071 0.645765 -0.989098 -0.397952 0.402446 -1.02518 -0.509538 
0.890718 -1.03515 -0.316485 0.641125 -0.964697 -0.40141 0.398887 -0.983708 -0.515478 
0.888133 -1.0324 -0.317611 0.639753 -0.955334 -0.402746 0.396982 -0.967252 -0.516987 
0.883859 -1.02779 -0.319289 0.637932 -0.941033 -0.404371 0.396058 -0.942465 -0.520212 
0.878193 -1.02172 -0.321335 0.637519 -0.918171 -0.40692 0.396926 -0.902038 -0.524482 
0.876198 -1.01936 -0.321687 0.637945 -0.90901 -0.407914 0.39824 -0.885508 -0.52593 
0.87347 -1.01569 -0.323252 0.638698 -0.895972 -0.408944 0.401117 -0.862112 -0.528265 
0.869274 -1.01038 -0.324107 0.642052 -0.874863 -0.410367 0.408746 -0.82275 -0.530065 
0.867792 -1.00831 -0.324306 0.644333 -0.865853 -0.410986 0.412442 -0.806786 -0.530235 
0.866188 -1.00507 -0.324115 0.647996 -0.851776 -0.414195 0.417235 -0.784848 -0.528851 
0.863745 -0.998705 -0.324567 0.655735 -0.831005 -0.414059 0.430873 -0.746423 -0.527246 
0.862671 -0.996405 -0.324458 0.658578 -0.823229 -0.413187 0.437065 -0.731282 -0.526271 
0.861631 -0.992916 -0.325016 0.664171 -0.810692 -0.412422 0.44703 -0.708653 -0.524908 
0.85997 -0.987824 -0.325592 0.671744 -0.794583 -0.406773 0.464471 -0.673568 -0.519327 
0.859421 -0.986467 -0.325737 0.675332 -0.787918 -0.405065 0.471658 -0.660523 -0.516117 
0.858589 -0.984295 -0.326702 0.681861 -0.777922 -0.402739 0.483335 -0.640847 -0.510069 
0.85744 -0.981546 -0.327146 0.693114 -0.762739 -0.396836 0.503871 -0.609288 -0.496993 
0.857168 -0.980517 -0.32726 0.69783 -0.756518 -0.393821 0.512082 -0.597683 -0.491045 
0.856473 -0.978328 -0.327693 0.705278 -0.747961 -0.389514 0.525126 -0.580184 -0.481899 
0.855697 -0.975346 -0.328031 0.717328 -0.735695 -0.381176 0.546234 -0.554882 -0.465139 
0.855692 -0.974444 -0.32773 0.721934 -0.731483 -0.377996 0.55464 -0.546304 -0.457926 
0.856072 -0.973014 -0.327542 0.729376 -0.725706 -0.372271 0.567655 -0.533729 -0.448243 
0.856952 -0.971058 -0.326466 0.741449 -0.717589 -0.36284 0.589297 -0.515962 -0.432186 
0.857808 -0.970374 -0.326048 0.745381 -0.715112 -0.358142 0.598047 -0.50916 -0.426332 
0.857484 -0.968917 -0.325223 0.753993 -0.710258 -0.35381 0.611638 -0.499676 -0.41653 
0.859494 -0.967537 -0.323476 0.767371 -0.702186 -0.346683 0.634929 -0.484122 -0.400059 
0.859978 -0.967009 -0.322882 0.769689 -0.701546 -0.33967 0.644002 -0.478479 -0.393413 
0.860731 -0.966057 -0.322367 0.776841 -0.69835 -0.334082 0.657785 -0.470254 -0.383389 
0.861346 -0.964595 -0.321164 0.788157 -0.69352 -0.325963 0.680223 -0.459385 -0.368001 
0.861506 -0.964157 -0.320618 0.792338 -0.692102 -0.322071 0.68856 -0.455858 -0.361901 
0.862311 -0.963657 -0.319754 0.79863 -0.690121 -0.317125 0.700831 -0.450923 -0.35377 
0.863817 -0.963761 -0.317281 0.808274 -0.688069 -0.308641 0.720605 -0.444322 -0.340089 
0.864335 -0.963806 -0.316562 0.8116 -0.687638 -0.304461 0.728347 -0.442704 -0.33459 
0.865491 -0.963997 -0.31567 0.816522 -0.686945 -0.300246 0.73964 -0.440022 -0.327059 
0.867092 -0.964734 -0.313956 0.823706 -0.686969 -0.292609 0.757289 -0.436692 -0.315654 
0.867745 -0.965037 -0.313576 0.826318 -0.687034 -0.289856 0.764517 -0.435462 -0.310688 
0.868612 -0.965601 -0.312993 0.830335 -0.687201 -0.284241 0.774978 -0.434452 -0.302983 
0.869727 -0.966728 -0.311979 0.837739 -0.687778 -0.277511 0.792458 -0.432939 -0.290425 
0.869436 -0.967101 -0.311872 0.84028 -0.688122 -0.274567 0.79922 -0.432133 -0.285312 
0.870066 -0.967693 -0.311354 0.846347 -0.686207 -0.273844 0.808521 -0.431459 -0.278749 
0.871417 -0.967397 -0.310578 0.852522 -0.686502 -0.268274 0.821471 -0.430295 -0.269642 
0.871876 -0.967037 -0.309945 0.854994 -0.68638 -0.266294 0.825466 -0.429803 -0.266912 
0.87294 -0.966456 -0.3092 0.859027 -0.685348 -0.26459 0.830187 -0.428889 -0.263735 
0.874283 -0.965484 -0.30841 0.861695 -0.683757 -0.264673 0.833008 -0.427731 -0.263702 
0.874391 -0.965209 -0.308292 0.860527 -0.683745 -0.26513 0.831339 -0.427593 -0.265261 
0.874315 -0.964855 -0.308327 0.858756 -0.683676 -0.268232 0.826744 -0.427843 -0.26794 
0.874186 -0.964203 -0.309012 0.854169 -0.6827 -0.270548 0.814772 -0.428601 -0.273796 
0.873693 -0.963449 -0.30955 0.852065 -0.682398 -0.271601 0.807978 -0.428752 -0.276949 
0.87348 -0.962978 -0.310076 0.846878 -0.681915 -0.275528 0.796514 -0.429776 -0.283141 
0.872401 -0.961911 -0.311731 0.83199 -0.683252 -0.282596 0.770583 -0.43266 -0.298431 
0.872097 -0.961541 -0.312999 0.825885 -0.683774 -0.286327 0.757819 -0.43502 -0.306373 
0.871807 -0.961116 -0.314119 0.815612 -0.685235 -0.293246 0.736753 -0.439884 -0.318548 
0.871485 -0.961393 -0.31533 0.794583 -0.690107 -0.307202 0.695531 -0.45364 -0.343663 
0.871513 -0.961865 -0.315864 0.78512 -0.693507 -0.313614 0.676854 -0.4624 -0.354651 
0.871202 -0.963039 -0.316739 0.770027 -0.700094 -0.323706 0.647777 -0.477949 -0.373099 
0.870482 -0.965493 -0.318206 0.744097 -0.715894 -0.341098 0.59796 -0.512525 -0.405042 
0.870082 -0.966527 -0.318651 0.735789 -0.721662 -0.351537 0.578145 -0.529741 -0.418502 
0.87124 -0.969302 -0.318726 0.718845 -0.736433 -0.359885 0.549833 -0.55836 -0.438346 
0.871964 -0.972255 -0.319062 0.695994 -0.761838 -0.378147 0.508267 -0.611946 -0.470153 
0.872644 -0.97389 -0.318787 0.689486 -0.772728 -0.386136 0.49365 -0.63535 -0.482645 
0.874553 -0.976641 -0.318889 0.677558 -0.791486 -0.395391 0.47396 -0.673573 -0.500682 
0.878011 -0.981495 -0.318644 0.663517 -0.825055 -0.409998 0.452531 -0.739607 -0.529802 
0.879859 -0.983551 -0.31832 0.659838 -0.839844 -0.413993 0.446091 -0.767873 -0.539569 
0.883294 -0.987028 -0.317547 0.656146 -0.861583 -0.420655 0.438775 -0.811732 -0.551647 
0.889566 -0.993521 -0.315538 0.656959 -0.898205 -0.430042 0.435585 -0.884965 -0.566911 
0.892811 -0.996543 -0.314647 0.657617 -0.91357 -0.432094 0.436674 -0.914419 -0.570921 
0.897821 -1.00143 -0.313735 0.66024 -0.936658 -0.434567 0.440956 -0.958137 -0.575751 
0.907059 -1.00978 -0.311324 0.668073 -0.974663 -0.43678 0.453152 -1.02859 -0.577439 
0.910981 -1.0131 -0.310415 0.672346 -0.989291 -0.437194 0.457223 -1.05529 -0.575971 
0.917332 -1.01761 -0.309443 0.679457 -1.01033 -0.436711 0.468351 -1.09434 -0.572632 
0.927123 -1.02448 -0.307113 0.692571 -1.04371 -0.433811 0.490573 -1.15552 -0.562782 
0.929346 -1.0259 -0.306522 0.695423 -1.04984 -0.433272 0.495427 -1.16714 -0.560039 
0.937344 -1.03062 -0.305277 0.706887 -1.07384 -0.42853 0.515357 -1.21039 -0.548769 
0.947283 -1.036 -0.303266 0.721958 -1.1004 -0.421994 0.540601 -1.2573 -0.532887 
0.950805 -1.03776 -0.303052 0.727857 -1.10987 -0.418703 0.551292 -1.27447 -0.525558 
0.955744 -1.04027 -0.302276 0.735979 -1.12411 -0.412239 0.566644 -1.29791 -0.515331 
0.965066 -1.0446 -0.301334 0.750664 -1.14381 -0.403455 0.591966 -1.33188 -0.498597 
0.968904 -1.04659 -0.300373 0.755063 -1.15045 -0.400618 0.604427 -1.34436 -0.492194 
0.974371 -1.04873 -0.299837 0.764112 -1.16077 -0.395176 0.617181 -1.36128 -0.483162 
0.983442 -1.0521 -0.29839 0.779713 -1.17632 -0.386751 0.642419 -1.38674 -0.465915 
0.986569 -1.05305 -0.297776 0.785784 -1.18203 -0.383048 0.652275 -1.39623 -0.45909 
0.992058 -1.05499 -0.296026 0.795108 -1.19007 -0.377946 0.671086 -1.4101 -0.44631 
0.999664 -1.05721 -0.293161 0.810226 -1.20277 -0.369248 0.693189 -1.43009 -0.429071 
1.00145 -1.05755 -0.292745 0.815074 -1.20618 -0.366528 0.698588 -1.43424 -0.42491 
1.00846 -1.06021 -0.289628 0.825247 -1.214 -0.361257 0.717861 -1.44836 -0.410359 
1.01655 -1.06165 -0.287115 0.840395 -1.22374 -0.35343 0.742122 -1.46349 -0.394343 
1.01794 -1.06192 -0.286389 0.843483 -1.22568 -0.351876 0.747708 -1.46688 -0.39069 
1.025 -1.06409 -0.28293 0.856434 -1.2318 -0.347332 0.766535 -1.47658 -0.380038 
1.03345 -1.06483 -0.281062 0.868877 -1.23952 -0.338057 0.789807 -1.48788 -0.367464 
0
0
0
0
0
0
0
0
0
0
0
0
0
0
0
0
0
0
0
0
0
0
0
0
0
0
0
0
0
0
0
0
0
0
0
0
0
0
0
0
1.03276 -1.0713 -0.276722 0.862038 -1.24185 -0.341252 0.775737 -1.48783 -0.383236 
1.02473 -1.07223 -0.281419 0.847387 -1.23572 -0.351211 0.751196 -1.47649 -0.401998 
1.02146 -1.07256 -0.283119 0.841392 -1.23318 -0.354954 0.741502 -1.47189 -0.408876 
1.01682 -1.07302 -0.285589 0.832739 -1.22883 -0.360817 0.72585 -1.46348 -0.420965 
1.0086 -1.07308 -0.290387 0.820604 -1.22215 -0.369847 0.707641 -1.45024 -0.436403 
1.00717 -1.07323 -0.291145 0.817633 -1.22031 -0.371844 0.701775 -1.44745 -0.440845 
1.00117 -1.07313 -0.294514 0.806919 -1.21372 -0.378757 0.685333 -1.43516 -0.452878 
0.994768 -1.07287 -0.297874 0.794436 -1.20404 -0.387333 0.663862 -1.41843 -0.468482 
0.992957 -1.07241 -0.298343 0.789945 -1.20096 -0.389545 0.658619 -1.41484 -0.471324 
0.987818 -1.07161 -0.301159 0.780347 -1.19237 -0.39587 0.641663 -1.39963 -0.482814 
0.98201 -1.0709 -0.30384 0.767916 -1.18004 -0.403186 0.616782 -1.37717 -0.498271 
0.981203 -1.07062 -0.304778 0.765461 -1.17751 -0.404556 0.611854 -1.37213 -0.501354 
0.976174 -1.06908 -0.306944 0.755142 -1.16575 -0.409179 0.59444 -1.35197 -0.511889 
0.970545 -1.06701 -0.309698 0.742513 -1.14972 -0.413985 0.572986 -1.32363 -0.524547 
0.96847 -1.06645 -0.310436 0.737439 -1.14253 -0.415667 0.563902 -1.31074 -0.529263 
0.964293 -1.06439 -0.312169 0.731647 -1.13237 -0.417031 0.550165 -1.28978 -0.536554 
0.95874 -1.06166 -0.314141 0.718978 -1.11219 -0.418527 0.529902 -1.25289 -0.547869 
0.957681 -1.06083 -0.31477 0.714315 -1.10692 -0.419106 0.525642 -1.24485 -0.549464 
0.952286 -1.0571 -0.315905 0.707872 -1.0886 -0.420905 0.509971 -1.21093 -0.556053 
0.945466 -1.05114 -0.317069 0.697673 -1.0634 -0.421972 0.491756 -1.1648 -0.562236 
0.942123 -1.04866 -0.316993 0.694144 -1.05252 -0.421965 0.484564 -1.14545 -0.563263 
0.937858 -1.0449 -0.317132 0.688797 -1.03615 -0.421536 0.4752 -1.11577 -0.564534 
0.929914 -1.03772 -0.317951 0.681235 -1.00878 -0.420481 0.463161 -1.06638 -0.563947 
0.928544 -1.03658 -0.317789 0.679942 -1.00332 -0.420192 0.46076 -1.05647 -0.563658 
0.92257 -1.03139 -0.317811 0.675422 -0.981456 -0.418686 0.452706 -1.01645 -0.562264 
0.915851 -1.02473 -0.317957 0.670951 -0.955107 -0.415472 0.445362 -0.969375 -0.557031 
0.914728 -1.02329 -0.317857 0.670278 -0.949844 -0.414676 0.44457 -0.960149 -0.556152 
0.909589 -1.01758 -0.317176 0.668598 -0.929435 -0.411707 0.441986 -0.924326 -0.551388 
0.904136 -1.01029 -0.315998 0.666909 -0.905333 -0.407203 0.441243 -0.882527 -0.545157 
0.903113 -1.0088 -0.315914 0.667067 -0.900539 -0.406666 0.441532 -0.874656 -0.544048 
0.899352 -1.00378 -0.314864 0.664076 -0.883704 -0.402895 0.443087 -0.84298 -0.539281 
0.894564 -0.997174 -0.31431 0.665522 -0.861787 -0.399284 0.446797 -0.804581 -0.533532 
0.893677 -0.995956 -0.314123 0.665617 -0.857548 -0.399094 0.44803 -0.79688 -0.53233 
0.889976 -0.990957 -0.313973 0.668108 -0.840727 -0.395177 0.450949 -0.766794 -0.525583 
0.885888 -0.9856 -0.314249 0.672875 -0.818872 -0.390906 0.462265 -0.726568 -0.516925 
0.884818 -0.984218 -0.314057 0.674272 -0.814522 -0.389956 0.465142 -0.71808 -0.515139 
0.882345 -0.980978 -0.314099 0.680956 -0.796764 -0.38426 0.478434 -0.682954 -0.504772 
0.879675 -0.975849 -0.313334 0.692427 -0.773376 -0.375972 0.50038 -0.638297 -0.488733 
0.87939 -0.974929 -0.313073 0.695504 -0.769397 -0.373391 0.505502 -0.629241 -0.484907 
0.878123 -0.969872 -0.312398 0.707904 -0.750962 -0.365573 0.528796 -0.592745 -0.470002 
0.877142 -0.963379 -0.311035 0.725395 -0.729414 -0.354506 0.561515 -0.550389 -0.449458 
0.877045 -0.962182 -0.310544 0.729179 -0.725302 -0.352695 0.568432 -0.542535 -0.445007 
0.876865 -0.957589 -0.309313 0.744334 -0.711197 -0.342884 0.597374 -0.514086 -0.428346 
0.87772 -0.953689 -0.307786 0.763976 -0.696992 -0.331276 0.635799 -0.483934 -0.407076 
0.878123 -0.953268 -0.307415 0.768135 -0.69453 -0.328922 0.643613 -0.478493 -0.402721 
0.878409 -0.951284 -0.305233 0.784412 -0.685802 -0.318906 0.675993 -0.459173 -0.385316 
0.880518 -0.949848 -0.302736 0.803628 -0.677429 -0.307398 0.715787 -0.4395 -0.362562 
0.880639 -0.94951 -0.302322 0.807242 -0.676084 -0.304324 0.723289 -0.43636 -0.357971 
0.881578 -0.948686 -0.300737 0.820203 -0.67168 -0.295806 0.751581 -0.425802 -0.340898 
0.882589 -0.948843 -0.29791 0.83321 -0.669216 -0.2845 0.780349 -0.418012 -0.320891 
0.88299 -0.948852 -0.297028 0.837537 -0.668893 -0.279664 0.791459 -0.413965 -0.315827 
0.883774 -0.949419 -0.295709 0.843134 -0.66898 -0.273037 0.803605 -0.412135 -0.304344 
0.884773 -0.950149 -0.293204 0.851556 -0.667921 -0.26424 0.818658 -0.411232 -0.285799 
0.885078 -0.950375 -0.292551 0.853869 -0.668195 -0.260651 0.823343 -0.411 -0.279595 
0.884904 -0.950593 -0.29173 0.856926 -0.668638 -0.255797 0.829042 -0.411051 -0.270592 
0.885217 -0.951341 -0.290532 0.861544 -0.669316 -0.24883 0.837695 -0.410951 -0.258739 
0.885266 -0.951352 -0.290391 0.862796 -0.669428 -0.247661 0.839338 -0.411033 -0.256826 
0.88474 -0.951059 -0.29004 0.866164 -0.66977 -0.243411 0.844937 -0.410317 -0.251593 
0.88336 -0.950565 -0.290255 0.868004 -0.668268 -0.242529 0.849332 -0.409036 -0.250902 
0.882918 -0.950226 -0.290869 0.867874 -0.668081 -0.24281 0.849586 -0.408822 -0.251296 
0.881234 -0.949807 -0.291772 0.865998 -0.667281 -0.244957 0.84966 -0.407638 -0.254982 
0.879794 -0.94858 -0.293634 0.863197 -0.666067 -0.251769 0.846044 -0.406587 -0.260044 
0.879157 -0.948022 -0.294008 0.862197 -0.666003 -0.252918 0.845002 -0.406285 -0.261466 
0.87781 -0.946756 -0.29477 0.858927 -0.664638 -0.256914 0.838364 -0.405475 -0.267613 
0.877517 -0.945206 -0.294854 0.853397 -0.662784 -0.261336 0.824922 -0.405013 -0.27774 
0.877521 -0.945009 -0.294817 0.851907 -0.66259 -0.26256 0.821141 -0.40538 -0.28006 
0.878751 -0.944407 -0.295162 0.842709 -0.663941 -0.267237 0.803521 -0.406424 -0.291633 
0.878253 -0.943424 -0.296515 0.828623 -0.665292 -0.276937 0.770026 -0.414492 -0.305495 
0.878251 -0.943437 -0.29717 0.82236 -0.665775 -0.281964 0.755225 -0.418253 -0.312765 
0.87806 -0.943378 -0.299 0.811252 -0.668642 -0.288798 0.731109 -0.425789 -0.324245 
0.876209 -0.944876 -0.301326 0.789934 -0.676581 -0.302212 0.686723 -0.444349 -0.346775 
0.875934 -0.945932 -0.302248 0.78014 -0.680803 -0.30832 0.667566 -0.454014 -0.356868 
0.875636 -0.947855 -0.3032 0.764822 -0.689046 -0.31828 0.637984 -0.471302 -0.374379 
0.876504 -0.951018 -0.303967 0.738284 -0.707759 -0.336221 0.587098 -0.512296 -0.409283 
0.877082 -0.952344 -0.303853 0.727947 -0.717075 -0.344804 0.567175 -0.532412 -0.424467 
0.878342 -0.954673 -0.304085 0.713512 -0.733455 -0.357145 0.538944 -0.566399 -0.447014 
0.881001 -0.959613 -0.30521 0.692732 -0.765188 -0.378036 0.501733 -0.631008 -0.485385 
0.881732 -0.960876 -0.305706 0.689086 -0.772038 -0.382304 0.494984 -0.644822 -0.492708 
0.884287 -0.966718 -0.307059 0.677161 -0.801735 -0.39778 0.47258 -0.703806 -0.518228 
0.888626 -0.975098 -0.308656 0.66833 -0.84119 -0.414379 0.455466 -0.77956 -0.544156 
0.889901 -0.976712 -0.309553 0.667126 -0.84895 -0.417293 0.453161 -0.794788 -0.548334 
0.895039 -0.984776 -0.309434 0.668057 -0.879 -0.427031 0.448923 -0.852291 -0.562522 
0.901887 -0.992585 -0.308875 0.670296 -0.91449 -0.435262 0.450803 -0.919398 -0.574099 
0.905103 -0.995543 -0.308705 0.672509 -0.928066 -0.437797 0.453284 -0.944665 -0.5771 
0.910074 -0.99997 -0.308196 0.676195 -0.948537 -0.439932 0.458727 -0.981797 -0.579602 
0.91883 -1.00793 -0.306259 0.684853 -0.980769 -0.441516 0.469633 -1.03998 -0.579123 
0.92088 -1.00991 -0.305723 0.686955 -0.986944 -0.441441 0.472366 -1.0513 -0.578682 
0.928618 -1.01576 -0.304573 0.69523 -1.01224 -0.439589 0.485599 -1.09609 -0.573806 
0.938253 -1.02284 -0.302341 0.707232 -1.04194 -0.435892 0.505465 -1.14937 -0.564753 
0.940178 -1.02422 -0.301802 0.70977 -1.04795 -0.43467 0.509673 -1.15942 -0.562451 
0.94791 -1.02913 -0.30041 0.720287 -1.06991 -0.430158 0.52722 -1.19832 -0.553024 
0.957902 -1.03501 -0.298084 0.734747 -1.09579 -0.42399 0.551243 -1.24346 -0.539896 
0.959536 -1.0358 -0.297744 0.737759 -1.10091 -0.4226 0.55621 -1.25202 -0.536937 
0.966178 -1.03927 -0.296181 0.750423 -1.11993 -0.417163 0.577789 -1.28589 -0.524898 
0.974987 -1.04383 -0.294271 0.764717 -1.14152 -0.409906 0.606936 -1.32506 -0.50963 
0.97678 -1.04477 -0.293937 0.768237 -1.14602 -0.408284 0.61275 -1.33222 -0.506241 
0.982676 -1.04691 -0.292197 0.781495 -1.16146 -0.402244 0.63669 -1.35969 -0.493015 
0.990404 -1.04926 -0.28893 0.798315 -1.17796 -0.394743 0.667631 -1.38975 -0.475737 
0.991693 -1.04951 -0.288454 0.801205 -1.18061 -0.393636 0.67473 -1.39521 -0.472219 
0.997306 -1.05046 -0.286047 0.814732 -1.19175 -0.387719 0.698328 -1.415 -0.458468 
1.00531 -1.05219 -0.282777 0.831109 -1.20418 -0.380332 0.726706 -1.43576 -0.442723 
1.00729 -1.05283 -0.282093 0.834382 -1.2063 -0.379296 0.731687 -1.43937 -0.439524 
1.01386 -1.054 -0.28038 0.846739 -1.21556 -0.372338 0.752433 -1.4533 -0.427973 
1.0211 -1.05616 -0.277969 0.858995 -1.22398 -0.366216 0.772694 -1.46619 -0.415994 
1.02509 -1.0577 -0.276862 0.864948 -1.22795 -0.363194 0.782237 -1.47219 -0.410359 
1.03145 -1.05958 -0.275902 0.877377 -1.23637 -0.357192 0.801628 -1.48399 -0.39883 
1.041 -1.06277 -0.274967 0.89325 -1.24602 -0.350478 0.828022 -1.49767 -0.383656 
1.04311 -1.06351 -0.274783 0.896302 -1.24789 -0.348636 0.834243 -1.50059 -0.382217 
1.04716 -1.06461 -0.272751 0.905832 -1.25306 -0.344367 0.850869 -1.50792 -0.373369 
1.05814 -1.0648 -0.273078 0.924864 -1.26097 -0.336 0.883602 -1.5193 -0.356839 
1.05988 -1.06477 -0.272967 0.927692 -1.26224 -0.333942 0.888448 -1.52082 -0.353565 
1.06631 -1.06469 -0.271877 0.938944 -1.26597 -0.328046 0.90734 -1.5265 -0.343488 
1.07211 -1.06472 -0.27044 0.94861 -1.26897 -0.322227 0.922647 -1.53046 -0.333315 
1.07468 -1.06483 -0.269771 0.952882 -1.2703 -0.318906 0.929634 -1.53214 -0.329445 
1.07998 -1.0651 -0.268654 0.960823 -1.27237 -0.313671 0.940894 -1.53475 -0.319081 
1.08568 -1.0652 -0.26756 0.968818 -1.27447 -0.307338 0.95238 -1.53715 -0.307185 
1.08667 -1.06524 -0.267279 0.970308 -1.27471 -0.306358 0.954397 -1.5376 -0.303973 
1.09046 -1.06492 -0.266652 0.97621 -1.27601 -0.302094 0.962898 -1.53826 -0.29596 
1.09466 -1.06456 -0.26568 0.982032 -1.27686 -0.297229 0.971951 -1.53959 -0.287127 
1.09533 -1.06437 -0.265506 0.983044 -1.27692 -0.296623 0.973472 -1.53972 -0.28568 
1.09749 -1.06419 -0.264543 0.986756 -1.27758 -0.294133 0.979072 -1.54013 -0.281824 
1.09991 -1.0637 -0.264014 0.989995 -1.27803 -0.291612 0.984107 -1.54094 -0.279157 
1.10019 -1.06364 -0.263885 0.990271 -1.27801 -0.291137 0.984714 -1.54082 -0.278919 
1.10109 -1.06348 -0.263471 0.991442 -1.278 -0.290225 0.986655 -1.54017 -0.277971 
1.10147 -1.06343 -0.262902 0.991499 -1.27794 -0.289476 0.985907 -1.54048 -0.274938 
1.10158 -1.06335 -0.262706 0.991261 -1.2778 -0.289407 0.985319 -1.54038 -0.275487 
1.1012 -1.0633 -0.262515 0.989902 -1.27749 -0.289414 0.982933 -1.54009 -0.275609 
1.10025 -1.06332 -0.262401 0.987536 -1.27691 -0.2899 0.979261 -1.53954 -0.278097 
1.09963 -1.06329 -0.262529 0.985837 -1.27648 -0.290525 0.977 -1.53941 -0.278829 
1.09723 -1.06335 -0.262315 0.981805 -1.27572 -0.292058 0.970477 -1.53875 -0.283246 
1.09393 -1.06316 -0.262517 0.975041 -1.27438 -0.294589 0.960203 -1.53745 -0.288945 
1.09305 -1.06312 -0.262614 0.973666 -1.27422 -0.295201 0.957776 -1.53734 -0.289643 
1.08955 -1.06359 -0.26295 0.967338 -1.27318 -0.298598 0.947701 -1.53581 -0.296525 
1.08557 -1.0639 -0.263257 0.959638 -1.27183 -0.301516 0.936272 -1.53419 -0.305379 
1.08368 -1.06409 -0.263402 0.955678 -1.27096 -0.303522 0.930022 -1.5334 -0.310273 
1.07912 -1.06412 -0.263716 0.947387 -1.2691 -0.307404 0.917245 -1.5309 -0.318854 
1.07473 -1.06426 -0.264677 0.939105 -1.26661 -0.311991 0.904419 -1.52772 -0.328469 
1.07234 -1.06417 -0.265073 0.935143 -1.26562 -0.313762 0.897877 -1.52593 -0.332822 
1.06638 -1.0638 -0.265384 0.925549 -1.2623 -0.31857 0.884025 -1.52154 -0.343038 
1.06026 -1.06297 -0.265886 0.915583 -1.25797 -0.323852 0.869075 -1.51603 -0.353505 
1.057 -1.06243 -0.266034 0.910476 -1.25555 -0.326419 0.860939 -1.51291 -0.35902 
1.04983 -1.06221 -0.26511 0.900105 -1.25021 -0.33292 0.844199 -1.50557 -0.370936 
1.04391 -1.0602 -0.267714 0.889564 -1.24411 -0.339632 0.826422 -1.49692 -0.381679 
1.04108 -1.0599 -0.268507 0.884224 -1.24115 -0.343244 0.816391 -1.49253 -0.388521 
1.03467 -1.05929 -0.270079 0.872751 -1.23476 -0.350293 0.796973 -1.48296 -0.401886 
1.02787 -1.05906 -0.272031 0.860583 -1.22782 -0.358551 0.776686 -1.47235 -0.415813 
1.02444 -1.05863 -0.273576 0.853758 -1.22417 -0.361497 0.766115 -1.46635 -0.422444 
1.01728 -1.05799 -0.276105 0.83992 -1.21528 -0.369336 0.742029 -1.45154 -0.436772 
1.00943 -1.05687 -0.279159 0.824912 -1.2049 -0.377401 0.715507 -1.43375 -0.452095 
1.00531 -1.05647 -0.281079 0.816719 -1.1988 -0.381652 0.701524 -1.42384 -0.459319 
0.996713 -1.05562 -0.285558 0.799786 -1.18595 -0.38978 0.671856 -1.40153 -0.475124 
0.988594 -1.05546 -0.289997 0.782968 -1.17191 -0.398003 0.640533 -1.37642 -0.489795 
0.984201 -1.05476 -0.292611 0.774817 -1.16474 -0.401748 0.625947 -1.36332 -0.496822 
0.976155 -1.05375 -0.297478 0.759512 -1.15019 -0.40811 0.601383 -1.33717 -0.508419 
0.966652 -1.05132 -0.302714 0.744026 -1.13156 -0.414054 0.569639 -1.30261 -0.521449 
0.965458 -1.05102 -0.30339 0.739116 -1.12647 -0.416328 0.564311 -1.29582 -0.523295 
0.958586 -1.04869 -0.306333 0.727513 -1.11071 -0.420477 0.544182 -1.26812 -0.531121 
0.951322 -1.04573 -0.309812 0.714813 -1.09079 -0.424306 0.521564 -1.23253 -0.53977 
0.949646 -1.04489 -0.310487 0.711906 -1.08683 -0.42444 0.517285 -1.22517 -0.541034 
0.944076 -1.04216 -0.312425 0.70535 -1.07012 -0.426773 0.502324 -1.19517 -0.54692 
0.937168 -1.03774 -0.313934 0.695398 -1.04737 -0.428114 0.485166 -1.15457 -0.552673 
0.936046 -1.03691 -0.314087 0.693458 -1.04239 -0.428078 0.481676 -1.14547 -0.553925 
0.930957 -1.03347 -0.314453 0.686622 -1.02135 -0.427962 0.469312 -1.1076 -0.557507 
0.925413 -1.02931 -0.314995 0.680916 -0.997829 -0.427006 0.45858 -1.06638 -0.559457 
0.9224 -1.0263 -0.315641 0.678098 -0.983901 -0.428716 0.454013 -1.04314 -0.559982 
0.916744 -1.02055 -0.316194 0.673243 -0.956778 -0.421889 0.449483 -0.994531 -0.559711 
0.911497 -1.01442 -0.316615 0.670991 -0.926496 -0.416289 0.447216 -0.939994 -0.556305 
0.908627 -1.01055 -0.316518 0.670381 -0.911019 -0.412937 0.447824 -0.910731 -0.553845 
0.903991 -1.00254 -0.316597 0.675118 -0.877724 -0.406892 0.454621 -0.850378 -0.547194 
0.89872 -0.991584 -0.316179 0.681927 -0.840301 -0.395345 0.4699 -0.774292 -0.536549 
0.897566 -0.989771 -0.316132 0.683455 -0.833101 -0.393097 0.473111 -0.760279 -0.533695 
0.892654 -0.981157 -0.316463 0.689815 -0.806337 -0.381351 0.489454 -0.706991 -0.520993 
0.888789 -0.974866 -0.316622 0.699377 -0.781784 -0.372869 0.508305 -0.656992 -0.5045 
0.887109 -0.972184 -0.316694 0.704461 -0.770246 -0.367997 0.518379 -0.634962 -0.496346 
0.883923 -0.967003 -0.316841 0.716713 -0.750273 -0.359299 0.538998 -0.596938 -0.477476 
0.88218 -0.963041 -0.316956 0.731638 -0.732652 -0.354565 0.559878 -0.565063 -0.457677 
0.881824 -0.961842 -0.316833 0.738285 -0.726071 -0.350943 0.570294 -0.551768 -0.448208 
0.881641 -0.959355 -0.316866 0.752349 -0.714946 -0.343924 0.588522 -0.530785 -0.429344 
0.882093 -0.958048 -0.316066 0.763984 -0.707225 -0.338034 0.609919 -0.512522 -0.412901 
0.882818 -0.957435 -0.31554 0.768654 -0.704444 -0.334813 0.618765 -0.505799 -0.407131 
0.884236 -0.956467 -0.313319 0.778356 -0.700043 -0.329327 0.633599 -0.495079 -0.398515 
0.886947 -0.955788 -0.311043 0.787671 -0.69567 -0.322823 0.649459 -0.486076 -0.389943 
0.888825 -0.955256 -0.309939 0.792476 -0.693962 -0.319476 0.657236 -0.482396 -0.386149 
0.890684 -0.954285 -0.307158 0.79985 -0.691603 -0.311693 0.672384 -0.474508 -0.380142 
0.893835 -0.953418 -0.304745 0.809432 -0.686618 -0.309145 0.686053 -0.467616 -0.373744 
0.895305 -0.952856 -0.3038 0.810834 -0.687286 -0.303982 0.693558 -0.464361 -0.369717 
0.896872 -0.951617 -0.301896 0.816916 -0.684365 -0.299756 0.704103 -0.458396 -0.365411 
0.898391 -0.950965 -0.300244 0.821682 -0.682561 -0.296319 0.71453 -0.453265 -0.359574 
0.898848 -0.950705 -0.299753 0.824175 -0.681327 -0.294926 0.719333 -0.450599 -0.357514 
0.898957 -0.949847 -0.298497 0.826834 -0.680442 -0.290136 0.72737 -0.446305 -0.352579 
0.899374 -0.949268 -0.297376 0.830269 -0.678714 -0.286685 0.734414 -0.443235 -0.347531 
0.899612 -0.949106 -0.296891 0.832863 -0.678017 -0.285118 0.73769 -0.442245 -0.344986 
0.89983 -0.949386 -0.295618 0.833916 -0.677767 -0.280696 0.742502 -0.439768 -0.340197 
0.899158 -0.949437 -0.294881 0.837045 -0.67667 -0.278591 0.746402 -0.438088 -0.336359 
0.898757 -0.949613 -0.293887 0.839495 -0.674525 -0.280007 0.747618 -0.437481 -0.334469 
0.898389 -0.949671 -0.293418 0.840005 -0.674582 -0.278777 0.748706 -0.43675 -0.332517 
0.897212 -0.94964 -0.293038 0.839941 -0.674597 -0.277337 0.748598 -0.436673 -0.330123 
