826 424 980 456 1025 580 
826 424 980 456 1025 580 
826 424 980 455 1025 579 
826 424 980 455 1026 580 
826 424 980 455 1026 580 
826 424 980 455 1025 581 
826 424 979 454 1024 580 
826 424 980 455 1024 581 
826 424 980 455 1023 581 
826 424 980 455 1024 581 
826 425 980 455 1024 581 
826 425 980 455 1022 580 
826 425 980 456 1022 581 
826 425 980 456 1022 580 
826 425 981 456 1023 581 
826 425 980 455 1023 580 
826 425 979 456 1023 580 
826 425 981 455 1023 580 
826 425 980 456 1022 579 
826 425 980 456 1023 580 
826 424 980 455 1023 580 
826 424 980 456 1023 579 
826 424 980 456 1023 580 
826 425 980 455 1023 579 
826 425 979 455 1023 580 
826 425 980 455 1024 579 
826 425 979 455 1025 579 
826 425 980 455 1026 578 
826 425 979 455 1026 577 
826 424 980 455 1028 577 
826 424 980 457 1031 576 
826 425 981 455 1031 575 
826 425 980 456 1033 573 
825 425 979 455 1035 571 
826 424 980 455 1037 570 
826 424 980 455 1038 569 
825 424 980 455 1041 568 
825 424 980 455 1042 565 
825 424 981 454 1045 564 
825 424 980 455 1045 562 
826 425 981 454 1046 561 
825 424 981 455 1048 559 
826 425 981 454 1048 556 
826 425 982 455 1050 557 
826 424 982 456 1052 554 
826 424 983 455 1054 552 
825 424 982 455 1055 550 
825 424 982 455 1056 548 
825 424 983 455 1057 546 
824 424 984 454 1057 544 
825 425 983 455 1059 541 
826 425 983 455 1059 538 
825 425 984 454 1061 538 
824 424 983 454 1064 534 
825 425 984 454 1063 533 
824 424 983 454 1064 531 
825 425 984 455 1065 528 
824 424 984 454 1065 525 
825 425 984 454 1066 524 
824 424 983 454 1067 522 
825 425 983 453 1068 519 
824 425 983 454 1069 516 
824 425 984 453 1070 515 
824 425 983 453 1072 510 
824 425 983 452 1071 507 
824 425 983 452 1071 503 
823 425 983 452 1071 499 
824 426 983 451 1075 494 
823 425 984 450 1073 493 
824 425 983 450 1072 491 
824 425 983 450 1075 485 
824 426 983 449 1072 483 
823 425 984 449 1076 479 
824 425 984 448 1074 477 
824 425 982 447 1072 475 
824 426 983 446 1076 471 
824 426 983 445 1075 467 
824 426 1005 454 1075 464 
825 426 1008 455 1074 461 
824 426 1008 453 1073 460 
824 426 1007 451 1074 456 
824 426 1007 451 1073 454 
824 426 1007 450 1073 455 
824 426 1007 451 1073 455 
824 426 1007 451 1072 455 
824 426 1007 451 1072 456 
825 426 1007 452 1073 457 
824 426 1007 452 1073 458 
825 426 1007 452 1073 457 
824 426 1007 451 1073 456 
825 426 1007 450 1072 454 
825 427 1007 449 1072 453 
824 426 1007 448 1072 451 
824 426 1006 448 1071 450 
824 427 1005 447 1072 451 
824 427 1006 446 1072 450 
823 426 1005 446 1071 450 
824 426 1005 446 1071 450 
824 426 1005 447 1070 450 
823 427 1005 447 1070 451 
823 427 1005 447 1070 451 
823 426 1005 446 1070 452 
823 427 1004 447 1069 451 
823 427 1004 447 1069 451 
822 427 1004 447 1068 450 
823 428 1003 447 1069 451 
822 427 1004 446 1068 450 
823 429 1004 446 1068 451 
822 428 1004 446 1068 451 
822 429 1004 447 1068 451 
822 430 1003 448 1068 451 
822 429 1003 448 1068 451 
821 430 1004 448 1069 452 
821 430 1004 449 1070 454 
821 430 1003 449 1070 455 
820 431 1003 449 1070 455 
819 431 1003 449 1070 456 
818 432 1002 450 1070 456 
818 431 1003 449 1069 455 
817 432 1003 450 1070 456 
817 432 1002 450 1070 455 
817 431 1003 450 1070 455 
816 432 1003 449 1071 455 
816 431 1003 448 1070 454 
816 432 1003 447 1071 453 
816 431 1003 447 1071 451 
815 432 1001 446 1071 452 
815 432 1002 446 1071 450 
814 432 1001 446 1070 450 
813 432 1001 446 1070 450 
813 432 1001 446 1069 451 
813 432 1000 446 1069 451 
814 432 1001 447 1070 453 
814 432 1001 448 1070 455 
813 432 1001 449 1071 456 
813 431 1001 450 1071 458 
814 432 1002 451 1071 459 
814 432 1001 452 1071 460 
814 432 1002 453 1071 462 
814 431 1001 455 1071 464 
814 432 1002 456 1071 465 
814 431 1002 457 1070 467 
814 432 1002 458 1071 470 
814 432 1002 460 1070 472 
814 431 1002 460 1071 474 
814 431 1002 462 1070 476 
814 431 1002 463 1070 477 
814 431 1002 463 1070 479 
814 431 1002 465 1070 480 
814 431 1002 465 1070 481 
814 431 1003 466 1071 482 
814 430 1003 467 1071 484 
814 431 1003 467 1070 485 
814 430 1003 468 1070 488 
814 430 1003 470 1070 490 
814 430 1003 470 1069 493 
814 430 1003 472 1069 496 
814 430 1003 473 1069 499 
814 430 1003 473 1069 502 
815 430 1003 474 1068 505 
815 430 1002 475 1067 506 
815 429 1002 476 1066 507 
815 430 1001 476 1067 511 
815 430 1001 476 1066 512 
815 429 1001 477 1065 514 
815 429 1000 477 1064 517 
815 430 1000 478 1061 520 
815 429 1000 478 1062 524 
815 429 999 479 1059 527 
816 429 999 481 1057 530 
816 430 998 482 1056 534 
815 430 998 483 1055 537 
816 430 998 484 1055 539 
816 429 999 485 1053 542 
816 429 998 485 1054 543 
816 429 998 485 1052 543 
816 429 998 486 1053 545 
816 429 998 486 1052 545 
816 428 998 486 1052 547 
817 429 998 486 1051 548 
817 430 998 487 1047 552 
817 430 997 487 1048 553 
817 430 997 488 1046 555 
817 430 997 489 1042 559 
817 430 996 490 1041 560 
818 430 996 491 1040 562 
817 430 996 492 1037 566 
817 429 995 493 1036 567 
817 429 995 493 1032 570 
817 429 994 494 1032 571 
818 428 994 494 1030 574 
818 429 993 495 1027 576 
818 429 993 496 1024 578 
818 429 991 495 1020 579 
819 430 989 497 1014 581 
819 429 988 497 1011 582 
820 430 988 500 1006 582 
821 429 987 501 1002 584 
820 428 986 502 1000 581 
822 429 986 501 998 582 
822 429 986 503 996 583 
822 428 986 501 995 584 
822 428 985 501 994 584 
823 429 985 500 993 584 
823 428 985 501 994 584 
823 428 986 501 994 584 
823 428 986 501 994 584 
823 428 986 501 993 584 
823 427 986 501 992 584 
823 428 986 501 991 584 
823 428 986 501 991 585 
823 428 986 501 990 584 
823 428 985 501 990 585 
824 428 985 501 991 585 
824 428 985 501 992 585 
824 428 985 501 993 585 
823 427 986 500 995 584 
823 428 986 500 996 584 
823 427 986 500 997 584 
823 428 986 500 998 583 
823 428 986 499 998 582 
823 428 986 499 1001 582 
823 428 986 499 1002 583 
823 428 987 499 1003 582 
823 428 987 500 1004 580 
822 428 987 499 1004 580 
823 428 987 499 1006 580 
823 428 987 499 1006 580 
823 428 987 499 1006 580 
823 428 988 499 1006 579 
822 428 988 499 1005 579 
823 427 988 499 1005 580 
823 428 988 500 1006 580 
823 427 988 500 1005 580 
822 428 988 500 1006 580 
823 427 988 499 1006 579 
822 428 989 499 1007 579 
823 427 989 499 1008 578 
822 428 989 499 1008 577 
822 428 989 499 1009 576 
822 428 990 498 1013 576 
822 428 990 498 1014 574 
822 428 990 498 1017 572 
821 428 991 497 1018 572 
822 428 991 497 1021 571 
821 429 992 496 1023 569 
822 429 993 496 1024 567 
822 429 993 496 1028 563 
821 429 994 495 1029 564 
820 429 994 495 1033 560 
821 429 995 494 1034 560 
820 430 995 494 1038 555 
820 430 996 492 1041 554 
820 430 997 491 1044 550 
820 430 999 490 1045 548 
820 430 999 489 1049 543 
819 430 999 487 1049 541 
819 430 1000 486 1051 539 
818 429 1001 486 1055 534 
819 429 1001 485 1056 533 
819 429 1002 484 1056 531 
819 429 1001 483 1057 528 
819 429 1002 483 1058 526 
819 429 1002 481 1060 522 
819 429 1003 481 1062 519 
819 429 1003 480 1061 517 
818 429 1003 478 1062 515 
819 429 1003 478 1063 512 
819 430 1004 477 1063 509 
819 430 1004 476 1063 507 
819 430 1005 476 1064 506 
819 430 1005 475 1065 503 
818 430 1005 474 1065 501 
817 429 1005 473 1065 498 
817 429 1005 471 1065 496 
817 429 1004 470 1066 493 
817 429 1004 468 1066 490 
817 429 1004 466 1067 486 
816 429 1004 464 1067 483 
817 429 1004 463 1067 481 
816 429 1003 460 1067 477 
816 429 1004 460 1067 473 
817 429 1003 459 1067 471 
816 429 1004 458 1067 469 
817 429 1003 457 1067 467 
817 429 1003 456 1068 466 
817 429 1004 456 1067 465 
817 429 1003 455 1067 463 
817 429 1004 454 1067 462 
817 430 1004 454 1067 461 
817 430 1002 452 1067 459 
817 430 1003 451 1067 458 
817 430 1003 449 1066 456 
817 430 1002 449 1066 455 
816 429 1003 448 1066 454 
817 430 1002 448 1066 454 
817 430 1002 448 1066 455 
817 430 1003 449 1066 456 
817 429 1002 449 1066 456 
817 430 1003 450 1066 457 
817 430 1002 450 1066 457 
817 430 1003 449 1066 457 
816 429 1002 449 1065 457 
818 430 1002 449 1065 456 
818 430 1001 448 1065 455 
817 430 1002 448 1065 455 
817 430 1002 447 1065 455 
817 430 1001 447 1064 455 
816 430 1001 447 1064 456 
817 430 1001 448 1065 456 
817 430 1001 448 1065 457 
817 431 1002 450 1065 458 
816 430 1002 451 1065 459 
816 430 1003 452 1066 461 
817 431 1003 452 1066 462 
817 431 1003 454 1066 463 
817 431 1004 455 1065 464 
817 431 1004 456 1066 465 
817 431 1004 457 1066 465 
817 431 1004 457 1067 466 
817 431 1004 457 1068 467 
817 432 1004 457 1068 467 
816 432 1004 457 1068 467 
816 432 1004 457 1068 467 
816 432 1004 456 1068 467 
816 432 1003 457 1067 468 
815 432 1004 457 1066 467 
816 432 1003 457 1067 469 
816 432 1004 459 1067 470 
816 432 1003 458 1067 470 
816 432 1003 459 1067 472 
815 432 1003 460 1067 472 
816 432 1002 460 1067 472 
815 432 1003 460 1066 472 
815 432 1002 460 1065 472 
814 432 1003 460 1065 472 
814 432 1002 460 1065 473 
814 432 1002 461 1065 473 
814 432 1002 461 1065 474 
814 432 1002 462 1066 475 
813 432 1002 463 1066 477 
814 432 1002 465 1067 480 
814 432 1003 465 1066 480 
814 432 1003 466 1066 481 
814 432 1003 467 1067 483 
814 432 1003 468 1067 485 
814 432 1003 469 1067 488 
814 432 1003 470 1066 489 
815 432 1003 471 1067 492 
815 432 1003 472 1066 495 
815 432 1003 474 1065 498 
815 431 1003 475 1065 502 
815 431 1003 477 1065 504 
815 431 1003 477 1064 506 
815 431 1003 478 1064 509 
815 431 1003 478 1063 510 
815 431 1003 479 1062 511 
815 431 1003 480 1062 514 
815 431 1002 480 1061 517 
815 431 1003 482 1060 520 
815 430 1002 481 1060 522 
815 430 1002 483 1060 524 
816 430 1002 483 1059 526 
816 430 1002 484 1058 529 
816 430 1001 484 1058 530 
816 430 1002 485 1055 533 
816 430 1001 486 1055 534 
817 430 1002 487 1054 536 
816 430 1001 488 1054 539 
817 430 1000 488 1053 540 
817 430 999 488 1051 542 
817 430 999 489 1050 544 
817 430 998 488 1050 546 
817 430 998 489 1048 546 
817 430 998 490 1048 549 
816 430 998 490 1046 550 
817 430 997 491 1045 552 
817 430 997 491 1043 553 
817 429 997 492 1041 556 
817 430 996 493 1040 557 
817 430 996 493 1038 558 
817 430 996 494 1036 560 
817 430 995 495 1035 561 
817 430 993 496 1033 563 
817 430 994 497 1032 565 
818 430 993 497 1030 566 
818 430 992 497 1028 567 
818 430 992 497 1026 568 
818 429 991 498 1024 569 
818 430 990 499 1023 571 
819 430 990 500 1020 572 
819 430 990 500 1018 573 
819 430 989 501 1015 576 
819 430 987 501 1011 577 
820 430 987 501 1009 577 
820 429 987 501 1007 578 
820 429 986 502 1005 578 
821 429 986 502 1003 579 
822 430 986 503 1002 580 
822 429 985 502 1001 580 
822 429 986 503 1000 581 
822 428 986 502 999 581 
822 429 986 503 998 581 
823 428 986 502 997 581 
823 428 985 502 996 581 
823 428 985 502 995 582 
823 428 985 502 994 582 
823 428 985 502 991 582 
824 428 985 503 990 583 
824 428 985 503 988 583 
824 428 985 503 987 584 
825 428 985 503 986 584 
825 428 984 504 986 584 
825 427 984 503 987 585 
825 428 984 503 988 585 
825 428 984 503 989 585 
825 427 984 503 991 585 
825 428 985 502 994 583 
825 429 985 502 996 584 
825 428 986 502 998 583 
825 429 986 501 998 581 
824 428 986 501 1000 582 
824 428 986 501 998 581 
824 428 985 501 999 581 
824 428 986 501 1000 581 
823 428 986 501 1001 580 
823 428 986 501 1002 580 
824 428 986 501 1004 580 
824 428 986 501 1005 578 
824 428 987 501 1006 577 
824 428 988 501 1008 577 
824 428 988 501 1009 577 
824 428 988 501 1010 576 
823 429 988 501 1010 576 
823 428 988 501 1010 576 
823 428 988 501 1009 575 
823 428 989 501 1010 576 
823 428 988 501 1010 575 
823 428 989 501 1012 575 
823 428 989 501 1013 574 
822 428 990 500 1016 574 
822 428 990 500 1020 571 
822 429 991 499 1021 570 
821 429 992 499 1024 569 
821 428 992 499 1025 567 
821 428 992 498 1029 565 
820 429 993 498 1030 566 
821 429 993 498 1031 565 
821 429 993 498 1032 564 
821 428 993 498 1034 563 
821 429 994 498 1038 559 
820 429 996 497 1039 558 
820 429 996 496 1040 557 
820 429 997 496 1044 552 
820 429 997 495 1045 551 
819 429 998 494 1046 549 
819 429 999 493 1050 544 
819 429 1000 493 1050 542 
819 429 1001 491 1051 541 
818 429 1001 491 1055 536 
819 429 1001 490 1055 536 
819 430 1002 488 1056 534 
819 429 1002 487 1059 528 
819 429 1002 485 1060 528 
818 429 1002 485 1060 526 
818 429 1002 483 1061 524 
818 429 1003 483 1061 521 
818 429 1003 482 1062 520 
818 429 1004 481 1063 517 
818 429 1004 480 1064 515 
818 429 1005 478 1064 512 
818 429 1005 477 1066 508 
817 429 1004 475 1066 504 
817 429 1004 472 1067 500 
817 429 1004 471 1068 497 
817 429 1004 470 1068 494 
817 429 1004 469 1068 491 
817 429 1003 467 1068 489 
817 430 1004 465 1068 486 
817 430 1004 464 1068 484 
817 429 1004 463 1068 482 
817 430 1004 462 1068 480 
818 430 1004 462 1068 479 
818 430 1004 461 1068 477 
818 430 1003 460 1068 475 
818 430 1004 458 1068 473 
818 430 1003 458 1067 471 
817 429 1003 456 1067 469 
818 430 1001 454 1066 467 
818 430 1002 453 1066 465 
818 430 1002 451 1066 464 
818 430 1001 450 1066 462 
818 430 1001 449 1066 462 
818 430 1002 450 1066 462 
818 430 1001 451 1067 462 
817 430 1001 452 1067 464 
817 430 1002 452 1067 465 
817 430 1001 453 1066 466 
817 430 1001 453 1067 467 
817 430 1002 453 1067 467 
817 430 1002 453 1067 467 
817 430 1002 453 1066 466 
817 430 1002 453 1067 467 
817 430 1002 453 1067 467 
817 430 1001 453 1067 469 
817 430 1002 455 1067 469 
817 430 1002 455 1067 469 
817 430 1002 457 1067 471 
817 430 1002 457 1068 473 
817 430 1002 458 1068 474 
817 431 1002 458 1068 474 
817 431 1003 458 1068 473 
817 431 1003 458 1067 472 
817 431 1003 459 1067 471 
817 431 1003 458 1066 470 
816 431 1003 460 1068 473 
817 431 1003 460 1068 474 
817 431 1003 461 1068 477 
816 431 1004 464 1069 479 
816 431 1004 463 1069 480 
817 431 1004 464 1069 481 
816 431 1003 464 1069 482 
817 431 1003 464 1068 481 
817 431 1003 463 1068 480 
816 431 1003 463 1068 478 
816 431 1002 462 1068 477 
816 431 1002 461 1068 476 
816 432 1003 461 1069 475 
815 432 1003 461 1069 475 
815 431 1003 463 1070 478 
815 431 1003 464 1070 480 
815 431 1003 466 1070 482 
815 431 1003 466 1070 484 
815 431 1003 467 1070 485 
815 431 1003 467 1070 485 
815 431 1003 467 1070 485 
815 431 1003 466 1070 484 
815 431 1003 466 1069 483 
815 431 1003 466 1069 482 
815 432 1003 466 1069 482 
815 431 1003 467 1070 484 
814 431 1003 469 1070 486 
815 431 1003 470 1070 489 
815 431 1003 471 1070 491 
815 431 1003 471 1070 493 
815 431 1003 472 1069 494 
815 431 1003 474 1068 496 
815 431 1003 475 1068 498 
815 431 1003 476 1068 500 
816 431 1003 476 1068 503 
815 431 1003 478 1067 505 
816 431 1003 478 1067 507 
816 431 1003 480 1066 510 
816 430 1002 480 1065 513 
816 430 1002 482 1064 515 
816 430 1001 483 1064 518 
816 430 1002 484 1063 521 
816 430 1000 484 1063 523 
816 430 1000 486 1062 525 
816 430 1000 486 1061 529 
816 430 1001 488 1060 531 
816 430 1000 488 1060 532 
816 430 999 489 1060 534 
817 430 999 490 1059 536 
817 430 998 489 1059 537 
817 430 999 490 1059 538 
817 429 999 490 1058 538 
817 429 999 490 1057 539 
817 429 999 490 1057 540 
817 429 999 491 1057 541 
817 429 998 491 1056 542 
817 429 997 491 1054 543 
817 429 998 492 1054 545 
817 429 997 493 1053 547 
817 429 996 494 1052 548 
817 429 996 495 1051 549 
817 429 995 494 1050 551 
817 429 996 496 1049 552 
818 429 995 496 1048 554 
818 429 994 495 1046 556 
818 429 995 497 1045 556 
818 429 994 497 1042 562 
818 429 994 497 1041 561 
818 429 993 498 1041 562 
818 429 993 498 1039 564 
818 429 992 498 1037 565 
818 429 992 499 1036 566 
818 429 992 499 1034 567 
818 429 991 499 1033 569 
818 429 992 500 1030 570 
818 429 990 500 1030 572 
818 429 991 501 1028 573 
818 429 990 501 1025 573 
819 429 990 501 1024 575 
819 429 989 501 1024 576 
819 429 990 502 1022 577 
819 429 988 502 1020 577 
819 429 988 503 1019 578 
820 429 988 503 1018 579 
819 429 987 503 1016 579 
820 429 987 504 1014 580 
820 428 986 504 1012 580 
820 429 986 505 1010 581 
820 429 985 504 1008 582 
821 429 984 506 1005 582 
820 428 984 506 1003 583 
821 428 983 506 1001 583 
821 428 983 506 999 583 
821 428 982 506 998 584 
821 428 982 505 997 584 
822 428 982 506 996 585 
822 428 982 507 996 586 
822 428 982 507 996 586 
822 428 982 506 995 585 
822 428 982 506 996 586 
822 428 982 506 995 585 
822 428 982 506 995 585 
822 428 982 506 994 586 
822 428 981 507 993 585 
822 428 982 506 992 586 
822 428 982 506 992 586 
823 428 981 507 991 586 
823 428 981 507 991 587 
822 427 980 506 989 587 
824 428 982 507 990 587 
824 428 981 507 990 587 
823 428 981 508 990 587 
824 428 981 507 990 587 
824 428 981 508 990 587 
823 428 982 508 993 588 
824 428 982 507 993 587 
823 428 982 506 996 587 
823 428 982 506 998 585 
823 428 983 506 998 583 
823 428 983 506 1001 585 
822 428 983 506 1001 584 
822 428 983 505 1002 583 
823 428 984 505 1006 580 
822 428 985 506 1008 580 
822 428 985 505 1008 580 
822 428 985 505 1011 579 
823 427 986 505 1011 579 
823 428 987 505 1011 578 
823 428 986 505 1012 579 
822 427 987 504 1012 579 
822 428 987 505 1013 579 
823 429 987 505 1013 578 
823 429 986 505 1013 578 
823 429 986 505 1013 578 
823 429 986 505 1013 578 
823 429 987 505 1013 577 
822 429 987 504 1016 577 
822 428 987 504 1016 575 
822 429 988 503 1020 573 
822 429 989 502 1022 573 
821 429 989 502 1023 572 
821 428 989 502 1025 572 
821 428 990 502 1025 571 
821 428 990 501 1027 570 
821 428 990 502 1028 570 
821 428 991 502 1029 569 
821 428 991 501 1031 568 
820 428 992 500 1032 567 
820 428 993 500 1038 563 
820 428 993 499 1037 561 
820 428 994 499 1039 561 
820 428 994 498 1043 555 
820 429 995 497 1043 554 
820 429 996 496 1045 554 
820 429 996 496 1048 548 
820 429 997 495 1049 548 
820 429 998 494 1050 547 
820 429 999 493 1054 541 
820 429 999 492 1055 541 
819 429 1000 491 1055 540 
819 429 1001 491 1057 538 
819 429 1002 491 1057 536 
819 429 1003 490 1058 534 
818 428 1003 489 1062 528 
819 429 1003 488 1061 527 
819 429 1004 486 1062 526 
819 429 1004 485 1063 523 
819 429 1003 483 1065 518 
819 429 1003 482 1065 516 
819 429 1004 480 1065 513 
818 429 1004 480 1067 511 
818 429 1003 478 1067 508 
818 429 1004 477 1067 505 
818 429 1004 475 1068 503 
818 429 1003 472 1068 500 
818 430 1002 470 1069 495 
819 430 1003 469 1070 491 
819 430 1004 466 1070 485 
818 430 1004 464 1071 481 
818 430 1005 461 1071 477 
818 431 1004 460 1070 475 
818 431 1004 459 1070 473 
818 431 1004 459 1070 471 
819 431 1004 459 1070 471 
818 430 1004 458 1069 470 
818 430 1004 458 1070 471 
818 430 1004 458 1069 470 
818 430 1004 458 1070 471 
818 430 1003 458 1070 472 
818 431 1003 458 1069 472 
819 431 1003 459 1069 473 
818 431 1003 460 1070 475 
818 431 1003 460 1069 475 
818 431 1003 460 1069 475 
818 431 1003 460 1069 476 
818 431 1003 461 1069 476 
818 431 1002 461 1068 476 
818 431 1003 461 1069 477 
818 431 1002 461 1069 477 
818 431 1003 461 1069 476 
818 431 1003 461 1069 476 
818 431 1002 461 1069 475 
818 430 1003 461 1069 475 
818 431 1003 461 1069 475 
819 431 1003 461 1069 475 
818 431 1003 461 1069 475 
818 431 1003 462 1069 476 
818 432 1003 462 1069 476 
818 432 1003 463 1068 476 
818 432 1003 463 1068 477 
818 432 1004 464 1069 478 
818 432 1003 465 1069 479 
817 431 1004 466 1069 480 
817 431 1003 467 1069 482 
817 432 1002 467 1069 485 
817 432 1003 468 1068 485 
817 432 1003 468 1068 485 
817 432 1003 468 1068 485 
816 431 1002 467 1068 483 
817 431 1002 467 1067 483 
817 432 1002 466 1067 480 
817 432 1001 464 1066 479 
816 432 1001 463 1067 478 
816 431 1001 462 1066 475 
816 432 1000 461 1066 475 
816 432 1000 461 1066 475 
815 432 1001 461 1066 474 
815 433 1000 462 1066 476 
815 433 1001 463 1067 477 
815 433 1000 464 1067 480 
815 433 1001 466 1068 482 
815 433 1001 468 1068 485 
816 433 1001 468 1068 486 
815 432 1001 470 1068 489 
815 432 1002 471 1068 490 
815 432 1001 472 1068 492 
815 432 1002 473 1067 494 
815 432 1002 474 1067 495 
815 431 1001 475 1068 497 
816 431 1001 476 1068 498 
816 431 1001 477 1068 500 
816 431 1001 477 1067 502 
816 431 1001 478 1067 503 
816 431 1001 479 1067 506 
816 431 1001 480 1067 508 
816 431 1001 480 1066 509 
817 431 1001 482 1065 512 
817 431 1001 483 1065 513 
817 431 1000 483 1064 517 
817 431 1001 485 1063 519 
817 431 1000 485 1063 521 
817 431 1000 486 1062 523 
817 430 1000 486 1062 525 
816 429 999 487 1061 526 
817 429 1000 488 1061 528 
817 429 999 488 1060 529 
817 429 999 489 1060 532 
817 429 999 489 1060 534 
817 429 1000 490 1058 537 
817 429 999 491 1057 539 
817 429 999 492 1057 540 
817 429 999 492 1056 542 
817 429 998 492 1054 546 
817 429 997 493 1054 548 
817 429 997 494 1053 548 
818 429 996 494 1053 549 
818 429 996 496 1052 551 
818 429 996 496 1052 552 
818 429 995 495 1051 552 
818 429 995 496 1051 553 
818 430 995 496 1050 554 
818 430 995 497 1049 554 
819 430 995 497 1048 556 
819 430 994 498 1047 556 
819 430 994 498 1046 558 
819 430 993 499 1045 560 
819 430 992 500 1044 563 
819 430 992 500 1040 566 
819 430 991 501 1040 566 
818 429 990 501 1039 567 
819 429 990 501 1038 569 
819 429 990 502 1037 570 
819 429 989 502 1035 570 
818 428 989 503 1035 572 
819 429 990 503 1032 573 
819 429 990 504 1031 574 
819 429 989 504 1030 575 
819 429 989 504 1029 576 
819 429 988 504 1027 576 
819 429 987 504 1026 578 
819 429 987 505 1025 578 
819 429 987 505 1023 579 
819 429 987 505 1022 580 
819 429 986 506 1021 579 
819 428 986 506 1019 580 
820 428 985 507 1018 580 
820 428 985 506 1018 582 
819 428 985 507 1016 581 
820 428 985 507 1015 582 
820 428 984 507 1013 583 
820 428 984 507 1011 583 
820 428 983 507 1008 586 
820 428 981 507 1006 586 
820 427 980 507 1003 586 
821 428 980 507 1002 588 
822 428 980 508 1000 587 
822 428 980 509 998 588 
822 429 980 509 997 589 
823 429 980 509 998 590 
823 428 981 509 997 589 
823 428 980 509 998 591 
823 428 980 509 998 590 
823 428 981 509 998 591 
823 429 981 509 998 590 
823 428 980 509 998 589 
823 427 980 509 998 589 
823 427 980 509 999 591 
823 427 981 509 998 591 
823 426 980 509 996 590 
822 426 980 509 996 591 
823 426 980 509 995 591 
823 425 979 509 995 591 
823 425 979 509 994 592 
824 425 978 508 994 592 
825 425 978 509 994 593 
825 425 979 509 993 592 
825 424 979 509 994 593 
825 423 979 509 994 593 
825 423 980 509 995 593 
825 423 980 509 997 594 
825 423 980 509 998 593 
826 423 981 509 1000 593 
826 423 981 509 1002 592 
826 423 981 509 1001 590 
826 422 981 509 1001 590 
825 423 981 509 1002 591 
826 423 982 509 1001 590 
826 422 981 509 1000 590 
825 423 981 509 1001 591 
825 423 981 508 999 590 
825 423 980 508 1000 591 
826 423 980 508 999 591 
826 423 981 508 999 591 
826 423 981 508 999 590 
826 423 981 508 1000 590 
826 423 981 508 999 590 
826 423 981 509 1000 590 
825 423 981 509 1001 590 
