779 349 912 367 937 455 
779 349 912 367 937 455 
779 349 911 366 937 455 
779 350 912 366 938 456 
778 349 911 365 938 456 
779 349 911 365 938 456 
778 349 911 365 937 456 
779 349 912 365 937 455 
779 350 911 365 937 456 
779 349 912 366 937 456 
779 349 911 365 936 455 
779 349 912 365 936 455 
780 349 911 364 936 456 
779 349 911 365 936 456 
779 349 912 365 936 456 
780 350 912 365 936 456 
779 349 911 365 935 455 
779 349 911 365 937 456 
779 349 911 365 936 455 
779 349 911 366 936 455 
779 350 911 365 937 456 
779 350 912 365 937 455 
779 349 912 366 936 455 
779 349 912 365 936 455 
780 350 912 365 937 456 
780 350 911 365 937 455 
779 349 911 365 937 454 
779 349 911 365 937 455 
779 349 911 365 937 454 
778 349 911 365 940 453 
779 349 911 365 941 452 
778 349 911 365 942 452 
778 349 911 364 943 451 
779 349 912 365 945 450 
779 349 911 366 948 449 
779 350 911 366 948 447 
779 349 912 366 950 447 
779 349 911 366 951 447 
779 349 912 365 953 446 
778 349 912 366 954 444 
779 350 913 365 955 442 
778 349 912 364 957 442 
779 350 911 364 958 441 
778 349 912 364 959 440 
778 349 911 364 961 439 
779 351 912 364 962 439 
779 351 911 363 963 437 
779 350 911 363 963 436 
778 350 912 364 966 436 
778 349 912 364 967 435 
779 350 912 364 967 433 
779 350 913 363 971 429 
778 349 912 363 971 428 
779 351 913 362 972 428 
779 350 912 362 974 427 
778 349 912 362 975 425 
778 350 912 362 977 422 
778 349 913 362 978 421 
778 350 912 362 978 419 
778 349 913 361 979 417 
778 351 912 362 980 416 
778 350 913 361 981 415 
778 350 913 361 984 411 
777 350 912 361 984 410 
778 350 915 361 985 409 
777 349 914 361 986 405 
778 351 913 359 987 404 
778 350 914 358 989 398 
777 349 914 357 989 397 
778 351 913 357 990 395 
778 350 913 356 991 393 
778 350 914 356 991 391 
778 350 915 355 991 389 
778 350 914 355 992 387 
778 351 913 354 993 385 
778 350 913 353 994 383 
778 350 914 352 994 382 
777 350 914 351 994 380 
778 351 915 350 994 377 
777 351 915 350 995 375 
777 351 914 349 995 373 
778 351 914 348 995 372 
778 351 914 347 995 371 
778 351 913 346 995 371 
777 351 914 347 995 370 
778 351 914 347 995 370 
778 352 914 348 995 371 
778 351 914 347 994 371 
778 351 913 348 995 371 
778 351 914 347 994 371 
778 351 914 348 995 370 
778 351 914 347 994 369 
778 352 915 346 995 368 
777 351 914 345 995 367 
777 352 913 345 995 367 
777 351 913 344 995 366 
777 351 913 344 995 365 
777 351 913 344 994 365 
777 352 913 344 995 366 
776 351 913 344 995 366 
777 352 913 344 994 366 
776 351 912 344 993 366 
777 353 912 344 994 366 
777 352 912 343 994 366 
776 352 912 343 993 365 
776 353 912 343 993 365 
776 353 912 343 993 365 
775 353 912 343 992 364 
775 353 912 343 991 363 
776 355 912 344 991 363 
775 354 912 344 990 363 
775 355 911 345 991 364 
774 355 910 345 992 363 
774 357 911 346 992 363 
774 356 911 347 995 353 
772 356 911 347 995 353 
773 357 910 348 990 370 
772 358 909 348 992 372 
771 358 909 348 992 372 
772 358 909 348 992 373 
771 358 909 348 992 372 
770 357 910 348 992 372 
771 359 909 349 991 372 
771 358 909 350 992 371 
770 358 909 350 992 371 
770 358 909 350 992 370 
769 358 909 349 992 370 
768 357 909 349 992 370 
769 358 909 349 992 369 
768 359 908 349 991 369 
768 358 907 349 991 369 
767 358 907 349 991 370 
768 359 908 348 991 370 
768 358 907 348 991 372 
768 359 909 350 991 372 
768 358 909 350 991 374 
768 358 909 350 991 375 
769 359 910 353 992 377 
768 358 910 352 991 377 
768 357 910 353 991 378 
769 358 909 354 991 380 
769 358 909 354 990 382 
768 357 909 355 989 383 
768 358 909 355 989 385 
768 357 909 355 990 387 
769 358 909 357 989 388 
769 358 909 358 988 390 
768 357 909 358 988 391 
769 358 909 358 988 392 
768 357 909 359 988 392 
769 357 909 359 988 393 
769 357 910 360 988 394 
768 356 909 360 987 396 
769 357 910 361 986 396 
769 356 910 361 985 398 
768 356 910 362 984 400 
769 357 910 363 983 403 
769 356 910 364 982 404 
769 356 909 364 982 407 
769 356 909 364 980 408 
770 356 910 365 980 410 
769 355 910 365 979 411 
769 356 910 365 979 413 
770 355 910 366 978 413 
770 355 909 365 977 415 
769 355 910 366 975 416 
770 355 910 366 975 419 
770 356 909 366 972 420 
770 355 908 367 970 423 
770 355 909 368 970 425 
770 355 909 368 966 429 
770 355 908 370 966 430 
770 355 908 371 964 431 
771 356 909 370 964 434 
770 355 908 371 963 434 
771 355 909 372 963 435 
771 355 908 371 962 436 
770 354 909 371 961 437 
771 355 909 371 961 438 
770 354 909 373 961 438 
772 356 909 372 960 440 
772 355 908 372 958 441 
771 354 908 373 954 444 
772 355 907 372 953 444 
771 354 907 374 951 444 
772 356 907 374 948 449 
772 355 907 374 947 448 
771 354 906 374 946 449 
772 356 906 376 944 450 
772 355 906 375 943 451 
772 354 906 376 942 452 
773 356 906 376 939 454 
773 355 905 376 936 455 
772 354 906 377 933 457 
773 355 904 380 930 458 
773 354 905 379 927 459 
774 356 904 378 924 461 
774 354 904 379 921 462 
774 355 904 378 918 463 
775 354 904 380 916 462 
775 355 904 380 916 463 
776 355 904 380 915 464 
776 354 903 379 915 465 
775 353 904 379 915 465 
777 354 904 379 915 465 
776 353 904 379 915 464 
777 354 904 379 915 464 
776 353 905 379 914 464 
777 354 905 379 915 464 
776 353 905 379 914 464 
777 353 905 380 913 464 
778 354 905 380 913 464 
777 353 905 380 912 463 
777 353 904 380 912 463 
777 353 904 380 913 463 
777 353 904 380 913 463 
778 354 904 380 915 464 
777 353 904 380 917 464 
777 354 904 380 917 463 
776 353 904 379 918 462 
776 353 904 379 919 461 
777 354 904 379 920 462 
776 353 904 379 920 461 
776 354 904 379 922 461 
776 353 904 379 923 461 
776 354 904 379 924 461 
776 353 904 379 925 461 
776 353 904 379 925 459 
776 354 904 379 925 459 
776 353 904 379 925 460 
777 353 904 379 924 459 
776 354 904 379 925 460 
777 353 904 380 924 460 
776 354 904 380 925 460 
776 354 905 380 925 459 
777 353 904 379 925 460 
776 353 904 379 925 459 
777 354 904 379 925 458 
776 353 904 379 927 458 
776 354 904 379 927 456 
777 354 904 378 929 456 
776 354 904 379 930 455 
776 354 905 379 932 455 
776 354 904 378 937 452 
775 354 905 377 936 451 
775 354 905 378 938 452 
774 354 904 378 939 451 
775 355 905 377 940 451 
774 354 905 377 944 447 
774 354 905 377 945 447 
774 355 905 377 947 447 
773 354 905 377 951 443 
774 355 905 376 952 442 
773 354 906 377 957 439 
773 355 907 377 957 438 
773 355 907 376 962 435 
772 354 906 376 963 434 
773 356 906 376 967 430 
773 355 906 375 967 429 
772 354 905 374 968 429 
773 356 906 374 973 424 
773 355 906 374 973 424 
772 354 906 374 978 421 
773 356 905 373 977 420 
773 355 906 373 978 419 
772 354 906 373 981 415 
773 355 906 372 980 414 
772 355 907 371 980 412 
771 354 906 370 981 411 
773 355 907 370 981 410 
772 355 907 370 984 405 
772 355 907 370 984 405 
772 355 907 369 985 405 
772 355 907 369 984 403 
771 354 907 367 985 399 
772 355 907 366 985 397 
771 354 908 365 985 395 
771 355 909 362 986 393 
771 354 909 361 987 390 
771 355 908 359 987 388 
771 354 909 359 988 386 
771 355 908 358 989 383 
771 354 908 357 989 381 
771 355 909 356 990 380 
772 354 909 356 990 378 
771 355 910 356 991 377 
772 355 910 355 991 376 
771 354 910 355 991 375 
772 355 910 355 992 373 
771 354 910 353 992 372 
773 356 911 354 992 371 
772 356 910 351 992 369 
772 355 910 350 992 368 
771 355 911 351 992 366 
771 355 910 349 992 367 
771 355 910 349 992 365 
771 355 911 350 992 366 
772 356 910 349 993 366 
771 355 912 351 992 366 
771 355 910 350 992 368 
772 355 911 351 992 368 
771 356 910 350 992 368 
772 355 910 350 992 368 
771 355 911 350 992 367 
772 355 910 349 992 366 
772 356 911 349 992 367 
770 355 910 348 991 365 
771 355 909 347 992 366 
772 356 911 348 991 366 
771 355 910 348 991 369 
771 357 910 348 991 370 
771 356 909 349 991 371 
771 356 911 351 991 372 
771 356 910 352 991 373 
771 357 910 352 990 374 
771 356 910 353 990 374 
771 357 910 354 990 374 
771 357 911 355 990 374 
771 357 911 355 991 373 
771 357 911 356 991 375 
771 357 911 356 992 375 
772 359 911 357 992 375 
771 359 910 357 991 375 
770 358 911 356 991 378 
770 359 911 355 991 378 
771 359 910 355 991 378 
770 358 911 356 991 378 
770 359 912 356 991 378 
770 359 912 356 990 378 
771 358 911 356 990 378 
770 358 911 356 990 379 
770 359 912 357 989 379 
770 358 911 358 988 379 
770 358 910 358 988 379 
769 359 910 358 988 379 
770 359 910 358 988 379 
768 359 909 358 989 380 
769 359 910 357 989 381 
768 359 910 358 988 380 
768 360 910 359 988 382 
768 359 909 359 988 384 
769 359 911 361 988 385 
769 359 910 361 987 388 
768 358 910 361 987 389 
770 359 911 362 987 389 
769 358 911 363 987 390 
769 358 911 364 987 392 
769 357 910 363 987 394 
769 358 911 365 987 396 
770 358 911 366 987 397 
770 358 910 366 986 399 
770 358 911 366 985 401 
769 357 911 368 983 404 
769 357 911 368 983 407 
769 357 911 369 983 409 
770 358 910 369 982 410 
770 357 911 370 980 410 
770 357 910 369 980 411 
770 357 910 371 978 412 
769 357 910 371 978 414 
770 356 910 372 978 415 
771 357 909 371 975 417 
770 356 910 373 976 419 
771 356 910 373 975 421 
771 357 910 374 975 423 
770 356 910 374 974 424 
771 356 910 374 973 426 
771 356 909 375 969 430 
771 356 909 375 969 430 
772 356 908 376 967 431 
772 356 908 377 965 431 
771 355 907 377 964 434 
772 357 907 378 963 434 
771 356 907 378 964 436 
771 355 907 378 963 437 
771 356 907 378 962 438 
772 356 906 379 960 438 
772 356 906 379 957 443 
771 356 906 379 956 442 
771 355 905 379 955 443 
772 357 905 379 955 444 
772 356 905 380 951 447 
771 355 904 380 951 448 
773 356 904 380 950 448 
772 356 904 380 947 449 
772 356 904 381 947 450 
771 355 904 381 944 452 
772 356 903 381 942 452 
772 355 903 382 941 453 
773 356 903 382 940 455 
772 355 902 382 937 457 
774 356 902 382 934 458 
773 355 902 382 932 458 
774 356 902 382 929 459 
774 356 902 383 927 460 
774 355 902 383 926 461 
775 356 901 383 923 463 
775 355 901 383 921 462 
775 355 901 383 920 463 
775 354 901 383 919 462 
776 355 901 383 918 463 
776 354 901 383 918 463 
776 354 901 383 917 463 
776 354 901 384 917 463 
777 355 901 383 916 463 
777 355 901 383 915 463 
777 354 900 383 914 462 
777 353 900 383 912 462 
778 355 900 383 911 462 
778 353 900 383 910 463 
778 354 900 383 908 464 
779 354 900 383 907 464 
778 353 900 383 907 464 
780 354 900 383 907 464 
779 354 900 383 908 464 
778 353 900 383 910 465 
779 354 900 383 911 465 
778 353 900 383 912 464 
778 353 900 383 914 464 
778 353 901 383 916 464 
778 354 900 383 917 463 
778 354 900 383 918 463 
778 354 900 383 919 463 
777 353 900 383 918 462 
778 355 900 383 918 462 
777 354 900 383 919 462 
777 354 901 383 922 458 
777 353 901 383 922 459 
778 354 901 383 924 460 
777 354 901 383 925 460 
777 354 902 383 925 460 
777 354 902 383 927 460 
776 353 902 383 927 459 
777 355 902 383 927 459 
776 354 902 383 928 458 
776 354 901 383 927 458 
776 354 901 382 927 458 
776 353 902 383 928 458 
777 355 901 382 928 457 
777 355 902 382 930 457 
776 355 902 382 931 457 
776 355 902 382 936 454 
776 355 902 382 937 455 
775 355 903 382 939 455 
775 355 903 382 940 455 
775 355 903 381 941 454 
775 355 903 381 944 452 
775 355 903 381 945 450 
775 355 903 381 947 450 
774 354 903 381 946 450 
776 355 903 381 948 450 
774 354 904 381 953 446 
775 356 903 381 953 445 
774 355 903 380 955 445 
774 355 904 381 960 441 
773 354 904 380 960 441 
774 356 904 380 964 437 
773 356 905 380 965 437 
773 355 905 380 969 432 
773 355 905 379 968 431 
773 355 905 378 969 431 
773 354 906 378 974 426 
773 356 907 377 974 426 
773 356 907 376 978 422 
773 355 907 376 978 421 
773 355 908 376 978 420 
772 354 908 375 978 418 
774 356 908 375 981 414 
773 355 908 374 982 414 
772 355 909 374 982 412 
772 354 909 373 982 411 
773 355 910 372 983 409 
773 355 910 370 986 404 
772 354 910 368 985 401 
772 355 910 367 986 399 
772 355 911 365 987 395 
772 355 911 365 987 393 
772 355 911 364 987 391 
772 355 911 363 987 390 
772 355 912 361 988 388 
772 355 912 360 988 387 
773 355 911 360 989 384 
772 354 911 359 989 383 
773 356 911 359 989 381 
773 355 912 359 989 379 
773 356 912 358 990 378 
773 355 912 357 990 376 
772 355 911 356 990 374 
773 356 912 354 989 372 
772 356 912 353 990 371 
772 356 912 352 990 369 
772 356 912 352 990 368 
772 356 912 351 991 368 
772 356 912 351 991 368 
772 355 912 351 991 368 
772 356 912 352 991 369 
772 356 912 352 991 370 
771 356 911 353 991 371 
772 356 912 353 991 371 
772 356 912 353 991 372 
772 356 911 353 991 372 
772 356 911 353 991 372 
771 355 912 353 991 372 
773 357 912 353 991 373 
773 356 912 353 991 373 
772 356 911 354 991 374 
772 357 912 355 992 375 
772 356 912 355 993 377 
772 356 912 356 991 377 
772 356 912 356 991 377 
772 357 912 357 991 378 
771 356 912 357 990 376 
772 358 912 358 990 376 
772 358 912 357 990 375 
772 358 912 358 990 375 
772 358 913 358 990 377 
771 358 912 359 990 380 
771 358 912 359 990 384 
771 358 912 359 990 384 
771 358 913 360 990 386 
771 358 913 361 990 386 
771 358 913 361 990 387 
771 358 913 360 990 386 
771 358 913 360 989 385 
771 358 913 359 990 384 
771 358 912 358 989 383 
771 358 913 358 990 382 
771 357 912 358 990 381 
771 359 912 357 990 382 
771 358 912 359 991 383 
771 358 912 360 991 385 
770 358 912 361 990 386 
770 358 912 364 990 388 
770 358 912 364 990 388 
770 358 912 364 990 389 
770 358 912 364 990 389 
769 357 912 364 990 389 
771 359 912 363 990 388 
770 358 912 362 990 388 
770 358 912 361 990 387 
770 358 912 362 990 388 
770 358 913 363 990 390 
770 358 913 364 990 391 
770 358 913 364 989 393 
770 358 913 365 989 394 
771 358 913 365 989 396 
770 358 913 366 988 396 
770 358 913 367 988 398 
770 358 913 368 988 400 
770 358 913 368 987 402 
771 358 913 369 987 404 
771 357 913 369 986 405 
771 357 913 370 984 408 
770 356 913 371 984 410 
771 357 913 371 984 411 
771 357 912 371 983 413 
771 357 912 372 982 414 
771 356 912 373 980 417 
771 357 913 373 980 419 
771 356 912 374 979 420 
771 356 912 375 979 422 
772 356 911 374 977 423 
771 355 911 375 977 424 
772 356 911 376 976 426 
772 356 910 376 975 427 
772 356 911 376 975 427 
772 355 911 377 975 428 
772 355 911 376 974 429 
772 355 910 377 974 429 
772 356 911 377 974 431 
772 355 911 377 972 430 
772 355 910 378 973 433 
772 355 909 378 970 432 
772 355 910 378 970 435 
772 355 909 379 966 438 
772 355 909 379 966 439 
772 354 908 379 965 438 
773 356 908 380 965 440 
773 356 908 380 965 440 
773 356 907 381 963 441 
773 355 907 381 962 442 
773 355 907 382 961 443 
773 355 906 381 957 448 
773 355 905 382 957 447 
773 355 905 382 956 447 
772 354 905 382 955 448 
774 356 905 382 954 448 
773 355 904 382 953 449 
773 355 904 383 952 450 
772 355 904 383 951 451 
773 355 904 383 949 451 
773 354 904 384 948 453 
774 356 903 384 946 454 
774 355 903 384 945 455 
774 355 903 384 944 456 
774 355 903 384 942 457 
773 355 903 384 941 457 
774 355 903 384 939 457 
773 354 902 385 938 459 
775 355 902 384 935 460 
774 355 902 385 934 461 
774 355 902 385 931 461 
774 354 901 385 930 462 
775 356 901 386 925 465 
775 355 901 386 925 464 
775 355 900 386 923 464 
774 354 900 385 921 464 
775 355 900 386 919 465 
776 354 899 386 918 465 
776 354 899 386 917 465 
776 354 899 386 917 466 
776 354 899 386 916 465 
776 354 899 386 915 464 
777 355 900 386 916 464 
776 355 899 386 915 464 
776 355 899 386 916 465 
777 354 899 386 915 465 
777 354 899 387 914 465 
777 354 899 386 914 465 
777 354 899 386 913 465 
777 354 898 387 912 465 
777 354 899 386 911 465 
776 353 899 387 911 465 
778 354 898 386 910 465 
777 354 899 387 910 465 
777 354 899 386 910 465 
778 354 899 387 910 465 
777 353 899 386 910 465 
778 353 899 387 910 465 
778 354 899 386 912 466 
778 354 899 387 912 466 
777 353 899 386 914 465 
777 354 899 386 917 463 
776 354 899 386 919 464 
778 355 899 387 920 465 
777 355 899 386 920 464 
777 354 900 387 921 464 
777 354 900 386 922 464 
776 353 900 386 928 461 
777 355 901 386 928 461 
777 354 902 386 929 461 
777 354 902 386 930 461 
778 354 901 386 930 460 
777 354 901 386 931 461 
776 354 901 386 932 461 
777 354 902 386 931 461 
777 355 902 386 932 461 
777 355 902 386 931 460 
776 355 901 386 931 460 
776 354 901 386 931 460 
777 354 902 386 932 459 
776 354 902 386 933 459 
776 354 903 386 938 456 
776 354 902 386 938 456 
776 354 902 385 940 457 
776 354 902 384 940 456 
776 354 903 385 941 456 
776 354 902 384 942 455 
776 354 903 384 943 455 
776 354 903 385 945 455 
776 355 903 384 944 454 
775 355 903 384 945 454 
775 355 903 384 947 454 
775 355 904 384 952 449 
775 355 904 384 952 449 
775 355 904 383 953 448 
774 355 904 383 958 445 
774 354 905 382 958 444 
774 355 905 382 963 441 
774 355 906 382 963 440 
774 355 906 382 963 440 
774 355 907 381 969 436 
774 355 908 381 968 435 
774 355 908 381 969 434 
774 355 909 380 974 430 
774 354 909 379 974 429 
774 355 909 378 975 429 
774 355 910 379 975 428 
773 355 910 377 980 424 
774 355 910 378 979 423 
774 355 910 376 979 421 
774 355 911 375 982 415 
773 355 912 375 983 416 
773 355 912 373 982 413 
773 354 913 373 984 413 
773 355 913 371 985 408 
773 355 913 371 985 407 
773 355 913 371 987 404 
773 355 913 370 988 403 
773 355 913 368 988 401 
773 355 913 367 989 400 
772 355 914 366 988 397 
773 355 914 364 989 395 
772 355 914 362 989 392 
772 355 914 360 994 384 
773 355 916 359 994 380 
773 356 915 359 994 380 
772 355 914 357 993 378 
772 356 915 357 993 378 
772 356 914 356 993 377 
772 356 914 357 993 377 
772 355 915 357 994 376 
773 357 915 358 993 376 
772 356 915 358 993 377 
772 356 914 358 994 378 
772 356 915 359 994 379 
772 356 914 359 993 380 
772 356 914 359 993 380 
772 356 914 359 993 380 
772 356 914 359 992 380 
772 356 914 359 992 381 
772 356 914 359 993 381 
772 356 914 359 992 380 
772 356 914 360 992 381 
772 356 914 360 993 381 
772 356 914 360 992 380 
772 356 915 360 992 380 
772 356 915 359 993 380 
772 356 914 359 992 379 
772 357 914 360 993 380 
772 357 914 359 993 379 
773 357 915 360 993 380 
772 357 915 360 993 380 
772 357 914 360 992 380 
772 357 914 361 992 380 
771 357 914 362 991 381 
772 358 915 363 991 384 
772 358 914 363 991 385 
772 358 914 364 991 386 
772 358 914 364 991 388 
771 358 914 363 991 388 
771 358 914 363 991 388 
771 358 915 362 991 388 
772 358 914 361 990 387 
772 358 914 362 990 386 
772 358 913 360 989 384 
771 358 914 359 990 383 
772 359 914 359 990 383 
771 358 914 359 990 381 
771 359 914 358 990 380 
771 359 914 358 990 380 
771 359 913 358 990 380 
770 359 913 359 990 380 
769 359 913 359 990 382 
769 359 914 361 990 383 
770 359 913 362 990 386 
770 359 913 362 990 387 
770 359 913 363 990 389 
770 359 913 365 990 391 
770 358 913 365 989 392 
770 359 914 365 989 394 
770 358 914 366 989 395 
770 358 914 367 989 396 
771 358 914 368 988 397 
771 358 914 368 988 398 
771 358 913 368 988 399 
771 358 913 368 988 401 
771 358 913 369 988 403 
771 357 914 370 987 403 
770 357 914 370 987 405 
771 357 913 371 987 407 
771 357 913 371 986 408 
771 357 913 372 985 410 
771 356 913 372 985 412 
771 356 913 373 984 413 
771 356 913 373 983 415 
771 356 913 374 983 417 
771 356 913 374 981 418 
772 356 913 375 981 419 
772 356 912 375 980 420 
772 356 913 376 979 421 
773 356 913 376 978 422 
772 356 912 377 977 424 
773 356 912 377 977 426 
773 357 912 377 975 427 
773 357 911 378 974 427 
772 357 911 379 972 431 
773 357 911 380 971 433 
773 357 911 381 971 434 
773 357 910 381 970 436 
773 356 909 381 969 437 
772 356 909 382 968 438 
772 356 908 382 967 439 
773 356 909 382 966 440 
773 355 909 382 965 441 
773 356 908 383 965 441 
773 356 908 383 964 442 
773 355 908 383 964 442 
773 355 908 383 963 444 
774 356 908 384 962 445 
773 355 907 384 961 446 
772 355 906 384 959 447 
774 356 907 384 958 448 
774 356 906 385 953 452 
774 356 905 385 954 453 
774 356 905 385 952 453 
774 356 906 386 952 454 
773 354 905 385 951 454 
774 355 905 385 950 455 
773 355 905 386 949 455 
773 355 905 386 948 455 
773 355 904 386 947 456 
774 355 904 386 945 456 
773 355 903 386 944 458 
774 355 903 386 943 459 
773 354 903 386 942 459 
775 355 903 386 941 460 
775 355 904 387 940 461 
775 355 903 387 939 461 
774 354 902 387 938 462 
774 355 902 386 937 462 
775 355 902 387 936 463 
775 355 902 387 935 463 
775 355 902 387 934 463 
775 355 902 387 932 464 
775 355 901 387 931 464 
776 355 901 387 929 464 
776 355 900 387 927 464 
776 354 900 388 922 468 
775 355 899 388 922 467 
776 355 900 388 921 468 
776 355 899 388 919 467 
776 355 900 388 918 468 
776 354 900 389 918 468 
777 354 899 389 918 469 
777 354 898 388 918 469 
777 354 899 388 919 469 
776 353 899 388 918 468 
776 353 899 388 919 468 
777 353 899 388 919 468 
777 353 899 388 919 468 
777 353 899 388 919 468 
777 353 900 388 917 467 
777 353 899 389 918 468 
777 352 899 389 917 467 
777 352 900 389 916 468 
778 352 899 389 915 468 
778 351 899 389 916 469 
778 351 899 389 915 469 
778 351 900 389 915 469 
778 350 900 389 914 469 
779 349 900 389 914 470 
779 349 900 389 914 470 
779 349 899 389 916 470 
780 349 900 389 916 470 
781 349 900 389 917 471 
781 349 899 389 917 469 
780 348 900 389 919 469 
780 347 901 389 920 468 
780 347 901 389 920 468 
780 348 900 389 920 468 
780 348 900 389 920 468 
780 349 900 389 920 467 
780 349 900 389 920 467 
780 349 900 389 920 468 
780 348 901 389 919 468 
780 349 901 389 919 468 
780 349 900 389 919 468 
780 349 900 389 919 468 
780 348 900 389 919 468 
779 348 901 388 919 468 
779 348 900 389 919 468 
779 348 901 389 919 468 
