807 437 927 460 956 550 
807 437 927 460 956 550 
809 438 927 461 956 550 
808 438 927 460 956 550 
808 438 926 460 956 550 
808 438 927 460 956 550 
808 438 927 460 956 551 
808 438 926 460 955 551 
807 437 928 460 955 550 
808 438 927 460 955 550 
808 438 927 460 955 551 
807 437 927 460 955 551 
808 438 928 460 954 551 
807 438 928 461 954 550 
808 438 927 460 953 549 
808 437 927 460 955 550 
808 438 927 460 954 550 
808 438 927 460 954 550 
808 438 927 460 954 549 
807 437 926 460 954 550 
808 438 928 461 955 550 
808 439 928 461 955 550 
807 438 927 461 954 549 
808 439 927 461 955 550 
808 438 928 462 956 550 
808 438 928 462 956 549 
807 438 927 462 957 550 
808 438 927 461 958 550 
807 437 928 462 959 549 
809 439 928 461 960 548 
808 438 928 461 961 547 
808 438 927 461 961 547 
808 439 928 462 963 545 
808 438 928 462 964 545 
807 438 928 462 965 544 
808 438 927 461 967 543 
808 438 928 461 969 542 
806 438 928 462 970 540 
807 438 928 461 971 539 
808 439 928 461 972 538 
807 439 928 460 973 537 
806 438 928 460 974 536 
808 439 927 460 975 535 
807 439 927 459 976 534 
807 438 929 460 977 533 
807 438 929 460 979 533 
807 438 928 460 980 531 
807 438 928 460 980 530 
807 438 929 460 981 529 
806 437 929 460 982 527 
808 439 929 460 983 527 
807 438 929 460 983 524 
807 438 930 460 985 523 
807 438 930 460 985 521 
807 438 930 460 986 520 
807 438 930 460 988 518 
807 438 930 460 988 517 
807 438 930 459 990 515 
807 438 930 459 991 514 
806 438 930 458 992 512 
807 438 929 459 993 511 
807 438 929 458 993 509 
806 438 930 458 994 506 
806 438 930 459 994 503 
806 438 931 459 995 500 
806 438 932 458 996 499 
806 438 932 457 997 495 
806 438 932 457 998 493 
806 439 932 457 998 491 
806 439 932 456 999 489 
806 439 932 456 999 486 
806 438 933 456 999 485 
806 438 933 456 1000 483 
806 439 932 456 1000 481 
806 439 932 455 1001 479 
807 439 932 455 1001 477 
807 439 933 453 1001 475 
807 440 933 452 1001 473 
806 439 933 450 1001 471 
807 440 933 450 1000 469 
806 440 934 449 1000 468 
806 440 933 449 1001 467 
807 440 933 449 1000 467 
807 439 933 449 1000 467 
807 440 933 449 1000 468 
806 440 932 449 1001 468 
807 439 932 449 1001 468 
807 439 933 449 1000 468 
808 440 933 449 1001 469 
808 440 932 449 1001 468 
807 440 932 448 1001 466 
806 440 933 448 1000 466 
806 440 933 447 1000 465 
806 440 933 447 1000 464 
806 440 932 446 1000 463 
807 440 932 446 1000 463 
807 440 932 446 999 463 
806 440 932 446 999 464 
806 440 932 446 999 464 
806 440 932 446 999 465 
805 440 932 446 999 465 
806 440 931 445 998 464 
805 440 931 445 998 464 
806 441 930 445 998 464 
805 441 930 445 998 464 
805 441 930 445 997 463 
805 442 930 445 997 463 
805 442 930 445 997 463 
805 442 930 445 997 462 
805 443 930 445 997 462 
804 443 930 445 997 462 
805 443 930 446 998 461 
804 443 929 446 998 461 
803 444 929 447 999 460 
803 444 929 447 998 460 
803 445 929 448 997 465 
801 444 929 448 996 465 
802 445 929 448 997 466 
801 445 930 448 997 467 
801 445 929 447 998 469 
801 445 929 446 998 468 
800 445 929 446 998 468 
800 445 929 446 998 468 
800 445 929 447 999 468 
800 445 928 447 999 467 
799 445 929 446 999 466 
800 446 929 446 998 465 
798 445 929 446 998 465 
798 445 928 445 999 465 
797 445 928 445 998 465 
797 444 928 445 998 466 
798 446 928 446 997 466 
797 445 928 446 998 467 
798 445 928 446 998 469 
798 445 928 447 998 470 
799 445 928 448 997 470 
799 445 928 448 998 472 
798 444 928 450 998 473 
799 445 928 449 998 474 
799 445 929 451 997 475 
799 445 929 452 997 476 
799 445 929 453 997 478 
798 444 928 454 997 479 
799 445 928 454 997 481 
799 445 928 455 996 482 
798 445 927 455 996 484 
799 445 928 456 996 485 
799 444 928 456 996 485 
798 444 928 456 996 487 
799 444 928 457 996 488 
799 443 928 457 996 489 
799 444 929 458 996 490 
799 444 929 459 995 491 
799 444 929 460 995 492 
798 444 928 460 995 495 
799 444 929 461 994 496 
799 444 928 463 993 498 
799 444 928 463 993 500 
799 443 928 464 992 502 
800 444 928 464 992 504 
799 443 927 465 991 505 
799 443 928 465 991 507 
800 443 928 465 990 508 
800 443 928 466 990 510 
800 443 928 466 989 511 
800 443 928 467 989 513 
800 443 927 467 988 516 
800 443 926 467 986 518 
800 443 926 468 983 520 
800 443 926 468 982 522 
800 443 926 468 981 524 
800 443 925 469 980 526 
801 443 925 469 979 528 
801 443 925 469 979 530 
801 442 925 469 979 531 
801 443 925 469 979 532 
802 443 925 469 979 533 
801 443 924 469 979 533 
801 442 925 470 977 534 
801 442 924 470 976 535 
801 442 925 470 975 536 
801 442 925 470 973 536 
801 442 924 470 972 536 
801 442 924 471 971 538 
801 442 924 471 969 538 
801 442 924 472 968 540 
801 442 924 472 966 541 
801 442 923 472 965 541 
801 442 923 473 964 543 
802 442 923 473 962 544 
802 442 922 472 960 545 
802 442 922 473 958 546 
802 442 922 473 954 549 
803 442 922 473 952 549 
803 442 921 474 950 550 
803 442 921 473 945 553 
804 442 920 474 945 553 
804 443 920 474 940 554 
804 441 919 474 939 554 
805 442 919 474 938 554 
805 441 919 473 937 555 
805 442 919 474 937 555 
805 441 919 474 936 555 
806 441 920 475 936 555 
806 441 919 474 937 555 
807 442 919 474 936 555 
807 442 919 474 937 555 
806 442 919 474 936 555 
806 442 919 474 936 555 
806 442 919 475 935 555 
806 441 919 474 934 554 
806 441 919 475 934 555 
806 441 919 474 934 555 
806 441 919 474 934 555 
806 441 919 474 936 555 
806 440 919 474 937 554 
807 443 919 474 937 554 
806 441 920 474 938 555 
806 442 919 474 939 555 
805 441 919 473 939 555 
805 441 919 474 939 554 
806 441 919 474 941 554 
806 441 920 474 941 554 
805 441 920 474 942 555 
805 441 920 474 942 555 
805 441 920 474 943 554 
805 442 920 474 945 553 
805 442 920 474 946 552 
805 442 920 474 946 553 
806 441 920 473 946 553 
806 441 920 474 945 552 
805 441 921 474 945 553 
806 441 921 474 945 553 
806 441 921 474 945 553 
805 441 921 474 946 553 
805 442 921 474 946 552 
806 442 921 474 946 552 
806 442 921 474 946 552 
805 442 921 474 947 551 
805 442 921 473 948 550 
805 442 921 473 948 550 
805 442 921 473 950 549 
805 442 921 472 952 549 
804 442 920 472 954 549 
804 441 920 472 955 548 
804 442 920 472 956 547 
804 442 920 472 957 547 
804 442 920 471 959 546 
804 442 920 472 960 545 
804 443 920 471 966 541 
803 442 920 471 966 541 
803 442 920 471 967 540 
803 442 921 471 973 536 
802 442 921 471 972 535 
803 442 920 470 973 534 
803 442 921 470 979 529 
803 442 922 470 978 528 
802 442 922 470 980 527 
802 442 922 470 984 521 
802 442 922 470 984 521 
802 442 922 469 985 521 
802 442 922 469 985 519 
803 442 922 469 986 518 
803 442 922 469 987 516 
802 442 922 469 991 511 
803 443 922 468 990 510 
802 443 922 467 992 510 
802 443 922 468 992 508 
801 443 923 467 993 506 
802 443 923 467 994 506 
802 443 924 467 994 504 
802 443 924 466 994 502 
801 443 924 466 995 501 
801 443 923 465 995 498 
801 442 924 465 995 497 
801 442 924 465 996 495 
801 442 924 464 996 492 
801 442 924 463 997 489 
801 442 924 461 997 487 
800 442 923 459 997 485 
801 442 925 458 998 483 
801 442 924 455 997 480 
801 442 924 456 998 479 
801 442 925 456 998 478 
801 442 925 454 999 476 
801 442 925 455 999 475 
801 442 926 456 999 474 
801 442 926 454 999 473 
802 443 927 454 1000 472 
802 443 926 453 999 471 
801 443 926 452 999 469 
801 443 926 452 999 468 
801 443 926 451 999 467 
801 443 926 451 999 467 
801 443 926 450 999 466 
801 443 926 451 999 466 
802 443 926 451 999 467 
802 444 926 451 999 467 
802 443 926 452 999 468 
802 443 926 451 999 468 
801 442 926 452 999 468 
802 444 925 451 999 468 
801 444 926 451 999 468 
802 443 926 450 999 467 
802 443 925 450 999 467 
801 443 926 451 999 467 
801 443 925 450 998 466 
801 443 925 450 998 467 
801 443 925 450 998 469 
800 443 925 450 998 469 
801 443 924 450 998 472 
802 444 925 451 997 473 
801 444 924 452 998 474 
801 444 925 453 997 474 
801 444 926 453 997 474 
801 444 926 455 998 475 
801 444 926 454 998 473 
801 444 926 456 998 473 
801 444 926 456 998 470 
801 445 926 456 999 469 
801 445 926 456 1000 468 
801 445 926 458 999 466 
800 445 926 457 999 466 
800 445 926 456 998 463 
801 446 926 455 998 475 
800 445 926 455 999 475 
800 446 926 455 998 476 
800 446 926 455 998 477 
800 445 926 454 998 477 
801 446 925 455 998 477 
800 445 925 454 998 478 
800 445 925 455 997 478 
800 446 925 455 997 478 
800 446 925 455 997 478 
799 445 925 455 997 478 
800 447 925 455 996 478 
799 446 925 455 997 479 
799 446 925 456 996 479 
800 447 925 456 997 480 
799 446 925 457 996 481 
799 446 925 457 997 484 
799 446 925 458 997 485 
799 446 925 458 997 486 
799 446 925 459 997 487 
799 445 926 460 997 488 
800 446 926 461 997 490 
800 446 925 461 997 491 
800 445 926 461 997 493 
800 445 926 463 996 496 
799 444 926 464 995 496 
801 446 926 464 995 499 
800 445 926 464 994 502 
800 445 925 465 993 502 
800 445 925 466 993 504 
800 444 926 467 992 506 
800 444 926 467 991 507 
801 444 925 467 990 508 
800 444 924 467 990 510 
800 443 924 468 989 511 
801 445 924 468 988 513 
801 444 923 468 988 514 
801 444 925 469 987 516 
800 443 923 469 986 518 
802 444 923 470 986 519 
800 443 924 470 985 520 
801 445 923 470 984 521 
800 443 924 471 984 522 
802 444 923 471 983 524 
801 444 923 472 981 526 
801 443 922 472 980 527 
801 443 922 472 980 529 
801 443 922 472 979 530 
801 443 921 472 978 531 
801 443 921 472 977 532 
801 443 921 473 977 533 
801 443 921 473 975 534 
802 443 920 473 974 535 
802 443 922 473 973 536 
802 443 921 473 972 537 
802 443 921 473 970 538 
802 443 920 474 969 540 
802 443 920 474 967 540 
802 443 920 474 966 543 
802 443 920 475 964 543 
802 443 920 475 963 544 
802 444 920 475 962 545 
802 443 919 476 960 546 
803 443 919 476 959 546 
803 443 919 476 957 546 
803 443 919 476 955 548 
803 443 918 476 952 548 
803 443 918 476 951 549 
803 442 917 476 949 550 
804 444 916 475 947 550 
804 443 916 476 945 551 
804 442 916 476 942 552 
805 443 916 476 940 552 
804 442 915 476 939 553 
806 443 915 476 938 553 
806 442 916 476 938 554 
806 442 915 476 937 554 
806 442 916 476 936 554 
806 442 915 476 936 553 
806 442 915 476 936 554 
807 442 916 476 935 554 
807 442 915 476 933 553 
807 442 915 476 933 555 
807 441 915 476 931 554 
808 442 915 476 929 554 
807 441 915 476 928 555 
808 442 915 476 926 554 
807 441 915 476 927 556 
809 441 915 476 927 556 
808 441 915 476 927 555 
808 441 916 477 929 555 
808 441 915 476 929 556 
808 441 915 476 931 555 
808 441 916 476 933 556 
808 441 915 476 933 556 
807 441 916 476 935 556 
807 442 917 476 935 555 
807 442 916 476 936 556 
807 442 916 476 935 555 
807 441 916 476 936 555 
807 442 916 476 936 555 
806 442 916 475 938 554 
807 442 916 476 940 553 
807 441 916 476 941 553 
806 441 916 476 942 553 
806 441 917 476 944 553 
806 441 917 476 944 552 
805 441 917 476 945 552 
806 441 917 476 945 551 
805 442 916 476 946 551 
805 442 917 476 945 551 
807 442 916 475 945 551 
806 442 916 475 945 551 
805 441 917 475 946 551 
806 442 917 476 946 551 
806 442 916 475 949 551 
806 443 916 475 950 550 
806 442 917 475 951 550 
805 442 917 475 953 549 
805 442 917 475 955 548 
805 442 917 475 956 548 
805 442 918 475 958 547 
804 442 917 475 959 547 
804 442 917 474 961 547 
805 443 918 475 962 546 
804 442 918 475 963 546 
804 442 917 474 964 545 
805 443 918 474 966 544 
804 443 918 474 967 542 
803 443 919 474 973 538 
803 443 918 474 972 537 
803 443 919 474 973 536 
804 443 919 474 974 535 
803 442 919 473 978 529 
804 444 920 473 979 529 
803 443 920 473 979 528 
803 443 920 473 984 523 
803 443 920 473 984 523 
803 442 920 472 984 521 
803 443 919 471 985 520 
803 443 920 472 986 519 
802 442 920 472 987 517 
803 443 921 472 988 515 
802 442 920 472 989 514 
803 443 919 471 989 511 
803 443 919 471 990 510 
802 442 920 470 991 508 
803 443 920 470 992 505 
802 442 920 469 992 503 
802 443 921 469 993 501 
802 442 921 469 994 499 
802 443 921 468 994 496 
802 443 921 467 995 494 
802 442 921 466 995 492 
802 442 922 465 995 490 
802 443 921 465 996 489 
803 443 921 464 996 487 
803 443 921 462 996 486 
802 442 921 462 996 485 
803 444 922 462 996 483 
802 444 922 461 996 481 
802 444 922 460 997 480 
802 443 922 460 996 478 
802 443 921 458 996 477 
802 443 922 458 997 475 
802 443 923 457 996 474 
803 443 922 455 997 473 
803 443 922 455 996 472 
802 443 922 455 997 472 
801 442 922 455 997 472 
803 444 922 456 997 473 
801 443 922 457 997 474 
803 444 921 457 997 474 
802 444 922 458 996 475 
802 444 921 457 997 476 
802 444 922 457 996 476 
802 444 922 457 997 476 
803 444 921 457 996 475 
802 444 922 457 996 477 
802 444 922 457 997 477 
802 444 922 457 997 479 
803 444 922 458 998 481 
802 443 922 459 998 481 
802 444 921 459 996 482 
803 445 922 459 997 483 
803 445 922 460 998 482 
803 445 922 459 998 481 
802 444 922 460 997 480 
802 445 922 461 996 477 
802 445 923 461 997 476 
802 445 923 461 997 473 
802 445 923 462 998 475 
801 444 922 463 996 478 
801 445 922 462 996 485 
801 445 923 463 997 485 
802 445 923 463 997 486 
802 445 923 462 997 487 
802 445 923 462 997 487 
802 445 923 462 997 486 
802 445 922 462 997 485 
802 445 922 461 997 484 
802 446 922 461 997 483 
802 446 922 461 998 483 
802 446 922 460 998 484 
801 446 922 461 998 484 
801 446 923 462 998 486 
801 446 923 462 997 487 
801 446 922 463 997 489 
800 446 922 463 998 490 
800 445 922 464 998 491 
800 445 923 464 998 491 
800 445 922 463 998 490 
800 445 923 463 998 489 
800 445 923 463 998 489 
800 445 923 463 998 489 
800 445 923 463 998 489 
801 445 923 463 998 491 
800 445 923 464 998 493 
800 445 923 465 998 494 
800 445 923 464 998 495 
800 445 923 465 997 496 
800 445 923 466 996 497 
801 444 923 466 996 498 
801 445 923 466 996 499 
801 445 923 467 995 500 
800 444 923 467 995 502 
801 444 923 468 994 504 
801 445 923 469 994 505 
801 445 923 470 994 509 
801 445 923 470 993 511 
801 444 923 470 992 512 
801 444 923 471 991 513 
801 444 922 472 990 516 
802 445 922 472 989 516 
802 444 921 472 989 518 
801 444 922 472 988 519 
801 444 921 472 987 520 
802 444 921 473 987 521 
803 444 921 473 986 522 
803 444 921 473 986 524 
803 445 921 474 986 524 
803 444 921 474 986 525 
803 444 920 474 985 525 
803 444 921 474 985 525 
803 444 921 474 985 526 
803 444 921 474 984 526 
803 444 921 474 983 527 
802 443 921 474 983 528 
803 443 920 475 982 529 
803 444 921 476 982 531 
802 443 920 476 981 532 
802 443 919 476 980 533 
803 443 920 476 979 534 
803 443 919 476 978 535 
803 443 921 477 977 536 
803 444 920 477 977 537 
802 444 919 477 976 538 
803 443 919 478 975 539 
803 443 919 478 974 539 
803 443 919 478 973 541 
802 443 919 477 972 541 
803 443 919 478 971 543 
803 444 919 478 969 543 
803 443 918 478 968 544 
803 443 918 479 966 544 
804 443 918 478 966 546 
803 443 918 478 964 548 
803 443 918 478 963 549 
803 442 917 478 962 550 
804 443 917 479 960 550 
804 443 917 479 958 551 
804 443 916 479 956 550 
804 443 917 479 954 551 
805 443 916 479 952 551 
804 443 916 479 951 553 
804 442 915 479 949 552 
805 443 916 479 948 553 
805 443 915 478 946 553 
804 442 915 478 944 554 
805 443 914 479 942 554 
805 443 915 480 940 554 
805 443 914 479 938 555 
805 443 914 479 936 555 
805 443 914 480 935 556 
805 443 914 479 934 556 
806 443 914 480 933 556 
806 443 913 479 933 557 
806 443 913 480 933 557 
806 443 913 479 933 557 
807 442 914 479 933 557 
806 442 914 480 933 557 
806 442 914 479 932 556 
806 442 914 479 932 557 
807 443 914 479 932 557 
807 442 914 480 931 557 
807 443 914 479 929 557 
808 443 914 480 930 558 
807 442 913 479 928 557 
807 442 914 480 929 558 
807 442 913 479 928 558 
807 441 914 480 927 557 
808 442 913 479 928 557 
807 442 914 480 927 557 
807 442 913 479 928 557 
808 442 914 480 928 557 
808 443 914 480 930 558 
808 443 913 480 931 558 
807 442 913 480 934 557 
807 443 914 480 936 557 
808 443 914 480 937 558 
807 443 914 480 938 558 
806 442 915 480 939 558 
806 442 915 480 940 557 
806 442 915 480 942 556 
806 442 915 480 945 555 
806 442 915 480 945 555 
806 441 915 480 946 554 
806 442 915 480 947 554 
807 443 916 480 947 554 
807 442 915 479 947 554 
806 442 915 479 947 554 
806 442 915 480 948 554 
806 442 915 479 947 554 
806 442 915 479 947 554 
806 442 915 479 947 554 
806 442 915 479 948 553 
806 442 915 479 949 553 
806 442 915 478 950 553 
806 442 915 478 952 552 
806 442 916 479 956 549 
807 443 915 478 956 549 
806 443 915 477 958 550 
806 442 916 478 958 549 
805 443 916 478 958 548 
806 443 916 477 960 549 
805 443 917 478 961 549 
806 443 917 478 962 548 
805 443 917 477 964 545 
805 443 916 477 964 544 
805 443 917 478 966 543 
805 443 917 477 970 540 
806 444 918 477 972 540 
804 443 918 477 975 536 
805 443 918 476 976 536 
805 443 918 477 980 531 
804 443 918 476 980 531 
805 444 917 476 984 527 
804 443 919 477 984 527 
805 443 918 476 984 526 
805 444 919 476 987 520 
804 444 920 476 988 520 
805 444 919 475 993 516 
804 443 919 474 993 516 
804 443 919 474 993 514 
804 443 920 475 997 510 
803 443 919 474 995 508 
803 444 919 475 996 508 
804 443 919 474 996 506 
804 443 920 474 999 500 
803 443 920 473 999 500 
804 443 920 473 999 499 
804 444 920 472 1001 495 
803 443 919 471 1000 494 
803 443 920 471 1001 492 
804 443 920 470 1001 491 
803 444 920 469 1001 489 
803 443 920 468 1001 487 
803 444 919 467 1002 485 
804 444 919 466 1003 480 
803 444 918 465 1005 477 
803 444 918 464 1005 473 
803 444 918 464 1005 472 
803 444 918 463 1005 470 
803 444 919 463 1004 469 
804 445 919 463 1004 469 
803 444 919 461 1004 469 
803 444 918 462 1004 468 
803 444 919 462 1004 468 
803 444 920 462 1004 469 
804 445 920 462 1004 469 
803 444 921 463 1004 470 
803 444 920 462 1004 471 
802 444 920 462 1003 470 
802 444 920 462 1003 471 
803 444 920 462 1003 471 
803 444 920 463 1003 471 
803 444 920 463 1003 471 
803 444 919 463 1003 471 
804 445 920 463 1003 471 
803 444 920 463 1002 470 
803 444 920 463 1003 471 
803 444 920 463 1003 471 
803 444 919 463 1004 470 
803 444 919 463 1004 470 
803 445 919 463 1004 470 
803 444 920 463 1004 470 
804 445 920 463 1004 470 
803 444 921 464 1004 471 
803 445 920 463 1003 471 
803 446 920 464 1003 471 
802 445 920 465 1003 473 
802 445 921 465 1003 474 
802 446 920 466 1003 474 
802 446 920 466 1002 475 
802 446 920 466 1003 478 
802 446 920 467 1002 479 
802 446 920 467 1002 479 
802 446 919 466 1001 479 
803 446 919 465 1002 478 
802 446 920 465 1002 477 
802 446 919 465 1001 476 
802 446 919 464 1001 474 
803 446 920 464 1001 473 
802 446 919 463 1002 472 
802 446 920 463 1002 471 
801 446 919 462 1002 471 
801 446 919 462 1001 470 
801 446 919 462 1001 471 
801 447 919 463 1001 472 
800 446 919 463 1001 473 
801 446 919 464 1001 476 
801 447 919 465 1001 478 
801 446 919 465 1001 480 
801 446 919 466 1001 481 
801 446 919 467 1001 482 
801 446 918 466 1001 485 
802 446 919 468 1001 486 
801 446 919 468 1001 487 
801 446 919 468 1001 488 
801 445 920 469 1000 489 
801 446 920 469 1000 490 
801 445 920 470 1000 492 
802 445 919 470 1000 493 
802 445 919 469 998 493 
802 446 919 470 998 494 
802 445 920 471 998 496 
802 445 920 471 998 498 
803 445 920 472 998 500 
802 444 919 472 997 502 
803 445 919 472 996 503 
803 445 918 473 996 506 
802 444 918 473 995 507 
802 444 919 474 994 508 
803 444 918 473 994 510 
803 445 919 475 994 510 
802 444 918 475 994 512 
804 444 918 475 993 513 
803 444 918 475 992 514 
803 443 917 475 991 515 
803 444 917 476 990 517 
803 444 917 476 989 519 
803 444 917 476 988 521 
804 444 917 477 987 523 
803 444 917 478 986 525 
803 444 917 478 985 526 
804 444 918 479 984 528 
803 444 917 479 983 529 
803 444 917 478 982 531 
804 444 917 478 982 532 
804 444 917 479 981 532 
804 444 916 478 980 533 
803 444 916 478 980 534 
804 444 916 478 979 535 
803 444 916 478 979 536 
804 444 917 479 978 536 
803 444 916 479 976 537 
804 444 916 479 975 538 
803 443 915 479 975 540 
804 444 915 479 972 540 
804 444 915 480 971 543 
803 443 915 480 970 543 
805 444 914 480 969 544 
804 443 915 479 967 544 
804 443 915 480 967 545 
805 444 914 480 966 546 
804 443 915 480 965 546 
805 444 915 480 964 548 
805 444 915 480 962 547 
804 443 915 481 962 548 
805 443 915 481 961 549 
804 443 914 480 960 549 
805 444 914 481 958 550 
805 443 914 482 957 551 
805 443 914 481 956 552 
805 443 913 481 956 552 
805 443 913 481 954 552 
806 444 913 480 954 552 
805 443 913 481 953 553 
805 443 913 481 951 552 
805 443 914 481 951 553 
806 443 913 480 949 554 
806 443 913 480 947 554 
805 444 912 480 944 556 
806 443 912 481 942 555 
806 443 911 481 941 555 
806 443 911 481 940 556 
807 443 912 481 938 556 
806 442 911 481 938 557 
807 443 911 481 937 557 
807 442 911 481 937 557 
806 442 911 481 936 557 
807 442 911 481 937 558 
806 442 911 481 937 557 
807 442 911 481 938 558 
807 442 911 481 937 557 
806 441 911 481 938 557 
807 441 911 481 936 556 
806 441 911 481 937 558 
808 442 911 481 936 556 
807 441 911 481 936 558 
808 441 911 481 936 558 
808 441 911 481 934 557 
808 441 911 481 934 558 
808 440 911 481 934 558 
809 441 911 481 934 559 
808 439 911 481 933 558 
810 439 911 481 933 558 
810 440 911 481 934 559 
809 439 912 482 935 560 
810 439 912 482 935 559 
809 438 912 482 935 560 
810 438 912 482 936 560 
810 438 912 483 936 559 
811 439 912 483 938 559 
810 439 912 482 939 558 
810 438 912 482 939 558 
810 437 912 482 939 557 
809 438 912 482 938 558 
811 439 912 482 938 558 
810 438 913 482 938 558 
810 438 913 482 937 558 
810 438 913 482 937 558 
810 438 912 482 936 558 
809 438 913 482 937 558 
810 438 912 482 937 558 
809 439 912 482 937 558 
810 438 912 482 937 557 
809 439 912 482 938 558 
810 438 913 482 938 558 
