756 445 829 459 841 531 
756 445 829 459 841 531 
756 445 829 458 841 531 
757 445 828 458 841 531 
757 445 828 458 841 531 
757 446 828 458 841 532 
757 446 829 458 841 532 
757 446 829 459 840 531 
757 446 829 459 841 532 
757 446 829 459 841 532 
757 446 829 459 840 531 
757 446 829 459 841 532 
756 445 829 459 840 532 
756 445 829 459 840 531 
756 444 829 459 839 530 
756 445 829 460 840 531 
756 445 829 459 840 531 
756 445 829 459 840 530 
756 445 829 459 840 531 
756 444 829 459 840 531 
756 446 829 459 840 531 
757 445 830 459 841 531 
756 445 829 459 841 531 
757 445 829 459 841 531 
756 444 829 458 840 530 
756 445 829 459 840 531 
757 445 829 459 841 531 
757 445 829 459 841 531 
757 445 829 459 841 530 
757 445 829 459 841 529 
756 446 828 458 842 529 
756 445 829 458 843 529 
756 445 829 458 844 529 
756 445 828 458 844 528 
756 446 829 458 844 528 
757 446 828 458 845 527 
756 446 829 459 845 526 
756 445 828 458 846 526 
756 445 829 458 847 525 
757 445 829 458 847 524 
757 446 829 458 847 523 
756 446 829 458 848 523 
756 445 829 458 849 522 
756 445 829 458 850 522 
757 446 829 458 850 521 
756 446 828 458 852 522 
756 445 829 458 852 521 
756 445 829 457 852 519 
756 446 829 458 853 520 
756 446 829 458 853 517 
756 446 829 458 854 516 
756 446 830 457 855 517 
756 445 829 458 856 516 
756 446 829 458 857 515 
755 445 829 458 856 512 
756 446 829 458 857 511 
755 445 829 458 857 510 
756 446 829 458 858 509 
755 445 828 458 859 508 
756 446 829 457 859 507 
755 445 828 457 860 506 
756 445 829 457 860 505 
755 446 829 457 860 503 
756 446 829 457 862 502 
755 446 830 457 862 501 
756 446 829 457 862 499 
756 446 829 456 863 496 
755 446 829 456 863 495 
754 445 829 456 863 492 
754 445 830 455 864 491 
755 446 829 455 863 489 
755 446 829 454 863 487 
755 445 828 454 864 487 
755 445 829 453 863 484 
755 446 828 453 864 484 
755 445 828 452 863 481 
756 446 829 452 863 480 
755 446 829 451 863 479 
756 446 828 449 863 477 
756 447 828 447 863 475 
756 446 828 447 863 474 
756 447 827 446 863 474 
756 447 828 446 862 474 
756 447 827 447 863 475 
756 447 828 446 863 475 
756 446 827 447 863 475 
755 446 828 448 862 474 
755 446 827 448 862 474 
756 446 827 447 863 475 
755 446 828 447 863 475 
755 446 828 446 863 474 
755 446 827 445 863 474 
755 446 827 445 863 473 
755 446 827 445 863 472 
755 446 827 444 863 472 
755 446 827 444 863 472 
755 446 827 445 863 473 
755 446 827 445 862 472 
755 446 827 444 862 472 
754 446 826 444 861 472 
755 447 826 444 861 472 
755 447 825 444 861 473 
755 447 826 444 861 473 
755 447 825 444 860 472 
756 448 825 444 861 472 
755 448 825 444 860 472 
755 448 825 444 859 471 
755 448 825 444 859 471 
755 449 825 444 858 469 
755 449 826 444 858 468 
755 450 825 445 859 467 
755 450 826 445 859 466 
755 451 825 446 860 465 
755 451 826 446 861 466 
755 451 826 447 865 459 
754 451 826 447 869 456 
754 451 826 447 869 456 
754 452 826 447 869 458 
754 452 827 447 869 459 
754 452 826 447 869 459 
754 452 827 446 868 458 
754 452 827 446 868 458 
754 453 827 446 868 460 
753 452 827 446 869 460 
753 452 828 445 868 460 
753 452 828 446 868 460 
753 452 828 446 869 460 
752 452 828 445 869 460 
752 453 827 445 868 459 
752 453 828 445 868 459 
752 453 828 446 868 459 
752 452 827 446 868 461 
752 452 828 447 868 461 
752 453 828 448 868 462 
752 453 828 448 868 463 
752 453 827 448 868 463 
752 453 827 449 868 464 
752 453 827 449 868 465 
752 452 827 449 868 466 
752 452 826 451 868 467 
752 452 827 451 867 468 
752 452 826 452 867 469 
752 452 827 452 867 470 
752 452 826 453 866 471 
753 452 826 454 866 472 
752 452 827 454 867 474 
752 452 827 456 866 474 
752 452 826 455 867 475 
752 451 828 456 866 476 
752 452 827 456 867 476 
752 452 827 456 867 478 
752 452 827 457 866 478 
753 452 827 457 867 480 
752 452 827 457 867 481 
752 452 827 459 866 482 
752 451 827 458 865 483 
752 451 827 459 865 485 
752 451 827 460 864 487 
752 451 826 460 864 488 
752 451 827 461 863 488 
752 451 826 460 864 490 
752 451 827 461 863 490 
753 451 827 461 861 490 
753 451 827 460 861 492 
753 450 826 460 860 492 
753 450 826 460 861 495 
753 451 826 460 860 496 
753 451 825 460 860 498 
753 451 826 460 859 499 
754 451 825 460 859 500 
752 450 826 461 858 502 
753 450 826 460 857 504 
753 450 826 460 857 505 
753 450 826 460 856 506 
753 450 826 460 856 507 
754 450 826 460 855 507 
754 450 825 461 856 508 
753 450 825 461 855 508 
753 450 825 461 854 509 
753 450 825 461 854 509 
753 450 825 461 852 510 
753 451 825 461 851 513 
753 450 825 461 851 513 
753 450 825 460 850 516 
753 450 824 460 849 517 
753 450 824 459 849 519 
753 451 824 459 848 520 
754 450 824 459 846 520 
754 450 824 459 845 521 
754 450 824 459 844 523 
754 450 823 459 843 524 
754 450 824 459 842 524 
755 450 824 459 838 528 
755 450 824 459 838 528 
755 450 824 459 838 529 
755 450 824 459 837 528 
755 450 824 459 833 532 
756 450 826 460 833 531 
756 450 825 460 832 532 
756 450 824 460 831 532 
757 450 825 459 831 532 
757 450 825 460 831 532 
757 450 824 460 830 532 
757 450 825 459 831 532 
757 449 825 460 831 532 
757 449 825 460 830 532 
756 449 825 460 830 532 
757 449 826 459 829 531 
757 449 826 460 829 531 
757 449 826 460 829 531 
757 449 826 460 829 532 
757 449 825 460 829 532 
757 449 826 460 828 532 
757 449 826 460 828 531 
757 449 826 460 830 533 
757 449 825 460 829 531 
757 449 826 459 830 533 
757 449 826 459 829 532 
756 449 826 459 830 532 
757 449 826 459 831 532 
757 449 826 459 831 532 
757 449 825 459 832 532 
757 449 826 459 832 531 
757 449 826 459 832 531 
756 449 826 459 833 531 
756 449 826 459 833 531 
756 449 826 459 832 530 
756 449 826 459 834 531 
757 449 827 459 834 530 
757 449 827 459 834 530 
757 449 826 459 834 531 
757 449 827 459 833 529 
757 449 827 459 835 531 
757 449 827 460 834 530 
756 449 827 460 834 530 
757 449 827 459 834 530 
757 449 827 459 834 529 
756 449 827 459 834 529 
757 449 826 459 834 529 
757 449 826 459 835 529 
757 449 826 460 836 529 
757 450 826 459 836 528 
757 450 825 459 837 527 
756 450 826 459 838 527 
756 450 826 459 838 526 
755 449 825 459 839 526 
756 450 826 459 839 526 
756 450 826 459 840 526 
754 449 826 459 841 525 
755 449 826 459 841 524 
755 449 826 459 845 521 
755 450 825 459 845 521 
755 449 825 459 846 521 
755 450 825 458 849 517 
755 450 825 458 850 517 
755 450 825 458 850 515 
755 450 825 458 851 516 
755 450 825 458 853 513 
754 450 825 458 853 512 
754 450 826 458 853 512 
754 451 826 458 854 511 
754 450 826 458 854 511 
754 450 825 459 855 510 
754 450 826 458 856 509 
754 450 825 458 856 508 
754 450 825 458 856 507 
754 450 826 457 858 506 
754 450 825 458 857 504 
754 451 825 457 858 503 
754 451 825 457 860 501 
754 450 825 457 859 500 
754 450 825 457 860 499 
754 450 825 457 860 499 
753 450 825 457 861 498 
754 450 825 456 861 495 
753 450 825 456 861 494 
753 450 824 455 861 493 
753 450 825 453 862 490 
753 451 825 453 862 489 
753 450 825 452 862 486 
753 450 824 452 862 485 
752 450 824 450 861 483 
753 450 823 450 862 482 
753 451 824 449 861 480 
753 451 823 449 862 479 
753 450 824 449 862 478 
753 450 824 449 861 477 
753 450 824 448 862 476 
753 450 824 447 862 475 
753 451 824 447 862 474 
753 451 824 447 862 474 
753 450 824 445 861 472 
753 450 824 445 862 472 
753 451 823 445 862 471 
754 451 824 444 862 471 
753 450 824 444 862 471 
753 451 823 445 862 471 
753 451 824 445 862 472 
753 451 824 445 862 473 
753 451 823 446 861 473 
753 451 823 446 862 473 
753 451 824 445 861 472 
754 451 824 445 862 472 
754 451 823 444 861 472 
754 451 823 444 861 471 
754 451 823 444 861 471 
754 451 823 444 861 472 
754 451 823 444 861 472 
754 451 823 444 861 472 
754 451 823 444 861 475 
754 451 823 445 861 475 
754 451 823 446 861 476 
754 451 823 446 860 477 
754 451 823 447 860 478 
754 452 824 447 859 477 
753 452 824 448 858 477 
754 452 824 449 859 476 
754 452 824 450 859 474 
754 453 824 450 860 472 
754 452 824 450 861 471 
754 453 824 450 861 468 
754 453 824 450 861 467 
754 453 824 451 860 466 
754 453 825 451 865 463 
754 453 825 450 864 462 
754 453 824 450 864 462 
754 453 824 450 864 462 
754 453 824 450 864 463 
754 453 824 450 863 463 
754 453 824 451 864 465 
754 453 824 451 862 465 
754 453 824 451 862 466 
754 453 824 451 862 466 
754 453 824 451 862 467 
754 453 824 451 861 466 
754 453 823 451 862 467 
753 453 824 451 862 467 
753 453 824 452 862 467 
753 453 824 452 862 468 
753 454 825 453 862 469 
753 454 825 455 863 470 
753 453 824 455 863 473 
753 453 825 454 862 472 
753 453 824 455 863 473 
753 453 825 455 863 474 
753 453 824 456 862 476 
753 453 825 456 862 476 
753 453 825 456 862 478 
754 453 824 457 861 479 
754 453 825 456 861 481 
754 453 825 458 860 482 
754 453 825 457 860 485 
753 452 824 458 859 485 
754 452 825 458 859 487 
754 452 825 459 858 488 
754 451 825 459 858 489 
753 452 825 459 858 490 
753 452 825 460 857 492 
754 452 825 460 858 493 
754 452 825 460 857 495 
754 452 825 460 856 495 
754 451 825 460 856 496 
754 451 825 460 856 498 
754 451 825 460 855 499 
754 451 824 461 855 500 
754 451 824 461 854 502 
754 451 824 461 853 503 
754 451 824 461 853 505 
754 451 824 460 852 507 
754 452 823 460 852 508 
754 451 823 460 851 509 
754 451 823 459 851 510 
754 451 823 460 850 512 
754 451 823 460 850 512 
754 451 823 459 850 513 
755 451 823 460 849 514 
755 451 824 460 848 515 
755 451 824 460 847 515 
755 451 824 460 846 517 
755 451 824 460 846 518 
754 451 824 460 844 519 
754 451 824 461 844 519 
755 451 824 461 843 521 
755 451 824 461 843 522 
755 451 824 460 842 522 
755 451 824 460 841 523 
756 451 824 461 840 523 
755 450 824 461 840 525 
755 451 824 461 839 525 
755 451 824 461 838 526 
755 451 824 461 836 526 
755 451 824 461 836 527 
755 451 824 461 834 527 
756 451 824 461 833 529 
756 451 824 461 833 530 
756 451 824 460 831 530 
756 451 824 460 831 532 
757 450 824 460 829 532 
757 450 825 460 829 533 
757 450 824 460 829 532 
757 450 824 460 828 532 
756 449 824 460 828 532 
757 450 824 460 828 532 
757 450 825 460 828 532 
757 450 825 460 827 533 
757 450 825 460 826 533 
757 450 825 460 826 533 
758 449 825 460 825 534 
758 449 825 460 824 534 
758 449 825 460 823 535 
758 449 825 461 823 535 
758 449 825 460 822 535 
758 449 825 460 822 534 
758 449 825 460 823 535 
759 449 825 460 824 535 
759 449 825 460 825 535 
759 449 825 460 825 535 
759 450 825 460 826 534 
759 450 825 459 827 534 
759 450 825 459 827 534 
759 450 825 460 827 533 
758 450 825 460 828 533 
758 450 825 460 828 533 
758 450 825 460 828 532 
758 449 825 460 828 532 
758 449 825 459 829 532 
758 450 825 459 829 532 
758 449 825 459 830 532 
758 449 825 459 830 531 
758 449 825 459 831 531 
758 449 826 459 832 531 
758 449 826 459 831 530 
758 449 826 459 833 531 
758 449 826 460 832 529 
758 449 825 460 832 530 
757 450 825 460 832 530 
758 450 825 460 832 530 
758 450 825 459 832 529 
757 450 825 459 833 530 
757 449 825 459 833 529 
757 450 825 459 835 529 
757 450 825 459 836 528 
757 450 824 459 837 528 
757 450 824 460 837 528 
757 450 825 459 838 527 
757 449 825 459 839 527 
756 450 825 459 840 527 
757 450 825 459 840 527 
757 450 824 460 841 527 
757 450 824 459 842 527 
756 450 824 459 842 526 
757 450 824 459 842 525 
756 451 825 459 844 524 
756 451 825 459 846 519 
756 451 825 459 847 520 
756 451 825 459 847 520 
756 451 824 460 847 518 
755 451 825 459 847 517 
756 451 825 459 851 513 
756 451 825 459 851 513 
756 451 825 459 851 513 
754 449 825 459 851 511 
755 450 825 459 854 507 
755 451 825 460 854 507 
755 451 825 459 854 508 
755 451 825 459 854 507 
755 451 825 458 854 506 
755 451 825 459 854 505 
755 451 825 459 855 504 
755 451 825 459 857 499 
755 451 825 458 857 499 
755 451 824 458 857 498 
755 451 824 457 858 495 
755 451 824 457 858 494 
754 450 825 457 858 491 
754 450 825 457 858 489 
754 450 824 457 858 488 
754 450 825 456 858 486 
754 450 825 455 858 485 
754 450 825 455 858 484 
755 450 825 454 858 483 
755 451 824 453 858 481 
755 451 824 452 858 480 
755 451 824 452 858 479 
754 450 824 452 858 478 
755 450 824 451 857 476 
755 451 824 450 858 476 
755 451 823 450 858 473 
755 450 824 448 857 473 
755 450 823 448 858 471 
753 450 824 447 858 471 
754 451 823 447 858 470 
754 451 823 447 858 470 
754 451 824 446 858 470 
754 451 823 448 858 471 
754 451 823 447 858 472 
754 451 823 449 858 472 
754 451 824 448 859 473 
754 451 824 449 858 473 
754 451 823 448 858 473 
755 451 824 448 858 473 
755 451 823 448 858 473 
755 451 824 448 859 474 
754 451 823 449 859 475 
755 451 824 449 860 476 
755 451 823 449 860 478 
754 451 824 450 860 479 
755 451 823 450 859 479 
755 452 824 451 858 479 
755 452 824 451 858 478 
755 452 824 451 858 477 
755 451 824 452 857 476 
754 452 824 452 858 474 
755 452 824 452 858 473 
755 452 825 452 858 470 
755 452 824 453 861 464 
755 452 824 453 862 465 
755 452 825 454 861 482 
755 452 824 454 860 482 
755 452 825 455 859 482 
755 452 824 454 858 482 
755 453 825 454 858 481 
755 452 824 454 858 481 
755 452 824 454 858 481 
755 452 824 454 858 479 
755 452 824 453 858 479 
755 453 825 453 859 479 
754 453 824 453 859 478 
755 453 825 453 860 479 
755 452 825 454 859 482 
755 452 825 455 861 482 
755 452 825 455 860 483 
755 452 825 456 860 484 
755 452 825 456 859 484 
754 452 826 456 860 484 
754 452 826 457 859 484 
754 452 826 456 860 483 
754 452 826 456 859 483 
754 452 827 457 860 482 
754 452 827 456 859 483 
754 452 827 457 860 484 
754 452 827 458 859 486 
754 452 827 458 859 487 
754 452 827 459 859 487 
754 452 827 458 858 489 
754 452 827 459 859 489 
754 452 827 459 858 491 
755 452 827 460 857 491 
755 452 827 460 858 494 
755 452 826 460 857 494 
754 451 825 459 857 495 
754 451 825 459 857 498 
754 451 826 460 857 498 
754 451 825 460 856 500 
754 451 825 461 855 502 
754 451 825 460 855 503 
754 451 825 461 855 505 
754 451 826 461 854 505 
754 451 826 461 854 506 
754 451 825 462 853 507 
755 451 825 462 853 508 
755 451 825 462 852 509 
755 451 825 462 852 511 
755 451 825 462 852 510 
755 451 825 463 852 511 
755 451 825 462 852 512 
755 451 825 462 851 512 
755 451 826 462 851 513 
755 450 825 463 851 513 
755 451 825 463 851 513 
755 451 825 463 850 515 
755 450 824 462 850 515 
755 451 824 462 849 515 
755 451 824 462 848 517 
755 451 824 462 848 518 
756 451 824 462 847 519 
756 450 823 462 848 521 
756 450 824 460 847 522 
756 451 823 461 846 522 
756 451 824 461 845 524 
756 451 823 461 844 524 
755 451 823 461 843 525 
755 450 823 461 843 526 
756 450 823 461 842 527 
756 450 823 461 841 527 
756 450 823 461 841 529 
756 450 823 461 840 530 
756 450 823 461 839 530 
756 450 823 461 838 530 
756 451 823 461 837 531 
756 451 823 461 836 531 
756 451 823 461 836 533 
756 451 823 461 835 533 
756 451 824 462 834 533 
756 451 824 462 833 533 
756 451 823 462 832 533 
756 451 824 462 832 534 
756 451 824 462 831 534 
757 451 824 461 830 535 
757 450 824 461 830 535 
757 450 824 461 828 535 
757 450 824 461 828 535 
757 450 823 461 827 536 
757 450 824 461 826 537 
757 450 824 461 825 537 
757 449 824 461 824 537 
757 450 824 461 824 538 
757 449 823 461 822 538 
757 449 823 461 822 538 
757 449 823 461 822 538 
757 449 823 461 822 539 
757 449 823 461 821 539 
757 449 824 461 821 539 
757 449 824 461 821 539 
757 450 824 461 821 539 
757 450 824 461 821 539 
757 450 823 461 821 539 
757 449 823 461 821 539 
757 449 824 461 821 539 
757 449 824 461 820 539 
757 449 824 461 819 539 
758 449 823 462 819 539 
758 449 824 462 819 539 
758 449 824 462 819 539 
758 450 824 461 819 540 
758 450 824 461 818 540 
759 450 824 462 818 540 
758 450 824 462 818 539 
758 449 824 462 819 539 
759 449 824 462 819 540 
759 449 824 462 820 540 
759 450 824 462 821 540 
759 450 824 461 821 540 
759 451 824 461 822 539 
758 450 824 461 822 539 
758 450 824 461 823 539 
758 449 824 461 823 538 
758 450 824 461 824 537 
759 450 824 461 825 537 
759 450 824 461 826 537 
759 450 824 461 826 536 
758 450 825 461 826 536 
758 450 825 461 827 537 
758 450 825 461 827 537 
758 450 825 461 828 537 
758 449 825 461 828 537 
758 450 825 461 827 536 
758 450 825 461 827 535 
758 450 825 460 827 536 
758 450 824 461 826 535 
758 449 825 461 827 536 
758 450 825 461 827 535 
758 450 825 461 829 535 
758 450 824 461 829 534 
758 450 824 461 831 534 
758 450 825 461 832 534 
758 450 825 460 832 533 
757 449 825 460 833 533 
758 450 824 460 833 533 
758 450 824 460 834 532 
757 450 825 460 835 532 
757 449 825 461 835 532 
756 450 825 461 835 531 
757 449 825 460 836 530 
756 450 823 461 839 526 
756 449 824 460 839 526 
757 449 824 461 840 526 
756 450 824 461 843 522 
756 449 824 461 842 522 
757 450 824 461 843 522 
757 450 825 461 843 520 
756 450 825 461 847 517 
756 450 825 460 847 517 
756 450 824 460 847 517 
756 450 825 460 847 516 
757 450 824 459 848 515 
757 450 824 460 849 513 
757 450 824 460 849 512 
756 450 824 459 850 511 
756 450 824 459 851 510 
756 450 824 459 853 508 
756 450 824 458 853 505 
756 450 824 458 853 503 
755 450 824 459 854 503 
755 450 824 457 854 501 
755 450 825 458 855 499 
755 450 825 458 855 498 
755 450 825 458 856 497 
755 450 824 458 856 496 
755 450 824 457 855 495 
755 450 825 457 855 494 
755 451 826 456 856 493 
755 451 826 455 855 493 
756 451 826 454 855 494 
756 451 826 453 855 495 
756 451 826 452 855 496 
756 451 826 451 854 497 
756 451 826 452 854 497 
755 451 825 451 854 496 
756 451 826 451 855 494 
756 451 827 453 855 493 
756 451 827 452 856 490 
756 451 826 452 856 488 
756 451 826 453 856 486 
756 451 826 453 856 486 
755 451 826 452 856 485 
755 451 825 453 856 484 
755 451 826 453 856 483 
755 451 826 454 856 483 
755 451 825 454 856 483 
755 451 826 453 857 484 
756 451 826 454 856 483 
756 451 826 454 856 483 
755 451 826 454 856 483 
756 451 826 453 856 483 
756 451 826 453 856 483 
756 451 826 453 857 483 
756 451 826 454 856 483 
754 450 826 454 856 482 
755 451 826 454 856 482 
756 451 826 454 856 482 
756 451 826 454 856 483 
756 452 826 455 855 482 
756 452 826 455 854 481 
756 452 826 455 854 480 
756 452 826 456 854 480 
756 452 826 456 856 478 
756 452 826 457 860 474 
756 453 826 458 860 473 
756 452 826 458 853 487 
756 452 826 458 853 487 
756 452 826 457 853 487 
756 453 826 457 853 487 
756 453 826 456 853 487 
756 453 826 456 853 486 
756 453 825 456 853 485 
756 453 825 455 852 483 
756 453 825 454 853 482 
756 453 825 454 853 483 
756 453 825 454 852 482 
755 453 825 454 852 481 
755 453 825 454 853 481 
755 453 825 454 853 482 
755 453 826 455 853 484 
755 454 826 457 854 485 
755 453 826 457 853 486 
755 453 826 458 854 487 
755 453 826 458 854 489 
755 453 826 459 854 490 
755 453 826 459 853 490 
756 453 826 459 853 491 
756 453 826 459 853 492 
756 453 826 460 853 493 
756 452 826 460 854 493 
756 452 826 460 853 494 
756 452 826 460 852 494 
755 452 826 461 853 495 
755 452 826 461 852 497 
755 452 826 461 851 497 
756 452 825 461 851 498 
756 451 826 461 852 500 
756 451 826 462 851 501 
755 451 825 462 851 503 
756 451 826 462 851 504 
756 451 825 463 850 505 
756 451 825 463 851 506 
756 451 825 464 850 507 
756 451 825 463 850 508 
756 451 825 464 849 508 
756 451 825 463 849 508 
756 451 824 463 849 510 
756 452 824 464 849 511 
756 451 825 464 848 512 
757 451 824 464 848 513 
756 451 824 464 847 514 
756 451 825 464 846 515 
756 451 824 464 845 515 
757 451 824 464 845 516 
756 451 824 464 845 518 
756 451 824 464 845 520 
756 451 824 464 844 520 
757 451 824 464 844 521 
757 451 824 464 844 522 
757 451 824 464 843 522 
756 450 824 464 842 522 
756 450 824 464 843 523 
756 450 824 464 842 523 
756 450 824 464 842 524 
757 450 824 464 841 526 
757 451 824 465 842 528 
757 450 824 464 841 528 
756 451 824 464 840 529 
757 451 824 464 838 531 
757 450 823 464 837 531 
756 450 824 465 836 532 
756 450 823 464 836 533 
757 450 823 464 836 533 
757 450 823 464 836 534 
756 450 824 465 834 534 
756 450 824 465 834 535 
757 450 824 465 834 536 
757 450 824 464 834 536 
756 449 823 464 833 537 
756 450 823 464 833 537 
756 450 823 464 833 539 
757 450 822 464 832 539 
757 450 824 464 832 539 
757 450 824 464 830 539 
757 450 824 464 830 539 
757 450 823 464 830 539 
757 450 823 464 830 540 
758 450 822 464 829 540 
758 450 824 464 829 540 
758 450 824 464 828 541 
758 450 824 464 827 541 
758 450 823 464 826 541 
758 450 822 464 825 541 
758 450 824 464 825 542 
758 450 824 464 823 542 
758 450 823 464 823 542 
758 450 822 464 822 542 
758 450 824 464 822 542 
759 449 823 464 820 542 
759 450 822 464 820 542 
759 450 824 464 821 542 
759 450 823 464 821 541 
759 450 822 464 821 541 
758 449 824 464 821 541 
758 449 823 464 821 541 
758 449 823 464 821 541 
759 449 822 464 821 542 
759 449 824 464 820 541 
759 449 824 464 820 542 
759 449 823 464 821 542 
759 448 823 464 821 542 
760 448 823 464 821 542 
759 448 824 464 820 543 
759 447 824 464 820 543 
759 447 824 464 820 543 
760 447 824 464 820 543 
760 446 824 464 820 543 
760 446 824 464 820 543 
760 446 824 464 820 543 
759 446 824 464 820 543 
759 445 824 464 820 543 
760 446 824 464 821 543 
760 446 824 464 821 542 
760 446 824 464 820 543 
760 446 824 464 821 543 
760 446 825 464 821 542 
760 446 825 464 822 543 
760 446 824 464 823 543 
760 446 824 464 823 543 
759 446 824 464 821 542 
759 446 824 464 822 543 
759 445 824 464 822 543 
759 445 824 463 822 542 
759 446 825 464 822 542 
759 446 825 464 822 543 
759 446 825 464 822 543 
759 446 825 464 822 542 
759 445 825 464 822 542 
759 446 825 464 822 542 
