857 470 1013 504 1064 626 
857 470 1013 504 1064 626 
857 470 1013 504 1065 627 
857 470 1014 504 1065 627 
857 470 1014 504 1065 627 
857 471 1013 503 1064 627 
857 471 1013 503 1063 627 
858 471 1013 503 1063 628 
858 471 1012 503 1062 627 
857 471 1014 503 1062 627 
858 470 1013 503 1063 627 
857 471 1014 504 1062 626 
857 470 1013 503 1062 626 
857 470 1013 502 1063 626 
858 470 1013 502 1064 626 
857 471 1013 502 1063 626 
857 470 1013 502 1063 626 
857 470 1013 502 1063 626 
857 470 1014 502 1063 626 
857 470 1014 502 1063 626 
858 471 1014 502 1062 625 
857 470 1013 503 1063 626 
857 470 1013 502 1064 627 
857 470 1013 503 1064 627 
857 470 1012 503 1063 626 
858 470 1013 504 1064 626 
857 471 1013 504 1065 626 
857 470 1013 503 1067 625 
857 470 1013 504 1069 626 
857 470 1013 503 1071 625 
857 470 1012 503 1072 624 
857 470 1012 503 1076 625 
856 470 1013 503 1077 623 
856 470 1013 503 1080 622 
857 470 1012 503 1083 621 
857 471 1012 503 1086 622 
857 470 1013 503 1088 620 
857 471 1013 503 1090 620 
857 471 1013 503 1093 619 
857 471 1014 503 1096 616 
857 471 1012 503 1097 615 
857 471 1013 503 1099 614 
857 471 1013 503 1101 613 
857 471 1013 502 1102 612 
857 471 1013 501 1107 611 
857 471 1012 502 1109 609 
857 471 1012 502 1111 608 
856 470 1012 504 1112 605 
856 470 1012 503 1113 604 
857 472 1012 503 1117 603 
857 471 1012 502 1117 600 
857 471 1012 502 1121 599 
857 471 1012 503 1122 594 
857 471 1011 502 1125 592 
857 471 1013 502 1125 591 
856 471 1012 502 1126 587 
856 471 1012 502 1129 587 
857 471 1012 502 1130 584 
857 471 1011 502 1133 581 
856 471 1012 501 1135 580 
856 471 1012 501 1138 577 
856 471 1013 501 1138 574 
855 471 1013 501 1140 570 
855 470 1013 502 1144 569 
856 471 1014 501 1144 563 
856 471 1015 501 1146 559 
856 472 1014 501 1147 555 
855 471 1015 500 1152 552 
855 470 1015 500 1153 550 
856 471 1017 500 1154 547 
856 471 1018 500 1156 544 
856 471 1017 500 1158 543 
856 471 1018 500 1158 540 
856 471 1018 500 1160 539 
856 471 1019 499 1160 535 
856 471 1018 498 1161 532 
856 472 1019 498 1162 529 
856 471 1020 497 1163 527 
855 472 1019 495 1163 524 
856 473 1020 494 1163 523 
856 472 1020 494 1164 521 
856 473 1021 494 1163 521 
855 472 1020 494 1164 521 
855 472 1021 494 1165 522 
857 473 1021 495 1165 523 
856 473 1020 495 1165 524 
855 472 1020 495 1165 524 
857 473 1020 495 1165 524 
856 473 1021 495 1165 523 
856 473 1021 495 1164 521 
855 472 1021 494 1165 521 
856 473 1020 493 1165 520 
855 472 1022 493 1165 517 
855 472 1021 493 1166 517 
855 472 1021 492 1165 517 
855 473 1021 492 1165 516 
855 473 1020 492 1165 516 
855 473 1021 493 1166 517 
855 473 1021 493 1165 518 
854 472 1021 492 1165 520 
855 474 1020 493 1165 519 
855 473 1021 492 1165 519 
854 473 1021 492 1165 518 
854 473 1020 492 1166 518 
854 474 1020 491 1165 516 
853 474 1019 492 1165 516 
854 474 1020 491 1163 515 
853 475 1020 491 1163 514 
852 475 1020 492 1162 513 
853 475 1019 491 1161 512 
852 476 1018 491 1159 512 
852 476 1018 493 1159 505 
851 477 1018 493 1159 500 
850 477 1017 494 1157 498 
850 477 1017 494 1156 498 
849 478 1017 494 1155 497 
848 478 1016 494 1155 521 
848 478 1015 494 1155 523 
847 478 1016 494 1155 523 
847 478 1016 493 1155 523 
847 478 1015 492 1155 523 
847 478 1015 493 1155 523 
846 477 1015 494 1156 523 
847 478 1013 496 1156 522 
846 478 1013 495 1156 521 
845 477 1013 495 1154 520 
846 479 1012 494 1154 519 
845 479 1012 493 1153 518 
845 479 1011 493 1153 519 
844 478 1012 493 1153 519 
844 478 1011 492 1152 520 
844 478 1011 492 1152 522 
844 478 1012 494 1152 525 
845 478 1012 494 1151 525 
844 477 1012 495 1152 527 
846 478 1012 495 1151 529 
846 477 1013 497 1152 529 
845 478 1013 497 1154 533 
845 478 1013 498 1152 533 
845 478 1013 498 1152 535 
845 478 1013 500 1152 536 
846 478 1013 500 1151 539 
846 477 1013 502 1151 541 
846 477 1014 504 1151 544 
845 477 1013 504 1150 546 
845 477 1013 504 1150 548 
845 477 1013 506 1150 549 
845 477 1013 506 1150 551 
845 477 1013 507 1149 552 
845 477 1012 507 1149 554 
845 477 1012 507 1149 555 
846 477 1013 508 1148 557 
846 477 1012 509 1149 560 
846 477 1012 509 1147 563 
846 476 1012 510 1147 566 
846 476 1012 512 1146 568 
846 476 1013 513 1144 572 
845 476 1012 513 1144 574 
847 476 1013 514 1143 578 
847 476 1012 514 1142 580 
847 476 1012 515 1142 582 
847 476 1012 515 1141 583 
847 475 1012 516 1139 586 
847 476 1012 517 1138 587 
847 476 1012 517 1137 590 
847 476 1012 518 1134 592 
847 476 1012 519 1132 595 
846 475 1011 520 1129 599 
848 476 1012 521 1127 602 
848 476 1011 521 1123 606 
847 476 1011 522 1121 608 
847 476 1011 524 1120 611 
848 476 1011 524 1118 612 
848 475 1011 524 1117 614 
848 475 1011 525 1116 615 
848 475 1011 525 1116 616 
849 475 1011 525 1115 618 
849 475 1011 525 1112 619 
848 475 1011 525 1110 620 
848 475 1010 526 1108 622 
848 475 1011 526 1105 624 
848 475 1011 527 1102 626 
848 475 1010 527 1099 627 
848 475 1009 526 1095 628 
848 475 1010 528 1092 632 
848 475 1011 528 1089 632 
848 475 1010 528 1085 634 
849 475 1010 529 1082 635 
849 475 1010 529 1079 636 
850 476 1010 529 1075 636 
849 475 1011 529 1071 638 
849 475 1011 529 1066 639 
850 475 1011 528 1060 640 
850 475 1011 530 1054 641 
850 475 1011 529 1049 643 
850 475 1011 530 1044 643 
850 474 1010 530 1039 644 
852 476 1010 531 1034 645 
852 475 1009 532 1031 646 
852 475 1009 530 1030 645 
853 475 1009 532 1029 645 
853 474 1008 532 1028 645 
853 474 1008 532 1027 645 
853 475 1008 532 1028 645 
854 475 1009 531 1027 644 
854 475 1009 531 1027 644 
854 475 1009 531 1026 644 
854 475 1009 532 1024 644 
854 475 1009 531 1024 643 
854 475 1009 531 1024 643 
854 475 1008 532 1023 643 
854 475 1008 531 1023 644 
854 475 1008 532 1023 643 
854 475 1009 531 1024 644 
854 475 1009 532 1026 644 
854 475 1009 531 1028 643 
854 475 1008 531 1030 643 
854 475 1009 531 1031 642 
854 475 1008 530 1033 641 
854 475 1009 531 1035 642 
854 475 1009 531 1037 641 
854 475 1008 531 1038 642 
854 475 1008 531 1040 641 
853 475 1008 531 1041 641 
853 475 1008 530 1041 642 
853 475 1008 531 1045 642 
853 475 1009 531 1045 641 
853 474 1009 531 1045 641 
854 474 1009 531 1045 641 
854 474 1008 531 1044 642 
854 474 1008 531 1043 642 
854 474 1008 531 1042 641 
854 474 1008 531 1043 642 
854 474 1008 531 1043 641 
853 474 1008 531 1045 640 
853 474 1009 531 1046 640 
854 474 1009 531 1048 639 
854 475 1009 531 1050 638 
854 475 1009 531 1053 638 
853 475 1009 530 1055 637 
853 475 1009 530 1058 636 
853 475 1009 530 1060 636 
853 475 1009 529 1062 635 
853 475 1009 529 1064 634 
852 475 1009 528 1068 634 
852 475 1010 529 1071 634 
852 475 1010 528 1075 633 
852 475 1011 529 1078 631 
852 475 1010 528 1083 630 
851 475 1011 527 1087 629 
851 475 1011 528 1092 628 
851 475 1011 527 1098 625 
850 475 1011 526 1102 622 
850 476 1011 526 1105 619 
850 476 1011 526 1110 615 
850 475 1012 525 1114 612 
850 475 1012 525 1118 609 
850 475 1012 525 1119 605 
850 475 1013 525 1123 604 
850 475 1013 525 1128 602 
850 475 1013 524 1129 597 
850 475 1012 524 1131 595 
850 475 1013 523 1135 593 
850 475 1013 523 1135 589 
850 475 1013 522 1137 586 
850 475 1013 521 1139 582 
850 475 1013 521 1141 580 
850 475 1014 521 1142 578 
850 475 1014 519 1143 574 
849 475 1013 517 1145 572 
849 475 1014 518 1145 570 
849 475 1014 517 1147 568 
849 475 1013 515 1148 566 
849 475 1014 516 1149 562 
849 475 1014 515 1149 558 
849 475 1013 512 1150 555 
849 475 1014 511 1151 550 
849 476 1014 510 1152 547 
849 475 1014 508 1154 543 
849 475 1014 507 1154 540 
849 475 1013 506 1155 537 
849 474 1013 505 1155 534 
850 476 1014 505 1156 531 
850 475 1013 504 1157 528 
850 475 1014 504 1157 525 
850 475 1013 503 1158 524 
850 475 1014 503 1158 522 
850 475 1014 503 1158 520 
850 476 1014 502 1158 519 
850 476 1014 501 1158 515 
849 476 1014 500 1158 515 
850 475 1014 499 1157 512 
850 476 1014 498 1157 511 
850 476 1014 497 1157 510 
850 476 1015 497 1157 510 
850 476 1015 497 1157 510 
849 475 1015 499 1157 511 
849 476 1015 499 1157 512 
849 476 1015 499 1157 513 
849 475 1015 500 1157 514 
849 476 1015 500 1157 514 
849 476 1015 499 1157 513 
849 475 1015 499 1157 512 
849 476 1015 499 1157 512 
849 476 1015 498 1156 510 
849 476 1015 498 1156 511 
848 476 1015 497 1157 511 
849 477 1014 497 1157 511 
848 477 1014 498 1157 513 
849 477 1014 498 1156 514 
849 477 1014 500 1157 515 
849 477 1014 501 1157 517 
849 477 1014 500 1156 518 
849 477 1013 502 1157 520 
849 477 1013 502 1158 521 
849 477 1014 503 1157 521 
849 477 1014 503 1156 521 
848 478 1014 504 1155 524 
848 478 1014 504 1155 524 
848 478 1014 504 1155 526 
848 478 1014 504 1155 526 
848 479 1014 504 1146 545 
847 479 1014 504 1148 538 
847 479 1014 503 1154 531 
846 478 1015 503 1155 527 
847 479 1014 503 1155 527 
846 478 1015 503 1155 529 
847 480 1015 503 1155 529 
846 478 1014 503 1155 530 
848 479 1016 504 1155 531 
847 479 1014 504 1155 532 
847 479 1015 505 1155 532 
847 479 1014 504 1155 532 
846 479 1014 506 1154 532 
845 478 1014 505 1154 532 
845 479 1014 505 1153 532 
845 479 1013 504 1153 532 
845 479 1013 505 1152 533 
845 478 1012 505 1152 536 
845 479 1013 507 1152 539 
845 479 1013 509 1152 541 
845 479 1012 509 1152 543 
845 478 1012 509 1152 545 
846 479 1013 510 1152 547 
846 479 1013 511 1152 548 
846 478 1013 511 1152 550 
846 478 1013 512 1150 552 
846 478 1013 513 1150 556 
846 478 1012 514 1149 559 
846 478 1013 514 1148 562 
846 478 1012 516 1148 567 
846 478 1013 518 1146 570 
846 477 1013 518 1145 572 
847 477 1012 519 1144 575 
847 477 1012 519 1143 577 
847 477 1011 519 1142 579 
847 477 1012 519 1141 582 
847 477 1012 520 1140 584 
847 477 1012 521 1139 587 
847 477 1012 522 1137 589 
848 477 1012 522 1136 590 
848 477 1013 523 1134 593 
848 476 1012 524 1133 595 
848 477 1012 525 1131 598 
848 477 1012 525 1129 600 
848 477 1012 525 1126 604 
848 477 1011 526 1124 604 
848 477 1011 527 1123 607 
849 477 1010 527 1120 610 
849 477 1011 529 1119 612 
849 477 1010 529 1116 615 
849 476 1009 529 1115 616 
849 476 1010 530 1113 617 
849 476 1009 530 1110 620 
849 476 1009 530 1107 620 
848 476 1009 531 1106 621 
849 477 1009 531 1103 623 
849 476 1008 532 1101 626 
849 476 1008 533 1099 627 
849 476 1007 533 1096 628 
849 476 1008 533 1093 630 
849 476 1007 533 1090 631 
849 477 1006 533 1087 633 
849 476 1007 533 1085 634 
849 476 1006 534 1081 635 
849 476 1008 535 1078 636 
849 476 1007 535 1075 636 
849 476 1007 535 1071 637 
850 476 1006 535 1067 638 
850 476 1006 534 1063 639 
850 476 1006 534 1058 640 
851 477 1006 535 1054 641 
851 476 1007 536 1049 641 
851 476 1007 536 1044 643 
852 476 1007 536 1041 643 
852 476 1006 537 1037 643 
852 476 1006 536 1034 643 
852 476 1006 537 1034 644 
853 476 1006 537 1033 643 
853 476 1006 537 1031 643 
853 476 1006 537 1031 643 
854 476 1006 536 1029 643 
854 476 1006 537 1029 643 
854 476 1006 537 1027 642 
854 475 1006 537 1025 642 
855 475 1006 538 1024 642 
855 475 1006 537 1022 641 
855 475 1005 537 1020 641 
855 475 1005 537 1017 643 
855 475 1005 537 1016 642 
856 474 1005 538 1015 642 
856 475 1005 538 1015 643 
855 474 1005 537 1015 642 
856 475 1005 537 1017 642 
857 475 1005 538 1018 643 
856 475 1005 537 1020 643 
856 475 1006 537 1022 643 
856 476 1006 535 1025 642 
856 475 1006 536 1027 642 
856 475 1006 536 1029 641 
856 475 1006 536 1030 642 
855 475 1006 536 1031 642 
855 476 1006 536 1032 642 
855 476 1006 536 1033 642 
855 476 1006 536 1033 643 
855 475 1005 535 1037 641 
855 475 1005 536 1039 640 
855 475 1006 536 1040 641 
854 475 1005 535 1043 640 
854 475 1006 536 1044 641 
854 475 1006 535 1046 641 
854 475 1006 536 1045 639 
854 475 1006 535 1046 640 
854 475 1006 535 1047 639 
854 474 1006 536 1046 639 
854 475 1006 535 1047 639 
854 475 1006 535 1049 639 
854 475 1006 535 1050 638 
854 475 1006 535 1053 639 
854 475 1006 535 1056 639 
853 475 1007 535 1060 638 
853 475 1007 534 1063 637 
853 475 1007 534 1066 636 
853 475 1007 533 1069 636 
853 476 1008 534 1072 635 
853 476 1008 534 1073 635 
852 476 1008 534 1076 635 
852 476 1008 534 1078 634 
852 476 1008 534 1082 635 
852 475 1009 535 1085 633 
852 476 1009 534 1087 631 
852 476 1009 533 1093 629 
852 476 1009 534 1097 625 
851 476 1010 533 1102 623 
851 476 1010 533 1105 620 
851 476 1011 533 1110 617 
851 476 1011 532 1113 615 
851 476 1010 531 1119 611 
851 476 1011 531 1123 609 
851 476 1011 531 1125 605 
851 476 1011 530 1128 602 
851 476 1011 530 1130 599 
851 476 1011 530 1134 597 
851 476 1011 529 1135 593 
851 476 1012 529 1136 590 
851 476 1012 528 1138 587 
851 475 1012 527 1140 585 
849 475 1012 526 1142 581 
851 476 1012 526 1143 578 
851 476 1012 524 1145 575 
851 476 1013 523 1147 570 
851 476 1013 522 1148 566 
850 476 1013 519 1149 562 
850 476 1013 518 1151 558 
850 475 1013 517 1152 555 
850 476 1013 517 1153 551 
850 476 1013 515 1153 547 
850 476 1013 514 1154 543 
850 476 1013 513 1155 541 
850 476 1013 512 1155 539 
850 476 1013 512 1156 536 
850 476 1013 511 1157 534 
851 476 1014 511 1157 531 
851 476 1014 510 1158 529 
851 477 1014 510 1158 525 
851 477 1014 508 1158 524 
851 477 1014 508 1159 520 
851 477 1015 507 1158 517 
851 477 1015 506 1158 515 
850 477 1014 504 1158 512 
850 476 1014 504 1158 511 
850 476 1015 504 1158 511 
849 476 1015 504 1159 511 
851 477 1014 504 1159 513 
850 477 1014 505 1159 513 
849 476 1014 505 1157 515 
850 477 1014 506 1157 516 
849 476 1014 506 1157 517 
850 477 1014 506 1157 517 
850 477 1014 506 1157 517 
849 476 1014 505 1158 518 
851 477 1014 505 1158 519 
850 477 1014 505 1158 519 
850 477 1013 506 1159 519 
850 477 1013 507 1159 518 
850 477 1013 507 1156 520 
849 477 1013 508 1158 523 
848 476 1013 509 1158 523 
849 477 1013 509 1157 525 
849 478 1013 509 1157 525 
849 478 1013 508 1158 525 
849 478 1013 509 1157 524 
849 478 1013 508 1156 524 
849 478 1014 509 1156 525 
849 479 1014 510 1156 526 
848 478 1014 509 1147 551 
849 478 1014 508 1151 541 
849 478 1014 510 1155 535 
848 477 1014 510 1156 536 
849 479 1015 512 1156 536 
849 479 1014 510 1156 536 
849 478 1014 511 1156 535 
849 478 1013 510 1156 534 
849 478 1015 510 1156 532 
849 478 1015 509 1156 530 
848 478 1014 509 1156 529 
847 478 1014 508 1156 529 
847 478 1014 509 1156 529 
847 478 1014 510 1155 532 
847 478 1013 510 1155 536 
847 478 1014 512 1154 538 
847 478 1013 513 1154 540 
847 478 1013 514 1154 541 
847 478 1013 515 1154 541 
847 478 1012 513 1154 541 
847 478 1012 513 1155 540 
847 478 1011 511 1155 539 
847 478 1012 511 1155 538 
847 478 1012 512 1154 538 
847 478 1013 512 1154 539 
847 478 1013 514 1154 543 
847 478 1013 514 1154 545 
847 478 1013 515 1153 548 
847 477 1013 516 1153 551 
847 478 1013 516 1152 552 
847 477 1013 517 1152 555 
847 478 1013 517 1152 557 
847 478 1012 517 1152 560 
848 478 1012 519 1150 562 
848 478 1012 519 1150 565 
848 478 1012 520 1149 568 
848 478 1013 521 1147 571 
849 478 1012 522 1146 574 
848 478 1012 523 1145 578 
848 478 1012 524 1143 582 
848 477 1012 525 1142 584 
848 477 1012 526 1141 586 
848 477 1012 526 1139 588 
849 477 1011 527 1138 591 
849 477 1011 527 1137 593 
849 477 1011 527 1135 594 
849 477 1010 527 1134 597 
849 477 1010 528 1133 599 
849 477 1010 528 1132 600 
849 477 1010 528 1131 601 
849 476 1010 529 1131 601 
850 476 1010 529 1129 603 
849 475 1010 529 1130 604 
850 476 1010 529 1129 606 
850 476 1010 531 1127 607 
850 476 1009 530 1125 608 
850 476 1009 531 1124 610 
850 476 1008 531 1121 614 
850 476 1008 532 1120 615 
850 476 1008 533 1118 617 
849 475 1008 533 1114 619 
850 476 1008 534 1113 620 
850 476 1007 534 1110 621 
850 475 1007 535 1108 623 
850 476 1007 535 1107 624 
851 476 1007 535 1105 627 
850 476 1007 536 1101 629 
851 476 1007 537 1100 629 
851 476 1006 537 1096 630 
850 476 1006 537 1095 631 
850 476 1006 537 1090 632 
850 476 1006 537 1088 632 
851 476 1006 538 1086 633 
851 476 1006 539 1084 634 
851 476 1004 538 1081 636 
851 476 1005 539 1078 637 
851 476 1004 539 1075 638 
851 476 1005 539 1073 638 
851 476 1004 539 1070 639 
851 476 1004 539 1067 639 
851 476 1004 540 1065 640 
851 476 1005 540 1063 640 
852 476 1006 541 1061 641 
852 476 1004 540 1058 641 
851 475 1004 540 1054 642 
852 476 1003 540 1052 643 
853 476 1004 540 1049 643 
853 476 1004 540 1045 643 
853 476 1004 541 1041 644 
853 475 1004 541 1038 643 
852 475 1002 541 1035 643 
854 475 1003 540 1033 644 
854 475 1002 541 1031 644 
854 475 1002 540 1029 643 
854 475 1002 541 1028 643 
854 475 1002 541 1027 643 
854 475 1002 542 1028 643 
854 475 1004 542 1028 643 
854 475 1003 542 1027 644 
855 476 1002 542 1027 643 
854 475 1003 541 1027 643 
854 475 1003 540 1026 643 
854 475 1002 541 1024 642 
854 475 1002 541 1023 643 
854 475 1002 542 1022 643 
855 475 1002 542 1021 644 
855 475 1001 542 1020 643 
855 475 1002 542 1020 644 
855 475 1002 542 1019 643 
855 474 1002 542 1019 643 
855 475 1001 542 1020 644 
855 475 1001 542 1020 643 
855 475 1002 542 1021 643 
855 475 1002 542 1022 643 
855 475 1003 542 1025 644 
855 475 1003 542 1026 642 
855 475 1003 542 1030 642 
855 475 1002 541 1032 643 
855 476 1003 541 1034 644 
855 475 1003 542 1035 643 
855 475 1003 541 1039 643 
855 475 1003 541 1041 642 
855 475 1003 541 1046 641 
855 475 1004 540 1047 639 
855 475 1004 541 1050 640 
855 474 1004 541 1050 639 
855 475 1003 540 1051 641 
855 475 1004 540 1050 640 
854 475 1004 541 1051 641 
854 474 1004 540 1051 640 
854 475 1004 540 1051 641 
855 476 1004 540 1050 639 
855 476 1004 540 1051 639 
855 475 1004 540 1053 639 
854 475 1004 541 1055 638 
854 475 1004 540 1058 637 
854 475 1004 540 1059 637 
854 475 1004 540 1063 637 
854 475 1005 540 1065 636 
854 475 1005 540 1068 636 
853 475 1005 540 1068 635 
853 475 1005 539 1069 635 
852 474 1005 539 1070 635 
854 475 1004 539 1073 635 
853 475 1005 539 1076 634 
853 476 1005 539 1079 634 
853 476 1005 539 1082 632 
853 476 1005 539 1086 632 
853 476 1005 539 1089 630 
853 476 1005 539 1094 627 
853 476 1005 538 1098 626 
853 476 1006 538 1102 624 
853 476 1007 539 1106 620 
852 476 1007 537 1110 618 
852 476 1008 537 1113 616 
852 476 1009 536 1117 613 
852 475 1009 536 1121 611 
852 476 1008 535 1124 608 
852 476 1008 535 1127 605 
852 476 1009 534 1130 602 
852 476 1009 535 1131 600 
852 475 1008 535 1133 597 
852 475 1009 535 1135 593 
852 475 1008 533 1137 590 
852 475 1010 534 1138 587 
851 475 1010 532 1143 583 
851 475 1010 531 1145 580 
852 475 1011 530 1146 576 
852 476 1012 528 1148 572 
852 476 1012 527 1149 569 
852 476 1012 526 1149 565 
852 476 1012 525 1150 562 
852 476 1012 524 1152 558 
851 476 1012 522 1153 556 
851 476 1012 522 1154 550 
851 476 1012 518 1156 545 
851 476 1012 518 1155 542 
852 476 1011 518 1156 537 
851 476 1011 518 1156 532 
851 476 1010 515 1157 528 
851 476 1010 517 1158 526 
851 477 1010 516 1157 525 
850 477 1010 515 1157 524 
849 476 1010 515 1157 524 
851 477 1011 517 1158 523 
851 477 1010 514 1157 523 
851 477 1011 515 1157 524 
850 477 1011 514 1156 525 
850 477 1011 514 1156 525 
850 477 1012 514 1157 525 
851 477 1013 514 1156 526 
851 477 1012 513 1156 527 
850 477 1012 514 1157 528 
851 477 1012 514 1157 528 
851 477 1012 515 1157 529 
851 477 1013 515 1157 529 
850 477 1012 514 1157 529 
850 477 1012 515 1157 529 
851 477 1012 515 1157 528 
851 477 1012 514 1157 528 
851 476 1012 514 1157 527 
850 476 1013 515 1158 527 
851 477 1012 514 1157 526 
850 477 1012 514 1157 526 
850 476 1013 515 1158 527 
851 478 1012 514 1158 528 
850 478 1013 516 1158 528 
850 478 1012 515 1158 529 
850 478 1012 515 1157 531 
850 479 1013 516 1156 532 
849 479 1013 515 1156 535 
849 479 1012 515 1156 536 
849 479 1012 515 1155 537 
848 479 1013 517 1155 539 
848 479 1012 517 1154 540 
848 479 1013 517 1155 540 
849 478 1013 517 1156 540 
849 478 1013 516 1156 539 
849 479 1013 515 1156 535 
849 479 1013 515 1156 534 
849 479 1013 514 1156 530 
849 479 1013 512 1156 530 
848 479 1012 512 1156 529 
848 479 1012 512 1155 525 
848 480 1013 512 1154 526 
847 479 1012 511 1154 526 
847 479 1012 512 1153 528 
847 479 1011 512 1153 530 
847 480 1011 513 1153 534 
847 479 1011 514 1153 536 
847 479 1011 515 1153 540 
847 479 1011 517 1153 540 
847 479 1011 518 1153 545 
847 478 1011 518 1154 548 
847 479 1011 519 1153 549 
847 479 1011 520 1153 551 
848 478 1011 521 1151 552 
848 478 1011 521 1151 554 
848 478 1010 522 1151 557 
848 478 1010 521 1151 557 
848 478 1010 522 1151 560 
849 478 1010 523 1150 561 
849 478 1010 523 1150 564 
849 477 1010 524 1148 565 
849 477 1010 524 1148 568 
848 477 1009 525 1146 571 
848 477 1009 526 1145 573 
849 477 1009 525 1145 576 
849 476 1009 526 1144 579 
849 477 1009 527 1143 582 
849 476 1009 528 1142 584 
850 477 1009 529 1140 585 
850 476 1010 529 1140 587 
849 476 1009 530 1139 588 
850 476 1009 530 1138 590 
850 476 1010 530 1137 592 
850 477 1009 531 1136 594 
850 477 1009 531 1135 596 
850 477 1009 532 1132 599 
850 477 1008 533 1129 602 
851 477 1008 534 1127 604 
850 477 1007 535 1125 607 
850 477 1008 536 1124 610 
850 477 1007 535 1121 612 
850 477 1007 536 1120 613 
850 476 1007 536 1118 615 
850 476 1007 537 1117 617 
851 476 1007 538 1116 617 
851 477 1006 537 1116 619 
852 477 1006 537 1114 620 
852 477 1005 537 1113 621 
852 477 1005 537 1111 621 
851 476 1005 538 1108 623 
852 476 1004 538 1106 625 
852 476 1005 540 1103 627 
852 477 1005 540 1099 628 
851 476 1004 541 1096 630 
852 476 1004 541 1094 631 
852 477 1003 541 1091 632 
852 477 1003 541 1089 633 
852 477 1002 541 1087 634 
852 476 1003 542 1085 634 
852 477 1002 543 1084 636 
852 477 1002 543 1081 637 
852 477 1002 543 1081 637 
852 477 1002 543 1076 638 
853 476 1002 542 1074 639 
853 477 1002 543 1073 639 
853 477 1002 543 1070 640 
853 477 1001 544 1069 640 
853 477 1002 542 1066 641 
853 477 1001 543 1064 642 
853 477 1001 543 1063 642 
853 477 1001 544 1061 643 
853 477 1001 543 1059 643 
853 477 1002 543 1059 644 
853 477 1002 544 1057 644 
854 477 1001 544 1054 643 
853 476 1002 545 1052 644 
853 476 1002 544 1048 645 
854 476 1001 543 1046 645 
854 476 1000 544 1042 646 
854 476 1000 544 1037 646 
854 476 999 544 1035 646 
854 476 999 545 1033 646 
855 476 998 545 1029 646 
855 476 998 545 1030 646 
855 476 998 545 1029 646 
855 475 998 545 1029 645 
854 475 998 545 1029 646 
855 475 999 544 1030 646 
855 475 999 545 1030 646 
854 475 998 545 1031 646 
855 475 997 545 1032 646 
855 474 999 545 1031 646 
855 474 998 545 1030 646 
854 473 998 545 1030 646 
856 474 998 546 1029 646 
855 474 998 545 1029 646 
855 473 998 545 1026 646 
857 473 998 545 1025 646 
857 473 997 545 1025 646 
858 473 999 545 1024 646 
857 472 999 545 1023 646 
858 472 997 546 1025 647 
858 471 997 546 1024 647 
858 470 999 546 1024 646 
859 470 999 546 1025 647 
860 470 1000 545 1027 647 
860 470 1000 546 1029 647 
859 470 1000 546 1031 647 
861 470 1001 546 1032 647 
861 470 1001 546 1033 646 
861 470 1000 545 1034 645 
861 470 1001 547 1034 644 
860 469 1001 546 1033 645 
860 470 1001 546 1033 646 
860 470 1001 546 1032 644 
860 470 1001 546 1032 645 
860 470 1001 546 1031 645 
860 470 1001 546 1031 644 
860 471 1001 546 1031 645 
860 471 1001 546 1031 645 
860 471 1001 546 1032 645 
860 471 1001 546 1032 644 
859 471 1001 546 1032 644 
860 470 1001 546 1034 645 
860 471 1002 547 1034 645 
