0
0
0
0
0
0
0
0
0
0
0
0
0
0
0
0
0
0
0
0
0
0
0
0
0
0
0
0
0
0
0
0
0
0
0
0
0
0
0
0
0
0
0
0
0
0
0
0
0
0
0
0
0
0
0
0
0
0
0
0
0
0
0
0
0
0
0
0
0
0
0
0
0
0
0
0
0
0
0
0
0
0
0
0
0
0
0
0
0
0
0
0
0
0
0
0
0
0
0
0
0
0
0
0
0
0
0
0
0
0
0
0
0
0
0
0
1.79888 -0.661562 -0.649171 2.21267 -0.690979 -0.324307 2.57827 -0.6256 -0.048596 
0
0
0
1.79459 -0.66069 -0.654397 2.20199 -0.688888 -0.321172 2.56104 -0.621916 -0.03913 
1.7943 -0.660814 -0.654917 2.20099 -0.68939 -0.32052 2.56102 -0.621672 -0.0384389 
0
0
0
1.78919 -0.660444 -0.65695 2.19332 -0.695552 -0.317559 2.55051 -0.634672 -0.0305256 
1.78635 -0.659147 -0.658039 2.1906 -0.697111 -0.318099 2.54782 -0.637717 -0.0306167 
1.78546 -0.658774 -0.658933 2.18911 -0.697424 -0.318572 2.54621 -0.63905 -0.0307728 
0
0
0
0
0
0
0
1.78733 -0.660691 -0.663881 2.19293 -0.685572 -0.321534 2.54859 -0.608305 -0.0356875 
1.78774 -0.660921 -0.663531 2.19402 -0.684702 -0.321674 2.54868 -0.606186 -0.0358855 
1.78815 -0.661186 -0.662968 2.19598 -0.68222 -0.321835 2.54907 -0.599785 -0.0363187 
0
0
0
1.78967 -0.661871 -0.662682 2.20225 -0.669624 -0.321749 2.5558 -0.571163 -0.0418784 
1.78968 -0.661908 -0.662743 2.20311 -0.667822 -0.321876 2.55461 -0.567982 -0.0418636 
1.78971 -0.661998 -0.662713 2.20405 -0.664563 -0.321712 2.55303 -0.561129 -0.0420119 
0
0
0
0
1.78892 -0.663542 -0.663128 2.2048 -0.65208 -0.319111 2.55318 -0.52639 -0.0458366 
0
1.78944 -0.664141 -0.663601 2.20487 -0.648187 -0.317241 2.5508 -0.515618 -0.0451781 
0
0
0
1.78925 -0.665307 -0.663909 2.20635 -0.641665 -0.314477 2.54946 -0.487043 -0.0519954 
0
1.79069 -0.666604 -0.663651 2.20893 -0.636254 -0.313852 2.54723 -0.461018 -0.0588075 
0
0
0
0
1.79504 -0.669421 -0.663496 2.21543 -0.630699 -0.313958 2.54681 -0.422084 -0.0719151 
0
1.79487 -0.670042 -0.662076 2.21899 -0.629634 -0.314792 2.54667 -0.405565 -0.0792122 
0
0
0
0
0
0
0
0
1.79577 -0.670845 -0.659481 2.22618 -0.618792 -0.31142 2.51193 -0.309018 -0.122474 
0
0
1.7979 -0.671693 -0.658828 2.2272 -0.616087 -0.309902 2.50441 -0.292471 -0.129484 
0
1.7992 -0.672497 -0.6586 2.22832 -0.61509 -0.30923 2.50162 -0.282178 -0.136193 
0
0
0
1.79896 -0.671837 -0.658549 2.23021 -0.61277 -0.308167 2.48619 -0.259096 -0.152282 
0
0
0
0
0
0
0
0
0
0
0
0
0
0
0
0
0
0
0
0
0
0
0
0
0
0
0
0
0
0
0
0
0
0
0
0
0
1.81358 -0.676554 -0.641846 2.23738 -0.588564 -0.288303 2.35738 -0.13368 -0.317572 
0
0
0
0
1.81393 -0.677051 -0.643832 2.23869 -0.590307 -0.290083 2.37258 -0.139167 -0.302154 
0
0
0
0
0
0
0
0
1.81199 -0.677624 -0.642006 2.23497 -0.588647 -0.285728 2.37313 -0.139969 -0.294105 
0
0
1.81377 -0.67657 -0.643343 2.23595 -0.591186 -0.285371 2.38573 -0.143957 -0.294633 
0
0
0
0
0
0
0
0
1.80693 -0.67512 -0.6461 2.23711 -0.601041 -0.290975 2.43855 -0.179174 -0.248041 
0
0
0
1.80721 -0.67385 -0.650675 2.23691 -0.606954 -0.294936 2.46575 -0.211019 -0.209459 
0
1.8065 -0.67332 -0.651601 2.23662 -0.610115 -0.296703 2.47675 -0.227208 -0.193613 
1.80436 -0.673471 -0.651801 2.23578 -0.613386 -0.298412 2.48927 -0.244501 -0.177208 
1.80422 -0.673439 -0.652136 2.23507 -0.61448 -0.299034 2.49226 -0.253043 -0.169656 
0
0
1.80202 -0.672871 -0.653024 2.23072 -0.621229 -0.299682 2.51171 -0.291343 -0.139304 
1.80343 -0.67304 -0.653487 2.22978 -0.622196 -0.299905 2.51647 -0.3034 -0.13166 
0
1.80282 -0.672326 -0.653801 2.22791 -0.624088 -0.300294 2.52738 -0.325163 -0.116336 
0
1.80288 -0.672338 -0.653981 2.22633 -0.626505 -0.301557 2.53636 -0.351017 -0.101184 
0
1.80273 -0.672381 -0.654218 2.2257 -0.62892 -0.302933 2.54225 -0.367412 -0.0935026 
1.80274 -0.672332 -0.654589 2.22509 -0.631525 -0.304047 2.54696 -0.384685 -0.0865707 
0
1.80337 -0.67167 -0.656671 2.22463 -0.634535 -0.305318 2.55029 -0.401935 -0.0800899 
0
0
0
1.80309 -0.67223 -0.658202 2.2228 -0.642393 -0.309454 2.55887 -0.447189 -0.0669995 
0
0
0
1.80373 -0.672313 -0.65972 2.22207 -0.651864 -0.313687 2.56466 -0.482237 -0.061315 
0
0
0
1.80281 -0.673625 -0.660696 2.22243 -0.671191 -0.321474 2.57148 -0.535929 -0.0579169 
0
0
0
0
0
1.80359 -0.673158 -0.66009 2.22225 -0.688659 -0.326866 2.58058 -0.599321 -0.054333 
0
0
0
0
0
0
0
0
0
0
0
0
0
0
0
0
0
0
0
0
0
0
0
0
0
0
1.79842 -0.66757 -0.65929 2.21706 -0.703915 -0.329311 2.58205 -0.643305 -0.058426 
0
0
0
1.79769 -0.66446 -0.657232 2.21392 -0.687693 -0.321692 2.57381 -0.619682 -0.0482533 
1.79734 -0.663957 -0.656914 2.21399 -0.685976 -0.321109 2.57386 -0.61721 -0.0478988 
0
1.79617 -0.662125 -0.655906 2.21346 -0.67974 -0.319462 2.57301 -0.607805 -0.0466088 
0
1.79486 -0.661011 -0.655867 2.2116 -0.677173 -0.318785 2.57166 -0.604014 -0.0460696 
1.79214 -0.659271 -0.655469 2.20906 -0.676285 -0.318419 2.56981 -0.604107 -0.0457709 
0
0
0
0
0
0
0
1.79091 -0.65851 -0.655949 2.21361 -0.674726 -0.32302 2.57451 -0.591465 -0.0531275 
0
0
0
0
0
0
0
0
0
1.78292 -0.657049 -0.661654 2.20581 -0.663104 -0.322217 2.56064 -0.569133 -0.0520572 
0
0
0
0
0
0
1.78679 -0.659705 -0.661169 2.20964 -0.647497 -0.318313 2.56252 -0.522608 -0.0549322 
1.78838 -0.660826 -0.661381 2.2105 -0.645518 -0.317792 2.56036 -0.515219 -0.0554868 
0
1.78786 -0.661593 -0.659262 2.21338 -0.640942 -0.317058 2.5614 -0.492744 -0.0620449 
0
0
0
1.78876 -0.66308 -0.659492 2.2189 -0.632159 -0.317229 2.56047 -0.448201 -0.0750504 
0
0
0
1.79226 -0.664528 -0.659773 2.2245 -0.628503 -0.317367 2.55621 -0.410606 -0.0892513 
0
0
0
0
1.79409 -0.666583 -0.657773 2.22949 -0.623931 -0.316521 2.54702 -0.372511 -0.103395 
0
0
0
0
0
0
1.79737 -0.668205 -0.65724 2.23185 -0.614275 -0.312008 2.51766 -0.304731 -0.132055 
0
0
0
1.79837 -0.668693 -0.656855 2.23302 -0.611719 -0.310504 2.50566 -0.279726 -0.145726 
0
1.7988 -0.668565 -0.65679 2.23425 -0.610565 -0.309906 2.49349 -0.265035 -0.154679 
0
0
0
1.79872 -0.668466 -0.656317 2.23531 -0.606891 -0.308593 2.47673 -0.23874 -0.176102 
0
1.79782 -0.668914 -0.654621 2.23597 -0.60465 -0.307573 2.46513 -0.221636 -0.190783 
0
0
0
0
0
1.80006 -0.669262 -0.652749 2.23834 -0.599062 -0.30463 2.43137 -0.184419 -0.230136 
0
0
0
1.80282 -0.669334 -0.650787 2.2396 -0.593621 -0.302592 2.40168 -0.162152 -0.261563 
1.80355 -0.669302 -0.650289 2.23953 -0.592739 -0.30167 2.39253 -0.156465 -0.269977 
1.80456 -0.669938 -0.648428 2.23802 -0.591411 -0.29843 2.3782 -0.148353 -0.284508 
0
0
0
0
0
0
0
0
0
0
1.81216 -0.67423 -0.641083 2.24514 -0.584103 -0.295755 2.33954 -0.12841 -0.333081 
0
0
0
0
0
0
0
0
0
0
0
0
0
0
0
1.81795 -0.675278 -0.638159 2.2434 -0.589736 -0.288273 2.33543 -0.131823 -0.324385 
0
0
0
0
0
0
1.81625 -0.676172 -0.640897 2.2421 -0.591201 -0.287975 2.36606 -0.141736 -0.309849 
0
0
1.81299 -0.677129 -0.641806 2.23755 -0.592227 -0.286057 2.3754 -0.147982 -0.294356 
1.81245 -0.677306 -0.641992 2.23707 -0.592767 -0.28609 2.37774 -0.14818 -0.292971 
0
0
0
0
1.81327 -0.675351 -0.644006 2.24174 -0.593663 -0.289952 2.38847 -0.151441 -0.295036 
0
0
1.81243 -0.674688 -0.644172 2.24435 -0.594042 -0.293483 2.40087 -0.159281 -0.280561 
0
0
0
1.80925 -0.674201 -0.645619 2.24293 -0.600784 -0.295037 2.42309 -0.176198 -0.247094 
1.8085 -0.673703 -0.645868 2.24194 -0.601481 -0.295078 2.42558 -0.181901 -0.238849 
0
0
0
0
1.80474 -0.674051 -0.645738 2.23899 -0.603266 -0.295166 2.44407 -0.200075 -0.206072 
1.80737 -0.673272 -0.647264 2.23879 -0.603872 -0.295705 2.448 -0.20701 -0.198685 
0
1.80649 -0.67257 -0.650051 2.23747 -0.607314 -0.296928 2.4675 -0.224557 -0.182141 
0
1.80551 -0.672168 -0.651623 2.2344 -0.610918 -0.29776 2.48811 -0.254347 -0.160278 
0
1.80448 -0.671879 -0.652208 2.23364 -0.613255 -0.298775 2.49903 -0.273327 -0.147114 
0
0
0
1.8039 -0.671528 -0.653237 2.2333 -0.620037 -0.302895 2.53178 -0.329008 -0.116533 
0
0
0
1.80405 -0.671563 -0.654032 2.23021 -0.625651 -0.304619 2.54405 -0.368402 -0.0954149 
0
1.80442 -0.671601 -0.655602 2.22902 -0.628917 -0.306207 2.55367 -0.392277 -0.0875503 
0
1.80505 -0.671378 -0.657076 2.22881 -0.631855 -0.307576 2.55639 -0.410223 -0.0813978 
0
1.80522 -0.672076 -0.658418 2.22795 -0.637858 -0.310092 2.56274 -0.436447 -0.0751293 
0
1.80548 -0.672574 -0.659869 2.22641 -0.645857 -0.313745 2.57021 -0.471837 -0.0687359 
0
0
0
0
1.80504 -0.673291 -0.660703 2.22543 -0.66376 -0.31997 2.57356 -0.534721 -0.0580864 
0
1.8064 -0.672114 -0.660264 2.22552 -0.671892 -0.320918 2.58013 -0.553116 -0.0585868 
0
0
0
0
0
0
0
0
0
0
0
0
0
0
1.80399 -0.668666 -0.658319 2.22387 -0.705849 -0.330116 2.58769 -0.650032 -0.0601703 
0
0
0
1.80358 -0.668965 -0.658708 2.22184 -0.699299 -0.328257 2.58319 -0.632402 -0.0583699 
0
1.80343 -0.668717 -0.658016 2.22299 -0.700966 -0.328369 2.58458 -0.633666 -0.0590272 
0
0
0
0
0
0
1.80122 -0.667083 -0.657235 2.22204 -0.688302 -0.325448 2.58215 -0.615325 -0.0573751 
1.79999 -0.666295 -0.656956 2.22031 -0.684391 -0.323796 2.58105 -0.608265 -0.0557951 
1.79973 -0.666048 -0.656789 2.21984 -0.683712 -0.32319 2.58104 -0.606932 -0.0553931 
0
0
0
0
0
0
0
0
0
0
1.79699 -0.662358 -0.656113 2.22 -0.665147 -0.320988 2.57539 -0.571885 -0.0515616 
1.79623 -0.662368 -0.655718 2.22103 -0.665569 -0.321709 2.57584 -0.572277 -0.0523032 
0
0
1.79488 -0.662204 -0.656238 2.2208 -0.669424 -0.323706 2.57566 -0.583204 -0.0538008 
0
0
1.79182 -0.661596 -0.65686 2.21229 -0.673294 -0.320159 2.56628 -0.594949 -0.0461704 
1.79086 -0.661322 -0.657017 2.21082 -0.670881 -0.31907 2.56492 -0.592337 -0.0451472 
1.79076 -0.661955 -0.657664 2.21004 -0.665735 -0.317616 2.56185 -0.578822 -0.0437422 
0
0
0
0
0
0
0
0
0
0
0
1.78983 -0.662826 -0.660287 2.2112 -0.651234 -0.315403 2.56104 -0.541669 -0.0471271 
0
1.79074 -0.662785 -0.660287 2.21235 -0.648736 -0.314912 2.55923 -0.53151 -0.0475907 
0
0
0
0
0
1.79301 -0.664569 -0.658579 2.22034 -0.638725 -0.314254 2.56327 -0.482796 -0.0604553 
0
0
0
0
1.79405 -0.665024 -0.657837 2.22445 -0.629144 -0.311319 2.55533 -0.429152 -0.0739028 
0
1.7957 -0.66668 -0.658219 2.2263 -0.625842 -0.311134 2.54788 -0.404135 -0.0810005 
0
0
0
0
0
0
1.79971 -0.670016 -0.658012 2.2298 -0.618002 -0.308668 2.53478 -0.350206 -0.099983 
0
1.80067 -0.670867 -0.657825 2.23007 -0.616773 -0.307783 2.52745 -0.34278 -0.100767 
0
0
1.80093 -0.671041 -0.658091 2.2304 -0.615434 -0.307169 2.52518 -0.331203 -0.107366 
1.801 -0.671058 -0.658085 2.23068 -0.615267 -0.306991 2.52276 -0.327613 -0.10823 
0
0
1.80175 -0.671138 -0.658047 2.23193 -0.612639 -0.306481 2.51642 -0.306042 -0.121437 
1.80181 -0.671264 -0.65787 2.2323 -0.611781 -0.306268 2.50959 -0.300192 -0.123208 
1.80198 -0.671411 -0.657526 2.23249 -0.609812 -0.305523 2.50463 -0.289221 -0.129841 
0
1.8034 -0.671843 -0.657559 2.23284 -0.608488 -0.304827 2.50098 -0.276736 -0.136737 
1.80258 -0.671633 -0.656961 2.23335 -0.607371 -0.304169 2.49626 -0.266418 -0.143886 
1.80271 -0.671651 -0.65681 2.23363 -0.606838 -0.30387 2.49079 -0.264632 -0.145187 
1.80287 -0.671641 -0.656685 2.23422 -0.606019 -0.303442 2.4906 -0.256512 -0.151544 
1.80306 -0.671697 -0.656337 2.23488 -0.604378 -0.303033 2.48364 -0.247017 -0.159273 
0
1.80254 -0.672304 -0.654559 2.23553 -0.603007 -0.302673 2.47701 -0.237704 -0.16714 
0
0
0
0
0
0
0
1.80379 -0.672809 -0.65291 2.23855 -0.594803 -0.301795 2.44049 -0.191586 -0.213177 
0
0
0
0
1.80611 -0.672731 -0.651676 2.24067 -0.591505 -0.300675 2.41618 -0.170375 -0.238031 
0
0
0
0
0
1.80893 -0.672979 -0.650044 2.24154 -0.58758 -0.297045 2.38631 -0.147545 -0.277218 
0
1.8089 -0.673877 -0.647868 2.24266 -0.5858 -0.296471 2.36975 -0.140254 -0.293565 
0
0
0
0
0
0
0
0
0
0
0
0
0
0
0
0
0
0
0
0
0
0
0
0
0
0
0
0
0
1.81506 -0.675393 -0.64155 2.24482 -0.58217 -0.289182 2.34301 -0.128303 -0.326233 
0
1.81379 -0.675617 -0.643427 2.2459 -0.582322 -0.291769 2.35586 -0.132961 -0.316934 
0
0
0
0
1.81671 -0.676507 -0.644744 2.24387 -0.587095 -0.288334 2.38792 -0.145061 -0.295438 
0
0
0
1.8128 -0.677459 -0.644677 2.23954 -0.587357 -0.286161 2.38709 -0.146294 -0.28558 
1.81286 -0.67731 -0.644976 2.23901 -0.587348 -0.28593 2.3875 -0.146592 -0.285311 
0
0
0
1.81347 -0.676727 -0.644993 2.24131 -0.58633 -0.287441 2.39937 -0.15013 -0.288641 
0
1.8135 -0.676511 -0.645336 2.24293 -0.58946 -0.288999 2.41076 -0.156383 -0.279968 
0
0
0
0
0
0
0
0
0
0
0
0
0
1.80943 -0.674785 -0.651337 2.23809 -0.603282 -0.294127 2.47793 -0.228302 -0.184528 
0
0
0
1.80838 -0.674732 -0.652877 2.23577 -0.608457 -0.29581 2.50449 -0.268243 -0.153438 
1.80816 -0.674677 -0.653037 2.23475 -0.609812 -0.296042 2.51032 -0.277804 -0.145567 
1.80803 -0.674497 -0.653258 2.23265 -0.612693 -0.295803 2.51504 -0.296532 -0.131499 
0
0
0
1.80767 -0.674481 -0.653655 2.22914 -0.617046 -0.296318 2.53002 -0.33215 -0.108191 
0
0
0
1.80796 -0.674713 -0.655335 2.22677 -0.622816 -0.29869 2.54184 -0.376207 -0.0863734 
1.80821 -0.674788 -0.656131 2.22561 -0.627228 -0.300251 2.5473 -0.395906 -0.079268 
0
0
0
0
0
1.80872 -0.674219 -0.659132 2.22291 -0.643685 -0.307254 2.5635 -0.474446 -0.0589963 
0
1.80865 -0.674159 -0.659036 2.22202 -0.648661 -0.309028 2.56155 -0.493535 -0.053498 
1.80853 -0.674072 -0.659086 2.21995 -0.654803 -0.31032 2.56006 -0.514312 -0.0473536 
1.80842 -0.6739 -0.659069 2.21863 -0.657397 -0.310302 2.56227 -0.522494 -0.0464294 
0
0
1.80722 -0.67181 -0.658376 2.2123 -0.67234 -0.308128 2.55783 -0.569442 -0.0337515 
0
0
0
0
0
0
0
0
0
1.80296 -0.668697 -0.655897 2.21055 -0.685608 -0.311248 2.56345 -0.605105 -0.0363737 
0
0
0
0
0
0
0
0
0
0
0
0
0
0
0
0
0
0
0
1.79858 -0.664066 -0.654044 2.21165 -0.670064 -0.309832 2.56212 -0.58737 -0.0361499 
0
0
0
0
1.79276 -0.661311 -0.652758 2.2113 -0.658257 -0.311266 2.56138 -0.559809 -0.041571 
1.79276 -0.661306 -0.653032 2.21198 -0.657977 -0.312039 2.55988 -0.559195 -0.0417852 
0
0
0
1.79449 -0.661976 -0.653629 2.21797 -0.662445 -0.317149 2.57139 -0.564602 -0.0506266 
1.7945 -0.66164 -0.653592 2.219 -0.666308 -0.318483 2.57428 -0.573463 -0.0518383 
0
0
0
0
0
0
0
0
0
0
1.78688 -0.659238 -0.658953 2.20505 -0.663712 -0.31656 2.55194 -0.569725 -0.0427731 
0
0
0
0
1.79042 -0.662833 -0.658627 2.20922 -0.646984 -0.313515 2.55396 -0.525249 -0.045516 
0
1.7917 -0.663754 -0.658482 2.21073 -0.642945 -0.312983 2.55184 -0.514872 -0.0457649 
1.79215 -0.664137 -0.658508 2.21148 -0.640569 -0.312734 2.55042 -0.507367 -0.0461089 
0
0
1.79289 -0.665152 -0.658696 2.21321 -0.63576 -0.311639 2.55311 -0.487314 -0.0516641 
0
0
1.79375 -0.666824 -0.658452 2.21526 -0.630876 -0.310286 2.55231 -0.462308 -0.058134 
1.79388 -0.666933 -0.658447 2.21547 -0.630489 -0.310185 2.55084 -0.460736 -0.0583842 
0
0
0
1.79704 -0.668937 -0.658351 2.22026 -0.623826 -0.30862 2.54879 -0.420395 -0.0718827 
0
0
1.79924 -0.670458 -0.657524 2.22344 -0.620745 -0.308316 2.54561 -0.396788 -0.0784157 
1.79972 -0.670619 -0.657428 2.22403 -0.619736 -0.307867 2.54159 -0.390234 -0.0794808 
0
1.80005 -0.670794 -0.657304 2.22507 -0.618165 -0.307506 2.5414 -0.378089 -0.0854325 
0
0
0
0
0
1.80065 -0.670656 -0.655842 2.22784 -0.611657 -0.305168 2.52272 -0.326994 -0.107815 
0
0
1.80096 -0.671109 -0.654831 2.22909 -0.608353 -0.304004 2.51126 -0.299244 -0.121384 
0
1.80141 -0.671591 -0.654756 2.2291 -0.606454 -0.303266 2.50424 -0.284791 -0.128196 
1.80163 -0.671735 -0.654783 2.2289 -0.605695 -0.302817 2.49882 -0.282932 -0.129006 
0
1.80206 -0.672305 -0.654305 2.22933 -0.60481 -0.302446 2.49724 -0.273767 -0.135148 
0
0
1.80277 -0.672484 -0.654485 2.23022 -0.603626 -0.301894 2.48818 -0.260161 -0.143182 
0
0
1.80394 -0.67344 -0.654157 2.23053 -0.60119 -0.300954 2.47342 -0.240152 -0.157811 
0
0
1.80167 -0.674304 -0.652353 2.23108 -0.597973 -0.299822 2.45519 -0.218678 -0.172644 
0
0
1.80505 -0.674496 -0.65295 2.23142 -0.595661 -0.298564 2.4437 -0.202557 -0.186529 
0
1.80529 -0.67444 -0.652744 2.23174 -0.594013 -0.297819 2.43415 -0.194078 -0.195683 
0
1.8061 -0.674381 -0.652722 2.23221 -0.593196 -0.297538 2.42955 -0.187005 -0.202814 
1.80648 -0.674533 -0.65253 2.23279 -0.592052 -0.297386 2.42331 -0.180246 -0.210371 
1.80683 -0.674677 -0.652433 2.23323 -0.591688 -0.297405 2.41869 -0.179388 -0.212178 
0
0
1.80783 -0.674892 -0.651932 2.23503 -0.589842 -0.297543 2.40543 -0.166536 -0.227505 
1.80816 -0.674916 -0.651553 2.23541 -0.589181 -0.297398 2.40246 -0.162913 -0.234125 
0
1.80838 -0.675016 -0.65104 2.23564 -0.588273 -0.297024 2.39637 -0.156976 -0.241547 
1.80861 -0.675032 -0.650756 2.23563 -0.587796 -0.296707 2.39113 -0.156565 -0.243272 
1.80894 -0.674927 -0.650542 2.23527 -0.586595 -0.296028 2.38919 -0.150968 -0.249818 
1.80905 -0.674932 -0.650451 2.23523 -0.586317 -0.29579 2.38541 -0.150822 -0.250965 
0
0
1.80908 -0.675393 -0.648745 2.23653 -0.584802 -0.295235 2.37206 -0.143173 -0.267253 
0
0
0
0
0
1.81267 -0.676062 -0.645338 2.24176 -0.579909 -0.29474 2.33256 -0.123209 -0.313803 
0
0
0
0
0
0
0
0
0
0
0
0
0
1.81968 -0.684014 -0.644824 2.2433 -0.575143 -0.293013 2.32529 -0.115694 -0.329225 
1.82151 -0.685239 -0.64497 2.24346 -0.574751 -0.292674 2.32326 -0.115365 -0.330052 
0
0
0
0
0
0
0
0
0
0
0
0
0
1.83838 -0.700688 -0.645473 2.24194 -0.577005 -0.286305 2.34291 -0.119776 -0.316093 
0
0
0
0
0
0
0
0
1.83179 -0.699316 -0.643452 2.24033 -0.576438 -0.285081 2.33904 -0.119792 -0.324079 
1.83209 -0.69933 -0.643163 2.24022 -0.576479 -0.284958 2.34026 -0.11979 -0.324007 
0
0
0
