587.821 247.797 660.17 298.882 753.95 374.103 
587.589 247.185 661.402 296.128 757.764 368.42 
587.181 246.17 663.286 291.734 763.287 359.139 
586.593 244.466 666.117 284.108 771.746 343.081 
586.423 243.727 667.062 280.859 774.874 336.233 
586.155 242.571 668.643 275.831 779.361 325.454 
585.635 240.55 670.85 266.664 785.525 306.139 
585.362 239.704 671.437 263.004 787.682 297.894 
584.991 238.427 672.416 256.788 790.184 285.504 
584.203 236.341 672.926 247.347 792.903 264.034 
583.837 235.493 673.003 243.418 793.264 255.823 
583.216 234.352 672.69 237.635 793.132 243.331 
582.028 232.554 671.439 228.559 791.377 223.048 
581.587 231.943 670.828 224.799 790.023 215.156 
580.784 231.002 669.448 219.59 787.398 203.791 
579.098 229.644 666.556 211.289 781.387 185.712 
578.471 229.239 665.101 208.023 778.486 178.735 
576.137 228.956 662.558 203.275 773.555 168.576 
573.873 228.03 658.125 196.384 763.679 152.447 
572.93 227.793 656.301 193.577 759.366 146.004 
571.378 227.165 651.845 188.864 752.305 136.876 
569.017 226.876 645.684 182.679 739.403 123.009 
567.874 226.892 642.94 180.529 733.993 117.952 
566.061 226.877 638.765 177.66 726.32 110.507 
563.029 226.823 631.486 173.289 712.295 100.188 
561.765 227.023 628.338 171.829 706.652 96.5756 
559.766 227.284 623.751 169.73 697.875 91.6482 
557.004 228.327 615.976 166.725 683.541 84.1956 
555.67 228.639 612.984 165.641 677.817 81.64 
553.734 229.354 608.238 164.314 669.444 78.1056 
550.968 231.031 600.743 162.456 655.909 73.6758 
549.75 231.421 597.715 162.097 650.697 71.9823 
547.778 232.034 593.371 160.811 643.423 69.4008 
544.461 232.709 586.8 159.319 631.641 65.2926 
544.065 232.937 584.167 158.897 627.277 64.1091 
542.443 233.309 579.848 158.255 620.593 63.5633 
539.4 233.849 573.485 157.656 610.081 61.3605 
538.189 234.142 571.137 157.493 605.981 60.4919 
536.425 234.401 567.495 157.3 600.022 58.523 
535.506 235.23 561.554 157.053 590.444 57.1033 
532.738 235.466 559.288 156.934 586.913 56.5867 
533.075 235.979 556.167 156.982 581.567 55.8905 
531.006 236.781 551.486 157.271 574.08 55.9731 
530.279 237.122 549.427 157.509 571.253 54.9157 
529.305 237.585 547.332 157.676 567.667 54.5175 
528.035 238.117 544.707 157.87 563.57 53.9073 
527.698 238.276 544.017 157.869 562.406 53.4648 
527.247 238.475 543.262 158.033 561.335 53.8793 
526.927 238.551 542.808 157.819 560.585 52.8546 
526.978 238.527 542.977 157.754 560.775 51.6496 
527.177 238.436 543.579 157.625 561.925 52.0785 
527.867 238.031 545.557 157.301 564.975 50.6223 
528.229 237.769 546.584 157.118 567.118 50.2391 
528.94 237.432 548.598 156.901 570.924 50.9734 
530.416 236.714 552.878 156.687 578.217 50.2596 
531.098 236.425 554.86 156.621 581.943 50.4213 
530.533 235.916 558.685 156.546 587.828 51.7615 
532.543 234.801 564.762 156.459 598.435 52.1774 
533.32 234.477 567.4 156.671 603.3 53.7867 
534.691 233.991 571.281 157.038 610.501 55.0003 
536.363 232.362 578.753 157.542 622.868 57.4467 
537.47 231.766 581.584 157.986 628.158 58.4202 
539.301 230.941 586.229 158.537 635.837 59.7759 
542.185 230.086 593.824 159.997 649.904 64.8881 
543.279 229.687 596.964 160.655 655.404 66.8068 
545.06 229.218 601.153 162.265 663.597 69.9456 
547.648 228.927 608.403 165.021 677.335 76.3873 
548.832 228.797 611.247 166.312 682.517 79.4242 
550.322 228.678 615.585 168.305 690.507 84.0174 
552.431 228.087 622.629 172.216 703.804 92.4143 
553.493 227.975 625.722 173.677 708.428 96.4317 
555.278 227.798 629.417 176.45 716.308 102.161 
558.214 227.647 636.334 181.25 728.827 112.858 
559.313 227.683 639.05 183.333 733.708 117.516 
560.857 227.742 642.727 186.756 740.869 125.128 
563.681 227.76 648.904 193.142 752.324 139.173 
564.795 227.957 651.324 195.825 756.78 145.445 
566.71 228.023 654.742 200.223 763.254 155.245 
569.971 228.758 660.94 208.968 773.399 173.736 
571.407 229.045 663.322 212.311 777.122 181.745 
573.842 229.328 666.46 217.953 782.349 194.28 
578.055 230.31 670.636 227.49 789.599 217.06 
578.909 230.511 671.536 229.539 790.776 221.511 
582.448 231.582 674.497 238.07 794.542 240.781 
586.877 233.428 677.844 248.67 796.979 264.236 
587.676 233.764 678.304 250.909 797.156 268.954 
590.612 235.498 679.834 259.269 796.68 287.319 
593.852 237.848 680.113 270.383 793.851 309.81 
594.407 238.319 680.101 272.411 792.992 314.168 
596.408 240.245 679.436 280.714 788.987 331.12 
598.353 242.402 677.901 290.22 781.528 351.048 
598.675 242.71 677.282 292.257 779.614 355.227 
599.712 244.015 674.696 299.206 771.248 370.535 
601.037 245.544 670.619 307.6 758.808 388.518 
601.251 245.866 669.695 309.168 756.04 392.243 
602.013 247.124 665.758 315.349 744.164 405.66 
602.475 248.514 659.849 322.72 727.35 420.934 
602.596 248.689 658.601 324.011 723.771 423.748 
602.754 249.458 653.096 329.041 708.284 434.647 
603.01 250.062 645.674 334.371 687.888 446.153 
603.07 250.128 644.054 335.22 683.779 448.161 
603.341 250.154 637.854 338.391 667.355 454.756 
604.232 249.81 630.583 341.356 647.286 460.387 
604.487 249.746 629.211 341.655 643.529 461.302 
605.655 249.531 624.496 343.237 629.77 463.679 
606.971 249.379 620.011 344.421 616.683 465.281 
607.186 249.423 619.22 344.535 614.69 465.326 
607.644 249.542 617.162 345.124 609.113 466.164 
607.523 249.623 616.119 345.57 606.824 466.256 
607.415 249.645 616.107 345.618 606.914 466.3 
606.888 249.75 616.498 345.853 608.709 466.514 
606.269 249.675 617.844 345.829 613.243 466.298 
606.147 249.68 618.174 345.856 614.389 466.278 
605.807 249.75 620.081 345.922 619.451 466.093 
605.487 249.882 623.164 345.477 627.098 465.401 
605.402 249.92 623.976 345.36 628.898 465.275 
605.083 250.168 627.396 344.659 637.128 464.119 
604.361 250.399 632.758 343.354 650.715 461.067 
604.174 250.445 634.103 342.786 653.89 460.113 
603.247 250.754 639.357 340.519 667.877 455.166 
601.74 250.728 646.537 335.915 688.023 445.837 
601.421 250.697 648.1 334.768 692.212 443.543 
600.234 250.166 654.152 329.247 708.913 432.566 
598.836 248.852 661.329 320.798 729.247 415.63 
598.546 248.466 662.65 318.933 733.087 412.021 
597.416 247.164 667.769 310.982 747.821 396.204 
596.013 245.385 673.184 300.541 763.854 374.921 
595.746 244.992 674.159 298.35 766.72 370.379 
594.522 243.581 677.285 289.705 776.943 352.117 
592.703 241.793 679.913 279.016 786.443 329.576 
592.31 241.463 680.323 276.94 787.86 325.243 
590.707 240.045 681.212 268.664 792.856 307.44 
588.665 238.484 681.841 258.48 796.628 286.097 
588.279 238.22 681.807 256.58 797.103 281.94 
586.705 237.19 681.309 249.182 798.185 265.268 
584.532 236.436 680.211 239.697 797.65 245.018 
584.072 236.297 679.66 238.218 797.284 240.965 
582.058 236.001 678.144 230.743 795.059 225.093 
579.782 235.929 674.861 222.034 790.324 205.942 
579.329 235.908 674.075 220.453 789.135 201.915 
577.583 235.62 670.898 213.662 783.558 187.153 
575.124 235.614 666.325 206.09 774.794 169.069 
574.672 235.591 665.219 204.448 772.74 165.565 
573.316 235.992 660.247 198.135 763.796 151.55 
571.102 236.038 652.169 189.905 750.718 134.267 
570.555 236.072 650.921 188.318 747.898 131.121 
568.604 235.908 644.29 182.995 735.79 118.745 
565.656 235.33 636.196 176.934 720.361 104.977 
564.95 235.301 634.318 176.028 716.878 102.689 
562.837 235.271 627.36 172.226 703.682 93.5849 
559.843 235.217 619.104 168.152 687.637 84.2207 
559.354 235.218 617.484 167.472 684.235 82.8479 
557.09 235.325 610.753 165.154 672.112 76.9184 
554.487 235.605 603.166 162.635 657.776 71.4326 
553.945 235.709 601.509 162.29 655.058 70.6677 
551.966 236.056 596.172 160.814 644.829 67.5674 
549.314 236.378 589.453 159.723 633.447 63.5139 
548.855 236.416 588.168 159.56 631.335 63.1078 
546.672 236.713 583.793 158.834 623.747 62.2975 
545.0 236.906 580.178 158.685 618.441 60.3688 
543.335 237.648 574.975 158.274 610.359 58.735 
542.609 237.73 573.224 158.05 607.237 58.2177 
541.48 238.025 570.386 157.905 602.698 57.5521 
539.854 238.333 566.073 157.651 595.956 56.3494 
539.386 238.429 564.887 157.673 593.52 56.0176 
538.7 238.563 563.186 157.515 590.315 56.2744 
537.677 238.865 561.17 157.595 586.815 55.0792 
537.378 238.909 560.55 157.559 585.836 55.1957 
537.004 238.973 559.967 157.579 585.499 55.682 
536.553 239.066 559.449 157.545 585.547 54.3964 
536.546 239.157 559.52 157.544 585.993 55.1997 
536.542 239.178 559.873 157.507 586.562 54.9553 
536.923 239.069 560.785 157.424 587.714 53.6347 
537.146 238.984 561.458 157.367 588.748 53.5469 
537.534 238.867 562.564 157.372 590.421 53.6268 
538.226 238.566 565.382 157.373 595.796 54.8024 
538.612 238.349 566.845 157.521 598.395 54.2531 
539.204 238.008 569.346 157.654 603.005 55.1077 
540.311 237.394 574.71 158.117 613.387 57.8893 
540.863 237.165 577.207 158.347 618.06 58.7825 
540.886 236.281 581.196 158.769 625.34 59.5896 
542.885 235.71 588.156 160.026 637.966 64.3173 
543.841 235.522 590.964 160.64 642.855 65.8037 
545.369 235.09 595.252 161.545 650.512 68.2321 
548.054 234.716 601.916 163.788 663.284 73.0547 
549.021 234.579 604.587 164.883 668.411 75.0703 
550.68 234.403 608.878 166.179 676.033 78.7107 
553.244 234.327 615.693 169.295 688.474 85.4253 
554.197 234.318 618.259 170.718 693.5 88.1988 
555.572 234.204 622.39 172.727 701.038 93.0658 
558.05 233.947 629.203 176.401 713.05 101.646 
559.216 233.776 631.829 178.018 717.95 105.581 
560.869 233.622 635.878 180.561 725.301 111.249 
563.254 232.99 642.412 185.451 737.286 122.287 
564.429 232.777 645.112 187.381 742.068 126.639 
566.521 232.539 649.326 190.319 749.009 133.565 
570.409 232.72 655.633 195.872 759.645 145.534 
571.776 232.764 658.107 198.133 763.501 150.263 
573.736 232.702 661.551 201.301 768.974 157.491 
576.853 232.758 666.339 206.848 776.995 169.411 
577.917 232.845 668.202 209.073 779.877 174.348 
579.547 232.962 670.594 212.524 783.883 182.011 
581.857 233.066 673.947 218.922 789.644 195.655 
582.806 233.168 675.054 221.782 791.68 201.953 
584.406 233.54 676.81 226.069 794.549 211.369 
586.862 234.149 679.324 233.995 798.215 229.397 
587.975 234.455 680.04 237.483 799.353 236.968 
589.53 235.065 680.753 243.12 800.428 249.311 
592.125 236.661 681.585 252.985 800.235 271.816 
593.022 237.574 681.493 257.238 799.407 281.181 
594.568 238.685 681.016 263.864 797.325 295.564 
596.717 240.763 679.254 274.915 791.545 319.405 
597.511 241.462 678.22 279.17 788.418 328.728 
598.467 242.544 676.681 285.089 783.098 342.149 
600.169 244.343 673.298 294.648 773.353 362.017 
600.61 244.899 672.169 297.861 769.27 368.911 
601.16 245.602 670.016 302.497 762.813 378.627 
601.686 246.812 665.989 309.702 751.675 393.345 
601.745 247.263 664.311 312.356 747.151 398.789 
601.851 248.147 661.616 316.408 740.156 406.54 
601.881 249.341 656.952 322.597 728.04 418.405 
601.837 249.802 655.038 324.632 723.112 422.844 
601.897 250.53 651.716 327.964 715.773 429.046 
601.616 251.666 646.426 332.328 704.134 437.221 
601.437 251.968 644.425 333.783 699.694 440.3 
601.159 252.413 641.703 335.715 693.133 444.187 
600.718 252.824 637.418 338.494 682.499 449.813 
600.692 252.936 635.898 339.468 678.381 451.871 
600.771 253.082 633.649 340.908 672.12 454.736 
601.062 253.324 629.826 342.938 661.734 459.055 
601.188 253.375 628.38 343.627 657.52 460.504 
601.441 253.34 625.973 344.743 651.227 462.597 
601.87 253.251 622.16 346.147 641.093 465.343 
602.024 253.221 620.794 346.479 637.337 466.394 
602.312 253.093 619.012 346.928 632.2 467.379 
602.746 252.975 616.378 347.583 625.145 468.517 
602.862 252.909 615.594 347.756 623.16 468.934 
603.013 252.839 614.835 347.958 621.102 469.203 
603.063 253.154 614.744 348.01 620.34 469.041 
603.106 253.15 615.037 348.02 621.025 469.061 
603.125 253.15 615.884 348.02 622.998 468.731 
603.022 253.104 618.013 347.441 628.322 467.75 
602.77 253.189 618.98 347.194 630.975 467.207 
602.771 252.722 620.516 346.958 635.504 466.434 
602.241 252.97 623.261 346.173 643.578 464.767 
602.031 253.074 624.254 346.076 646.794 464.026 
601.771 253.298 625.843 345.745 651.6 463.01 
601.36 253.599 629.059 344.597 660.079 460.612 
601.213 253.633 630.511 344.086 663.912 459.455 
600.916 253.634 633.151 342.675 670.452 456.892 
599.908 253.518 638.005 339.827 683.525 450.673 
599.388 253.428 640.134 338.14 689.493 447.477 
598.667 253.116 643.278 335.301 699.082 441.276 
597.539 252.441 648.85 328.943 716.207 428.023 
596.981 251.96 651.182 325.901 723.146 421.856 
596.353 251.119 654.696 320.692 733.39 411.286 
595.081 249.384 660.629 310.9 749.883 391.191 
594.584 248.589 662.863 306.597 756.165 382.013 
593.86 247.344 665.92 300.048 764.879 367.807 
592.558 245.296 670.593 288.273 777.053 342.854 
592.021 244.401 672.079 283.474 780.928 332.653 
591.048 243.154 674.176 275.86 785.995 317.094 
589.253 241.123 676.663 262.913 791.57 290.954 
588.374 240.44 676.987 258.0 792.864 280.944 
586.911 239.598 676.949 250.818 793.686 266.248 
584.646 238.361 675.685 239.753 792.974 242.575 
583.652 237.969 674.839 235.498 791.954 233.65 
582.38 237.371 673.229 229.29 789.682 220.643 
580.372 236.375 670.669 220.179 784.391 200.205 
579.464 236.17 668.811 216.809 781.671 192.56 
578.325 235.754 666.652 211.818 777.25 181.715 
576.231 235.425 661.77 204.4 768.993 165.511 
575.554 235.274 659.168 200.815 765.404 159.674 
574.332 235.247 656.105 197.277 759.856 150.894 
572.175 235.142 650.752 191.389 749.967 137.615 
571.079 235.164 648.388 189.213 745.925 132.682 
569.883 235.052 644.927 186.003 739.578 125.589 
567.35 235.104 638.489 181.32 728.459 114.203 
566.215 235.114 635.92 179.475 723.822 109.906 
565.179 235.573 632.032 176.948 716.667 104.027 
562.646 235.838 625.47 173.229 704.903 95.0579 
561.906 236.043 622.791 171.946 700.051 91.6432 
560.089 235.675 618.694 170.129 692.697 87.3159 
557.937 236.008 612.369 167.314 680.486 80.737 
557.158 236.141 609.821 166.142 675.636 78.3755 
555.866 236.321 605.901 164.881 668.203 75.0619 
553.785 236.594 599.463 163.137 656.205 69.0438 
552.9 236.675 597.154 162.528 651.45 67.2956 
551.827 236.742 593.524 161.58 644.594 65.7444 
549.965 237.033 588.236 160.524 634.214 61.2816 
549.407 237.119 586.905 160.191 630.572 60.135 
548.451 237.275 583.839 159.616 625.614 59.7776 
547.479 237.368 579.979 159.083 618.826 57.3434 
547.836 237.647 578.777 158.801 616.718 57.5398 
547.556 237.879 577.072 158.61 613.652 57.054 
546.963 237.875 574.946 158.286 609.951 55.2457 
546.831 237.912 574.393 158.126 608.991 56.0208 
546.576 238.039 573.869 158.034 607.683 54.7615 
546.342 238.117 573.297 157.902 606.731 54.4411 
546.275 238.102 573.242 157.933 606.715 54.2186 
546.217 238.022 573.359 157.822 607.035 54.863 
546.183 237.852 573.68 157.765 607.652 54.7799 
546.228 237.792 573.778 157.767 607.701 53.801 
546.467 237.86 574.113 157.659 608.432 53.8006 
546.469 237.829 574.694 157.636 609.301 53.8479 
546.463 237.834 574.92 157.768 609.567 53.9098 
546.24 237.607 575.276 157.752 610.561 53.8084 
546.349 237.449 575.94 157.621 612.195 54.6127 
546.69 237.566 576.103 157.607 612.58 54.7072 
546.833 237.449 576.955 157.589 614.125 54.2115 
547.017 237.334 578.666 157.864 617.72 54.8554 
547.066 237.364 579.024 157.967 618.595 55.2576 
547.231 237.185 581.333 158.335 622.716 56.3548 
547.094 236.874 584.804 159.079 629.485 59.5455 
547.233 236.835 585.701 159.203 630.762 58.9965 
547.88 236.686 589.184 160.027 637.479 62.1477 
549.203 236.433 593.7 161.182 646.194 65.1652 
549.414 236.371 594.673 161.409 647.905 64.785 
550.602 236.328 598.269 162.838 655.207 68.9807 
551.786 236.321 603.211 164.504 664.373 73.2128 
552.059 236.329 603.983 165.071 666.314 74.0607 
553.366 236.118 608.15 166.494 673.914 77.6698 
554.905 235.853 613.282 168.826 684.094 82.8709 
555.208 235.827 614.483 169.192 686.151 84.237 
556.703 235.54 619.062 171.19 694.865 89.0448 
558.461 235.224 625.146 174.299 706.494 96.6099 
558.778 235.124 626.384 174.961 708.274 98.4682 
560.062 234.52 630.857 178.29 717.658 105.586 
562.409 234.319 636.921 183.075 729.866 116.437 
562.838 234.296 638.422 183.991 732.226 118.962 
565.002 234.161 643.462 188.45 741.863 128.853 
568.198 234.488 649.739 194.61 753.374 142.828 
568.873 234.478 651.014 195.975 755.605 145.732 
571.64 234.555 655.843 201.245 764.105 157.813 
575.126 234.657 661.606 207.778 773.494 172.68 
575.832 234.674 662.846 209.036 775.171 175.739 
578.328 234.566 666.499 214.647 781.297 188.628 
581.171 234.905 670.574 222.0 787.342 204.839 
581.654 235.009 671.333 223.546 788.359 208.263 
583.698 235.536 673.701 230.046 791.754 222.532 
586.24 236.131 676.161 238.443 794.783 240.497 
586.71 236.315 676.499 240.198 795.182 244.232 
588.622 236.949 677.991 247.177 796.168 259.316 
591.054 237.984 679.03 256.384 795.689 279.283 
591.558 238.265 679.101 258.325 795.394 283.315 
593.409 239.789 679.258 266.066 793.535 299.195 
595.863 241.525 678.979 275.539 789.845 318.25 
596.29 241.887 678.84 277.382 788.912 321.913 
597.866 243.162 678.157 284.082 784.609 336.076 
599.532 244.689 676.705 292.283 777.874 353.294 
599.909 244.98 676.355 293.892 776.501 356.343 
601.407 246.414 674.807 300.371 770.196 369.674 
603.351 248.203 672.501 308.154 760.706 385.992 
603.671 248.54 671.838 309.731 758.544 389.26 
605.176 249.792 669.094 315.64 749.147 401.742 
606.984 250.97 664.766 322.699 735.576 416.159 
607.284 251.133 663.815 323.915 732.709 418.761 
608.405 251.815 659.888 328.684 720.872 428.721 
609.542 252.648 654.619 334.036 705.819 439.395 
609.63 252.842 653.513 335.046 702.763 441.301 
610.109 253.42 649.043 338.643 690.589 448.398 
610.536 254.138 643.277 342.374 676.044 455.652 
610.536 254.211 642.194 342.988 673.182 457.129 
610.234 255.161 637.768 345.612 662.304 461.256 
610.596 255.488 632.816 348.149 649.015 465.792 
610.634 255.543 631.902 348.536 646.61 466.463 
610.862 255.832 628.615 350.181 637.656 469.029 
611.06 255.88 625.29 351.54 628.069 471.506 
611.094 255.917 624.797 351.761 626.53 471.774 
611.136 255.788 623.119 352.643 621.848 472.92 
611.391 255.795 622.381 353.375 619.108 473.958 
611.427 255.831 622.429 353.487 619.062 474.138 
611.354 256.035 623.064 353.861 620.789 474.452 
611.188 256.231 625.263 353.632 627.016 474.285 
611.168 256.255 625.977 353.453 628.814 474.059 
610.961 256.283 629.023 352.323 638.148 472.528 
610.26 256.146 634.97 349.618 654.838 468.114 
610.114 256.085 636.376 349.056 658.722 466.819 
609.672 255.236 642.807 345.427 676.074 460.387 
608.777 254.537 651.845 339.484 700.198 448.404 
608.61 254.335 653.767 338.017 705.091 445.345 
607.799 253.249 661.321 331.297 724.358 431.827 
606.671 251.564 669.936 320.99 746.936 411.288 
606.357 251.172 671.5 318.781 751.116 406.754 
605.249 249.338 677.32 309.266 766.266 387.959 
603.499 246.964 682.657 297.128 781.479 362.659 
603.105 246.554 683.433 294.8 784.008 357.486 
601.413 244.678 686.133 284.617 792.287 337.078 
598.7 242.451 687.474 271.891 798.836 311.486 
598.161 241.973 687.507 269.381 799.798 306.167 
595.822 240.222 687.131 258.687 801.842 285.687 
592.431 238.127 684.983 245.802 801.536 259.726 
591.656 237.812 684.119 243.286 801.083 254.647 
588.936 236.472 681.341 233.558 798.197 233.932 
585.255 235.11 676.295 221.894 791.964 209.259 
584.497 234.913 675.358 219.726 790.444 204.281 
581.619 234.439 671.049 211.714 783.3 185.856 
578.38 233.949 663.777 201.502 772.638 163.843 
577.804 233.853 662.343 199.832 770.294 159.575 
575.439 233.57 656.694 193.035 760.059 144.163 
572.268 233.388 649.035 185.748 746.119 126.928 
571.676 233.436 647.362 184.468 743.229 123.807 
569.49 233.76 640.9 179.737 731.473 112.711 
566.396 234.212 632.959 174.839 717.062 101.097 
565.615 234.281 631.358 174.057 714.084 99.067 
562.667 234.209 624.731 170.95 701.994 92.0461 
559.848 234.611 617.865 168.44 690.234 85.9102 
558.485 234.765 614.69 167.144 684.366 83.1942 
555.838 235.083 608.466 164.959 673.118 78.0654 
552.813 235.307 600.937 162.567 659.461 72.8626 
552.284 235.365 599.247 162.315 656.922 71.8067 
549.879 235.624 593.191 160.783 646.05 68.489 
548.017 235.796 588.708 159.904 638.108 66.3501 
545.202 236.395 581.386 158.786 625.038 63.458 
544.15 236.618 578.411 158.512 619.891 61.4542 
542.569 237.105 574.695 158.466 612.886 61.4244 
540.167 237.92 568.698 158.255 601.886 60.198 
539.412 238.211 566.53 158.146 598.094 59.612 
538.019 238.557 563.442 157.975 593.253 59.117 
536.131 239.119 558.847 158.167 586.744 58.5957 
535.441 239.502 557.69 158.374 584.833 58.4146 
534.669 239.842 556.005 158.347 582.346 58.2387 
533.364 240.263 554.083 158.49 579.767 57.5836 
532.984 240.373 553.665 158.636 579.364 57.4456 
532.448 240.577 553.072 158.61 578.884 57.1312 
531.985 240.718 552.761 158.581 578.781 56.7317 
531.897 240.792 552.884 158.676 579.068 56.457 
531.822 240.796 553.056 158.695 579.31 56.2183 
531.865 240.754 553.571 158.67 580.475 55.8131 
532.011 240.736 553.835 158.612 581.038 55.8404 
532.207 240.675 554.397 158.345 582.112 55.56 
532.952 240.354 555.616 158.475 583.859 55.5365 
533.196 240.313 556.125 158.358 584.812 55.5293 
533.616 240.093 557.04 158.126 586.603 55.3936 
534.532 239.773 559.257 158.23 590.047 55.9557 
535.063 239.681 560.212 158.332 591.759 56.1853 
535.731 239.451 561.935 158.324 594.819 56.7181 
536.709 239.124 565.114 158.505 600.697 57.999 
537.335 238.956 566.662 158.528 603.578 58.6015 
537.767 238.785 569.558 158.515 608.227 59.6675 
538.743 238.316 574.096 159.409 617.504 62.3514 
539.344 238.202 576.415 159.705 621.7 63.5338 
540.082 238.08 579.912 160.435 628.4 65.6956 
541.823 237.734 586.104 162.008 640.077 69.9001 
542.51 237.537 588.644 162.697 645.081 71.5873 
543.794 237.351 592.423 163.851 652.625 74.4169 
545.874 237.019 599.01 166.213 664.827 79.9862 
546.694 236.794 601.789 167.132 670.012 82.2999 
548.221 236.674 605.779 168.748 677.583 86.0202 
550.459 236.294 612.631 171.72 690.203 93.0149 
551.549 236.222 615.182 172.974 695.024 96.2641 
553.062 235.948 619.363 175.078 702.49 100.639 
555.122 235.247 626.11 178.823 714.265 109.532 
556.425 235.213 628.648 180.435 718.959 113.327 
558.221 235.043 632.516 183.044 725.999 119.188 
561.335 234.777 638.616 187.799 737.316 129.667 
562.556 234.713 640.967 189.928 741.69 134.246 
564.858 234.927 644.7 192.962 748.147 141.521 
568.232 234.648 650.509 198.714 758.47 154.189 
569.651 234.633 652.862 201.183 762.395 159.719 
571.575 234.691 656.036 205.371 767.933 168.569 
574.732 234.827 660.974 212.497 776.146 183.936 
576.244 234.86 662.907 215.248 779.136 190.287 
578.123 235.036 665.357 219.64 783.083 199.984 
581.633 235.627 669.036 227.427 788.575 216.791 
582.904 235.818 670.247 230.557 790.301 223.559 
584.899 236.076 672.221 234.912 792.398 233.646 
587.847 236.98 674.567 242.603 794.779 250.786 
589.136 237.434 675.192 245.777 795.309 257.477 
590.741 238.014 675.934 250.598 795.692 267.402 
593.13 239.409 676.86 258.548 794.805 284.621 
594.069 239.917 676.612 262.297 794.04 291.478 
595.364 240.641 676.562 267.182 792.375 302.16 
597.349 242.03 675.87 275.232 788.252 319.405 
597.954 242.664 675.393 278.445 786.202 326.204 
598.976 243.425 674.445 283.092 782.798 335.778 
600.31 244.767 672.8 290.334 776.099 351.778 
600.825 245.297 671.97 293.242 773.207 357.607 
601.551 246.184 670.583 297.53 768.58 366.647 
602.699 247.618 667.838 304.489 759.887 381.129 
603.044 248.171 666.576 307.325 756.089 386.561 
603.642 248.937 664.682 311.089 750.042 394.773 
604.421 250.29 661.031 317.419 739.63 407.388 
604.626 250.79 659.416 319.981 735.218 412.257 
604.928 251.6 656.89 323.548 728.419 419.313 
605.316 252.971 652.277 329.275 716.655 430.204 
605.324 253.472 650.355 331.452 711.717 434.303 
605.158 254.064 647.758 334.316 704.195 440.038 
605.189 254.869 643.351 338.461 691.563 448.734 
605.158 255.109 641.517 339.993 686.662 451.862 
605.292 255.377 638.769 342.067 679.736 455.971 
605.454 255.738 635.016 344.974 669.403 461.833 
605.278 256.308 633.888 346.092 666.045 463.619 
605.301 256.623 632.593 347.354 661.819 465.895 
605.572 256.775 631.029 349.075 656.426 468.522 
605.668 256.8 630.455 349.641 654.736 469.491 
605.922 256.802 630.007 350.113 652.968 470.186 
606.188 256.76 629.609 350.782 650.806 471.272 
