559.357 345.461 625.64 401.486 704.966 465.035 
559.098 344.8 626.59 399.002 708.132 460.32 
558.647 343.679 628.042 395.144 712.749 452.835 
557.968 341.631 630.201 388.367 719.944 439.534 
557.75 340.77 630.901 385.458 722.652 433.771 
557.406 339.415 632.09 380.867 726.581 424.768 
556.752 336.881 633.689 372.471 732.159 408.168 
556.425 335.777 634.075 368.809 734.17 401.026 
555.969 334.095 634.718 363.043 736.615 389.843 
555.053 331.257 634.843 353.627 739.522 370.235 
554.639 330.101 634.776 349.741 740.081 362.31 
553.962 328.462 634.299 343.858 740.345 350.083 
552.703 325.9 632.864 334.207 739.417 329.767 
552.238 324.959 632.182 330.387 738.459 321.59 
551.409 323.511 630.751 324.802 736.456 309.624 
549.723 321.197 627.826 315.708 731.549 290.012 
549.103 320.422 626.379 312.095 729.087 282.377 
546.912 319.034 623.875 306.847 724.814 271.085 
544.734 317.223 619.529 298.351 715.999 252.795 
543.838 316.583 617.728 294.952 712.063 245.699 
542.353 315.581 613.422 290.238 705.54 235.337 
540.139 314.451 607.423 282.741 693.405 219.236 
539.076 313.988 604.768 280.048 688.244 213.354 
537.395 313.366 600.733 276.362 680.849 204.888 
534.582 312.385 593.697 270.738 667.198 192.71 
533.426 312.133 590.667 268.795 661.659 188.391 
531.6 311.829 586.243 266.078 653.004 182.323 
529.124 311.749 578.755 262.244 638.749 173.583 
527.918 311.677 575.872 260.95 633.028 170.481 
526.196 311.838 571.316 259.218 624.631 166.318 
523.791 312.551 564.123 256.861 611.032 160.769 
522.705 312.642 561.238 256.182 605.772 158.838 
520.95 312.874 557.053 255.024 598.398 156.152 
517.976 313.142 550.751 253.766 586.426 152.804 
517.648 313.502 548.24 253.488 581.996 151.675 
516.212 313.883 544.116 252.945 575.27 150.479 
513.494 314.301 538.066 252.471 564.606 148.648 
512.417 314.496 535.848 252.571 560.446 148.163 
510.835 314.679 532.411 252.693 554.356 147.347 
510.125 315.987 526.809 252.996 544.667 146.818 
507.598 315.72 524.67 253.09 541.097 146.728 
507.994 316.673 521.744 253.396 535.698 146.687 
506.206 317.484 517.39 254.234 528.223 147.355 
505.586 317.86 515.48 254.598 525.346 147.596 
504.765 318.457 513.549 255.193 521.75 148.005 
503.696 319.319 511.153 256.281 517.671 149.087 
503.419 319.613 510.525 256.621 516.497 149.37 
503.047 320.016 509.865 257.284 515.483 150.008 
502.788 320.391 509.469 257.888 514.736 150.893 
502.84 320.492 509.639 258.093 514.881 151.124 
503.024 320.587 510.221 258.39 516.098 151.789 
503.631 320.548 512.097 258.779 519.126 152.483 
503.94 320.443 513.066 258.914 521.268 152.68 
504.563 320.332 514.961 259.034 525.141 153.086 
505.847 320.004 518.992 259.18 532.448 153.824 
506.445 319.873 520.859 259.236 536.197 154.084 
505.861 319.179 524.468 259.45 542.174 154.682 
507.601 318.66 530.187 259.56 552.841 155.958 
508.277 318.438 532.688 259.765 557.799 156.722 
509.469 317.967 536.365 259.987 565.077 157.992 
510.863 317.169 543.444 260.78 577.566 160.548 
511.822 316.851 546.14 261.192 582.889 161.55 
513.425 316.455 550.551 261.864 590.615 163.856 
515.987 316.114 557.807 263.683 604.831 168.634 
516.955 315.96 560.806 264.499 610.363 170.768 
518.545 315.825 564.843 265.881 618.589 174.334 
520.887 315.831 571.831 268.912 632.347 181.639 
521.964 315.931 574.579 270.264 637.526 184.944 
523.325 316.117 578.767 272.515 645.465 190.191 
525.227 316.314 585.584 276.797 658.575 199.858 
526.198 316.484 588.549 278.479 663.127 204.095 
527.828 316.747 592.146 281.38 670.796 210.655 
530.514 317.22 598.82 286.484 682.875 222.346 
531.527 317.458 601.438 288.578 687.538 227.397 
532.953 317.854 605.004 291.993 694.334 235.413 
535.555 318.586 610.992 298.364 705.067 249.745 
536.593 318.942 613.333 301.104 709.185 256.064 
538.353 319.361 616.654 305.442 715.106 265.781 
541.396 320.51 622.66 313.424 724.197 283.736 
542.733 321.007 624.952 316.586 727.458 291.442 
544.985 321.763 628.005 322.066 731.954 303.415 
548.912 323.406 632.11 331.516 737.951 324.736 
549.707 323.746 632.988 333.498 738.886 328.919 
553.015 325.295 635.922 341.549 741.727 346.493 
557.18 327.578 639.232 351.229 743.225 367.588 
557.931 328.025 639.709 353.255 743.247 371.801 
560.725 330.039 641.312 360.905 742.348 387.815 
563.833 332.695 641.89 370.817 739.37 406.986 
564.371 333.239 641.939 372.751 738.534 410.719 
566.322 335.381 641.609 380.109 734.777 424.871 
568.234 337.726 640.565 388.678 728.162 441.335 
568.546 338.076 640.095 390.308 726.51 444.619 
569.574 339.459 638.086 396.477 719.387 456.96 
570.869 340.969 634.867 403.764 709.029 471.408 
571.085 341.298 634.131 405.23 706.753 474.342 
571.858 342.599 630.989 410.757 697.084 485.054 
572.379 344.203 626.242 417.329 683.594 497.327 
572.503 344.457 625.235 418.468 680.748 499.547 
572.707 345.471 620.781 423.214 668.51 508.116 
572.99 346.402 614.757 428.548 652.533 517.256 
573.051 346.555 613.435 429.555 649.33 518.854 
573.305 346.9 608.378 432.833 636.547 524.092 
574.08 346.828 602.43 435.746 620.949 528.748 
574.302 346.772 601.298 436.159 618.033 529.533 
575.325 346.559 597.432 437.57 607.332 531.562 
576.484 346.447 593.744 438.711 597.139 532.889 
576.677 346.467 593.091 438.905 595.578 532.964 
577.094 346.637 591.4 439.368 591.239 533.383 
576.996 346.834 590.552 439.672 589.445 533.368 
576.902 346.865 590.544 439.672 589.517 533.351 
576.444 347.051 590.875 439.551 590.928 533.156 
575.891 347.025 591.992 439.159 594.466 532.54 
575.782 347.032 592.267 439.069 595.362 532.462 
575.485 347.089 593.856 438.687 599.319 531.954 
575.208 347.153 596.404 437.918 605.284 531.082 
575.135 347.187 597.075 437.73 606.691 530.949 
574.87 347.422 599.899 436.98 613.102 529.981 
574.245 347.641 604.316 435.354 623.661 527.951 
574.082 347.672 605.415 434.793 626.123 527.324 
573.275 347.806 609.709 432.497 636.971 524.045 
571.934 347.745 615.536 428.443 652.624 517.65 
571.649 347.72 616.801 427.384 655.887 516.068 
570.55 347.026 621.677 422.791 668.946 508.165 
569.205 345.635 627.425 415.782 685.007 495.795 
568.916 345.198 628.477 414.217 688.069 493.057 
567.807 343.76 632.549 407.686 699.931 480.899 
566.407 341.627 636.83 398.543 713.113 463.871 
566.136 341.159 637.596 396.683 715.507 460.228 
564.923 339.483 640.015 388.933 724.192 445.081 
563.142 337.29 641.968 379.172 732.569 425.531 
562.759 336.81 642.262 377.24 733.87 421.552 
561.195 335.029 642.795 369.518 738.539 405.751 
559.208 332.727 643.048 359.807 742.374 386.168 
558.834 332.322 642.964 357.924 742.905 382.362 
557.304 330.553 642.309 350.571 744.35 366.821 
555.246 328.822 641.049 341.376 744.509 347.709 
554.811 328.466 640.514 339.748 744.313 343.831 
552.938 327.392 638.927 332.326 742.821 328.624 
550.845 326.508 635.697 323.574 739.141 309.832 
550.428 326.329 634.936 321.835 738.174 305.959 
548.796 325.359 631.83 314.941 733.505 291.171 
546.534 324.446 627.396 306.413 725.877 272.868 
546.116 324.26 626.326 304.761 724.058 269.154 
544.89 323.872 621.529 298.085 715.998 254.461 
542.844 322.93 613.757 290.026 703.917 236.197 
542.346 322.812 612.533 288.405 701.278 232.724 
540.533 321.982 606.146 282.411 689.81 219.145 
537.77 320.624 598.31 275.467 674.942 203.659 
537.116 320.358 596.511 274.325 671.562 200.851 
535.16 319.609 589.795 269.687 658.633 190.251 
532.382 318.483 581.808 264.721 642.738 179.123 
531.927 318.297 580.242 263.8 639.362 177.244 
529.834 317.524 573.754 260.634 627.224 170.125 
527.442 316.813 566.426 257.433 612.809 163.152 
526.95 316.738 564.838 256.935 610.076 162.08 
525.155 316.516 559.702 255.402 599.749 158.104 
522.749 316.351 553.28 254.095 588.187 154.516 
522.333 316.332 552.058 253.957 586.053 153.969 
520.364 316.361 547.876 253.307 578.416 152.381 
518.856 316.411 544.452 253.07 573.009 151.488 
517.415 317.019 539.526 252.998 564.827 150.409 
516.781 317.366 537.851 252.741 561.673 150.114 
515.787 317.653 535.17 252.788 557.085 149.648 
514.338 317.871 531.082 252.653 550.25 148.902 
513.926 317.987 529.977 252.882 547.788 148.74 
513.322 318.184 528.367 252.936 544.579 148.511 
512.438 318.673 526.486 253.261 541.026 148.724 
512.179 318.815 525.908 253.39 540.062 148.957 
511.859 319.05 525.38 253.753 539.76 149.207 
511.477 319.392 524.922 254.287 539.765 149.581 
511.487 319.589 525.001 254.493 540.264 149.869 
511.494 319.73 525.348 254.753 540.848 150.388 
511.845 319.867 526.225 255.102 541.964 150.897 
512.045 319.896 526.866 255.259 543.009 151.194 
512.395 319.934 527.922 255.479 544.713 151.735 
513.014 319.988 530.606 255.963 550.194 152.868 
513.355 319.989 532.002 256.178 552.786 153.352 
513.882 320.064 534.397 256.765 557.473 154.427 
514.873 320.252 539.512 257.666 568.038 156.753 
515.351 320.069 541.899 258.238 572.765 157.828 
515.318 319.824 545.712 259.18 580.093 159.702 
517.117 319.972 552.378 260.913 592.923 163.783 
517.982 320.071 555.071 261.672 597.859 165.529 
519.346 320.025 559.176 262.882 605.572 168.355 
521.766 320.042 565.596 265.239 618.411 173.964 
522.635 320.006 568.177 266.369 623.544 176.386 
524.133 320.035 572.289 267.931 631.171 180.535 
526.466 320.238 578.872 271.355 643.559 188.114 
527.338 320.379 581.361 272.873 648.53 191.448 
528.584 320.472 585.336 275.052 655.971 196.733 
530.826 320.612 591.895 279.119 667.734 206.371 
531.878 320.679 594.426 280.901 672.503 210.604 
533.379 320.859 598.321 283.74 679.598 216.931 
535.513 320.891 604.615 288.891 691.067 228.636 
536.577 321.07 607.2 291.012 695.59 233.382 
538.471 321.258 611.219 294.372 702.113 240.684 
542.041 322.136 617.252 300.259 711.978 253.193 
543.292 322.401 619.61 302.634 715.51 258.108 
545.074 322.67 622.882 306.049 720.478 265.601 
547.917 323.208 627.452 311.81 727.648 277.802 
548.893 323.442 629.224 314.21 730.181 282.857 
550.386 323.808 631.514 317.717 733.659 290.59 
552.491 324.156 634.761 324.035 738.531 304.19 
553.361 324.364 635.853 326.831 740.2 310.276 
554.847 324.996 637.569 331.167 742.491 319.651 
557.129 326.017 640.064 339.223 745.213 336.965 
558.165 326.523 640.81 342.645 745.967 344.377 
559.625 327.367 641.613 348.271 746.522 356.019 
562.106 329.428 642.637 358.32 745.67 376.596 
562.99 330.485 642.681 362.557 744.675 385.076 
564.48 331.966 642.456 369.079 742.474 397.988 
566.59 334.613 641.249 379.746 736.934 419.146 
567.366 335.613 640.48 383.902 734.082 427.29 
568.315 337.019 639.33 389.665 729.357 438.724 
569.986 339.221 636.723 398.154 720.954 455.31 
570.426 339.912 635.859 400.947 717.505 460.998 
570.979 340.888 634.173 404.945 712.126 468.737 
571.55 342.476 630.989 411.04 702.998 479.955 
571.641 343.09 629.656 413.207 699.334 483.944 
571.809 344.176 627.516 416.494 693.704 489.619 
571.937 345.773 623.801 421.248 684.049 497.977 
571.935 346.329 622.264 422.975 680.147 501.096 
572.046 347.182 619.596 425.872 674.366 505.231 
571.888 348.522 615.328 429.718 665.23 510.907 
571.754 348.922 613.71 431.038 661.764 512.947 
571.546 349.531 611.511 432.71 656.643 515.579 
571.194 350.188 608.044 435.015 648.363 519.422 
571.18 350.33 606.815 435.742 645.164 520.874 
571.262 350.504 604.999 436.867 640.304 522.806 
571.539 350.8 601.9 438.609 632.254 525.681 
571.656 350.878 600.725 439.167 628.987 526.616 
571.879 350.909 598.77 440.126 624.111 527.987 
572.258 350.946 595.661 441.502 616.252 529.808 
572.393 350.943 594.538 441.79 613.343 530.482 
572.641 350.874 593.076 442.234 609.353 531.195 
573.017 350.759 590.914 442.834 603.864 531.853 
573.115 350.702 590.269 442.995 602.325 532.121 
573.244 350.622 589.646 443.102 600.723 532.298 
573.302 350.696 589.57 443.022 600.12 532.351 
573.34 350.678 589.813 442.943 600.66 532.426 
573.356 350.646 590.516 442.765 602.195 532.318 
573.26 350.572 592.258 442.121 606.331 531.836 
573.043 350.643 593.051 441.866 608.392 531.586 
573.016 350.379 594.317 441.499 611.912 531.036 
572.56 350.507 596.564 440.667 618.184 529.929 
572.382 350.605 597.385 440.376 620.681 529.351 
572.167 350.808 598.695 440.023 624.417 528.345 
571.823 351.045 601.325 439.063 631.001 526.207 
571.695 351.067 602.512 438.539 633.98 525.18 
571.43 351.041 604.652 437.406 639.056 523.118 
570.527 350.863 608.579 434.767 649.213 518.274 
570.059 350.767 610.287 433.352 653.863 515.818 
569.397 350.48 612.802 431.118 661.345 511.161 
568.342 349.692 617.22 426.228 674.802 500.99 
567.809 349.188 619.062 423.881 680.305 496.107 
567.183 348.23 621.823 419.939 688.485 487.754 
565.907 346.169 626.479 411.995 701.864 471.556 
565.398 345.247 628.222 408.459 707.035 464.296 
564.649 343.814 630.595 402.82 714.315 452.74 
563.31 341.3 634.196 392.57 724.764 431.904 
562.75 340.149 635.316 388.248 728.192 423.255 
561.765 338.503 636.88 381.316 732.775 409.968 
559.96 335.609 638.627 369.23 738.121 387.355 
559.098 334.466 638.756 364.462 739.484 378.527 
557.691 333.014 638.495 357.39 740.583 365.29 
555.512 330.762 637.021 346.377 740.573 343.906 
554.565 329.914 636.13 342.003 739.903 335.689 
553.343 328.696 634.484 335.593 738.212 323.588 
551.403 326.688 631.868 325.322 733.935 304.435 
550.543 325.962 630.073 321.661 731.64 297.106 
549.461 325.144 627.934 316.285 727.832 286.645 
547.495 323.831 623.21 308.282 720.535 270.562 
546.854 323.327 620.696 305.303 717.301 264.692 
545.72 322.739 617.745 301.287 712.245 255.965 
543.724 321.864 612.571 294.907 703.092 242.463 
542.717 321.542 610.294 292.491 699.305 237.386 
541.6 320.956 606.948 289.012 693.313 230.041 
539.267 320.117 600.754 283.637 682.683 218.362 
538.222 319.79 598.273 281.522 678.209 213.93 
537.295 319.633 594.522 278.645 671.275 207.616 
534.982 319.088 588.195 274.317 659.769 197.87 
534.312 318.952 585.616 272.769 654.989 194.213 
532.622 318.437 581.675 270.607 647.733 189.151 
530.673 318.248 575.571 267.322 635.604 181.342 
529.969 318.187 573.1 265.961 630.765 178.481 
528.795 318.012 569.331 264.311 623.328 174.427 
526.895 317.621 563.136 261.633 611.219 168.449 
526.08 317.38 560.911 260.725 606.426 166.356 
525.086 316.984 557.413 259.363 599.539 163.658 
523.372 316.409 552.314 257.319 588.978 159.798 
522.855 316.192 551.032 256.946 585.28 158.562 
521.976 315.915 548.088 256.148 580.301 157.21 
521.076 315.595 544.399 255.433 573.38 155.353 
521.42 315.707 543.243 255.201 571.271 154.794 
521.179 315.771 541.617 254.96 568.169 154.097 
520.661 316.092 539.593 254.805 564.368 153.354 
520.547 316.171 539.062 254.746 563.443 153.272 
520.333 316.368 538.565 254.752 562.071 153.061 
520.14 316.619 538.024 254.824 561.107 153.111 
520.083 316.691 537.979 254.932 561.083 153.163 
520.03 316.741 538.082 254.883 561.439 153.31 
519.991 316.716 538.387 254.98 562.067 153.736 
520.028 316.695 538.48 255.003 562.069 153.725 
520.244 316.631 538.786 254.905 562.815 154.149 
520.256 316.808 539.348 255.202 563.702 154.623 
520.253 316.851 539.584 255.532 563.975 154.766 
520.052 317.024 539.929 255.744 564.972 155.039 
520.143 317.019 540.556 255.88 566.652 155.427 
520.451 316.902 540.71 255.93 567.046 155.609 
520.576 316.907 541.521 256.104 568.584 156.231 
520.746 317.031 543.161 256.464 572.223 157.127 
520.798 317.134 543.513 256.683 573.122 157.401 
520.951 317.282 545.73 257.281 577.307 158.62 
520.825 317.473 549.075 258.354 584.233 160.725 
520.951 317.497 549.937 258.649 585.485 161.119 
521.536 317.566 553.279 259.473 592.331 163.198 
522.731 317.63 557.613 260.625 601.139 166.052 
522.919 317.614 558.545 260.85 602.822 166.647 
524.008 317.834 562.025 262.147 610.25 169.767 
525.096 318.052 566.793 264.084 619.49 174.173 
525.348 318.136 567.559 264.659 621.437 175.116 
526.536 318.314 571.574 266.479 629.053 179.246 
527.929 318.451 576.549 269.371 639.204 185.485 
528.205 318.498 577.7 269.936 641.257 186.933 
529.55 318.516 582.11 272.334 649.877 192.759 
531.138 318.64 587.984 276.131 661.309 201.777 
531.421 318.629 589.177 276.964 663.065 203.786 
532.554 318.538 593.535 280.73 672.192 212.088 
534.694 318.92 599.429 286.264 683.944 224.316 
535.086 318.993 600.867 287.396 686.201 226.985 
537.067 319.46 605.749 292.318 695.318 238.089 
540.036 320.628 611.817 298.871 706.039 253.232 
540.651 320.712 613.048 300.297 708.092 256.329 
543.185 321.275 617.696 305.686 715.836 268.956 
546.368 321.823 623.211 312.312 724.227 284.134 
547.016 321.994 624.386 313.711 725.703 287.175 
549.277 322.216 627.91 319.349 731.03 299.583 
551.902 323.18 631.851 326.74 736.121 314.997 
552.353 323.394 632.587 328.221 736.957 318.116 
554.266 324.455 634.935 334.375 739.649 331.148 
556.634 325.682 637.409 342.29 741.866 347.499 
557.079 325.992 637.766 343.924 742.122 350.81 
558.873 327.118 639.312 350.315 742.583 364.312 
561.164 328.617 640.515 358.779 741.653 381.727 
561.648 329.084 640.638 360.553 741.292 385.285 
563.444 330.932 641.011 367.596 739.297 399.064 
565.803 333.232 641.056 375.961 735.709 415.44 
566.218 333.681 640.991 377.549 734.838 418.567 
567.739 335.3 640.601 383.516 730.926 430.543 
569.354 337.053 639.598 390.624 725.018 444.659 
569.716 337.438 639.345 392.089 723.822 447.35 
571.163 338.935 638.216 397.707 718.433 458.218 
573.036 340.932 636.488 404.794 710.49 471.506 
573.347 341.305 635.973 406.079 708.703 474.138 
574.783 342.696 633.83 411.448 701.006 484.371 
576.484 344.106 630.4 417.603 690.068 496.034 
576.763 344.31 629.638 418.737 687.775 498.179 
577.816 345.243 626.494 422.921 678.379 506.127 
578.893 346.372 622.259 427.727 666.546 514.42 
578.986 346.626 621.369 428.501 664.155 515.867 
579.457 347.393 617.761 431.715 654.67 521.074 
579.894 348.411 613.09 435.297 643.388 526.142 
579.902 348.581 612.21 435.805 641.179 526.984 
579.7 349.531 608.625 437.975 632.759 529.934 
580.048 350.021 604.607 440.167 622.492 532.852 
580.087 350.157 603.863 440.524 620.633 533.254 
580.313 350.588 601.2 441.937 613.719 534.883 
580.5 350.904 598.499 443.272 606.311 535.952 
580.531 350.877 598.098 443.421 605.117 536.048 
580.566 350.998 596.741 443.911 601.494 536.189 
580.795 351.097 596.156 444.133 599.381 535.961 
580.829 351.128 596.201 444.159 599.349 535.907 
580.778 351.303 596.743 444.189 600.703 535.453 
580.646 351.544 598.561 443.839 605.562 534.882 
580.63 351.573 599.146 443.656 606.959 534.638 
580.449 351.64 601.632 442.897 614.203 533.557 
579.819 351.489 606.467 440.911 627.12 530.641 
579.685 351.435 607.615 440.403 630.124 529.707 
579.241 350.763 612.824 437.375 643.566 525.149 
578.394 349.849 620.143 432.159 662.329 516.459 
578.23 349.581 621.697 430.821 666.152 514.186 
577.425 348.197 627.795 424.936 681.308 503.946 
576.291 346.08 634.717 416.232 699.351 487.887 
575.982 345.632 635.971 414.355 702.736 484.292 
574.857 343.524 640.625 406.01 715.184 468.971 
573.11 340.654 644.843 395.105 728.036 448.396 
572.724 340.106 645.448 392.846 730.227 444.102 
571.059 337.767 647.503 383.699 737.568 426.977 
568.44 334.829 648.335 372.173 743.758 405.026 
567.917 334.221 648.299 369.811 744.714 400.584 
565.662 331.857 647.688 360.133 747.058 382.689 
562.419 328.9 645.443 348.385 747.562 359.716 
561.688 328.345 644.607 346.138 747.318 355.147 
559.101 326.253 641.854 336.807 745.357 336.731 
555.63 323.939 636.972 325.46 740.464 314.018 
554.92 323.523 636.057 323.335 739.219 309.429 
552.253 322.4 631.893 314.668 733.189 291.819 
549.236 320.887 624.904 304.778 723.835 270.5 
548.699 320.63 623.529 302.873 721.732 266.372 
546.496 319.548 618.071 295.61 712.424 250.696 
543.562 318.433 610.691 287.636 699.451 232.544 
543.02 318.268 609.085 286.139 696.724 229.23 
541.025 317.753 602.869 281.019 685.542 216.744 
538.21 317.184 595.227 275.429 671.632 203.07 
537.496 317.04 593.691 274.467 668.735 200.587 
534.801 316.703 587.319 270.475 656.917 191.6 
532.256 316.644 580.734 267.108 645.316 183.739 
531.02 316.549 577.673 265.565 639.497 180.104 
528.624 316.438 571.671 262.569 628.272 173.583 
525.87 316.149 564.411 259.518 614.574 166.788 
525.39 316.126 562.8 259.075 612.009 165.438 
523.212 316.057 556.971 257.115 601.053 161.048 
521.522 315.973 552.673 256.031 593.032 158.247 
519.0 316.133 545.668 254.578 579.814 154.402 
518.055 316.161 542.83 254.089 574.557 153.098 
516.654 316.383 539.32 253.947 567.523 151.746 
514.538 316.869 533.646 253.756 556.42 150.185 
513.882 317.131 531.601 253.827 552.582 149.775 
512.646 317.35 528.677 253.756 547.694 149.313 
510.985 317.791 524.389 254.418 541.144 149.155 
510.402 318.185 523.326 254.737 539.232 149.372 
509.748 318.653 521.762 255.164 536.745 149.64 
508.62 319.212 520.002 255.916 534.16 150.218 
508.293 319.393 519.628 256.134 533.764 150.467 
507.835 319.675 519.097 256.603 533.293 150.941 
507.445 320.015 518.823 256.914 533.208 151.632 
507.381 320.193 518.957 257.143 533.494 151.863 
507.32 320.296 519.134 257.357 533.748 152.285 
507.366 320.408 519.635 257.632 534.92 152.774 
507.501 320.461 519.883 257.663 535.495 152.973 
507.675 320.44 520.397 257.617 536.56 153.068 
508.318 320.165 521.546 257.515 538.32 153.33 
508.532 320.09 522.014 257.419 539.273 153.356 
508.886 319.841 522.865 257.393 541.055 153.29 
509.682 319.534 524.957 257.377 544.542 153.654 
510.158 319.502 525.87 257.545 546.27 153.799 
510.744 319.349 527.491 257.514 549.36 154.009 
511.607 319.198 530.503 257.711 555.324 154.858 
512.165 319.147 531.966 257.794 558.24 155.215 
512.544 319.067 534.703 258.032 562.958 156.089 
513.389 318.756 539.046 258.712 572.392 158.337 
513.93 318.776 541.257 259.087 576.653 159.529 
514.594 318.759 544.602 259.662 583.455 161.517 
516.153 318.657 550.547 261.074 595.299 165.67 
516.763 318.57 552.99 261.797 600.347 167.439 
517.921 318.59 556.632 263.003 607.955 170.562 
519.803 318.715 562.996 265.587 620.243 176.727 
520.533 318.65 565.681 266.937 625.433 179.464 
521.927 318.865 569.544 268.98 632.993 183.917 
523.947 318.962 576.167 272.668 645.525 192.299 
524.94 319.1 578.639 274.316 650.295 195.992 
526.302 319.125 582.677 276.891 657.617 201.536 
528.133 319.003 589.191 281.468 669.1 212.112 
529.317 319.07 591.643 283.385 673.641 216.5 
530.945 319.204 595.38 286.565 680.401 223.419 
533.777 319.571 601.279 292.098 691.147 235.716 
534.887 319.69 603.558 294.505 695.259 240.929 
537.012 320.281 607.144 298.131 701.279 249.087 
540.083 320.805 612.742 304.535 710.751 263.403 
541.378 321.04 615.002 307.313 714.303 269.47 
543.141 321.449 618.079 311.84 719.26 278.902 
546.034 322.117 622.856 319.44 726.465 294.836 
547.406 322.212 624.712 322.354 729.034 301.367 
549.137 322.766 627.091 326.825 732.369 311.094 
552.392 324.117 630.68 334.341 736.866 327.497 
553.563 324.49 631.875 337.331 738.227 333.885 
555.395 325.031 633.786 341.876 739.82 343.28 
558.142 326.266 636.129 349.139 741.453 358.975 
559.345 326.868 636.786 352.164 741.731 365.061 
560.847 327.706 637.598 356.701 741.785 374.115 
563.12 329.436 638.666 363.972 740.555 389.503 
564.009 330.072 638.569 367.349 739.716 395.613 
565.24 331.11 638.68 371.844 738.019 405.056 
567.142 332.882 638.332 379.296 734.13 419.878 
567.739 333.691 638.021 382.105 732.263 425.633 
568.723 334.758 637.349 386.278 729.222 433.71 
570.038 336.646 636.164 392.755 723.378 446.991 
570.544 337.379 635.546 395.202 720.885 452.085 
571.268 338.52 634.497 399.169 716.961 459.412 
572.416 340.463 632.384 405.398 709.71 471.005 
572.771 341.219 631.407 407.846 706.578 475.415 
573.37 342.289 629.927 411.216 701.64 481.798 
574.174 343.999 627.056 416.809 693.231 491.532 
574.396 344.633 625.784 418.818 689.701 495.177 
574.731 345.688 623.784 421.888 684.294 500.394 
575.186 347.436 620.12 426.849 675.013 508.275 
575.233 348.063 618.59 428.549 671.141 511.184 
575.136 348.895 616.525 430.792 665.268 515.046 
575.229 349.944 613.003 434.103 655.457 520.444 
575.222 350.274 611.534 435.422 651.666 522.208 
575.365 350.685 609.328 437.235 646.314 524.531 
575.542 351.308 606.323 439.464 638.352 527.839 
575.424 351.793 605.431 440.247 635.768 528.796 
575.471 352.236 604.405 440.996 632.522 529.987 
575.725 352.482 603.177 442.039 628.378 531.224 
575.813 352.541 602.723 442.324 627.085 531.613 
576.039 352.572 602.369 442.52 625.722 531.787 
576.273 352.57 602.064 442.71 624.063 531.967 
