623.254 367.254 679.015 415.896 749.322 478.319 
623.067 366.691 679.97 413.64 752.346 473.884 
622.739 365.746 681.43 410.093 756.758 466.736 
622.268 364.08 683.637 403.886 763.628 454.153 
622.127 363.373 684.38 401.225 766.214 448.726 
621.908 362.262 685.625 397.064 769.964 440.209 
621.487 360.238 687.383 389.451 775.312 424.655 
621.268 359.369 687.87 386.249 777.245 417.976 
620.97 358.05 688.668 381.04 779.614 407.688 
620.342 355.849 689.146 372.781 782.492 389.714 
620.051 354.953 689.239 369.358 783.088 382.611 
619.561 353.703 689.046 364.233 783.466 371.71 
618.623 351.742 688.159 355.97 782.871 353.761 
618.276 351.04 687.71 352.636 782.113 346.635 
617.645 349.959 686.675 347.863 780.477 336.273 
616.326 348.279 684.478 340.155 776.391 319.496 
615.838 347.734 683.36 337.102 774.33 312.988 
614.031 346.905 681.392 332.659 770.747 303.423 
612.263 345.627 677.963 325.775 763.351 288.056 
611.529 345.207 676.543 323.004 760.062 282.02 
610.312 344.45 673.018 318.812 754.614 273.316 
608.476 343.746 668.165 312.674 744.505 259.913 
607.59 343.506 665.996 310.49 740.216 255.017 
606.184 343.164 662.691 307.525 734.107 247.909 
603.827 342.61 656.91 302.993 722.815 237.82 
602.851 342.54 654.406 301.438 718.243 234.258 
601.302 342.455 650.75 299.239 711.105 229.307 
599.184 342.762 644.542 296.1 699.378 222.015 
598.153 342.822 642.148 295.008 694.679 219.458 
596.666 343.136 638.353 293.583 687.789 215.977 
594.558 344.069 632.356 291.608 676.628 211.429 
593.62 344.239 629.939 291.095 672.318 209.777 
592.1 344.548 626.446 289.967 666.287 207.384 
589.532 344.873 621.167 288.674 656.482 203.994 
589.226 345.127 619.052 288.332 652.855 202.931 
587.969 345.422 615.588 287.751 647.329 202.078 
585.61 345.773 610.49 287.185 638.585 200.191 
584.673 345.957 608.605 287.13 635.168 199.554 
583.305 346.111 605.687 287.051 630.174 198.279 
582.604 347.043 600.927 286.999 622.197 197.319 
580.458 346.951 599.112 286.959 619.255 197.015 
580.73 347.615 596.618 287.071 614.801 196.633 
579.14 348.274 592.881 287.504 608.597 196.872 
578.582 348.573 591.243 287.736 606.209 196.497 
577.835 349.02 589.57 288.049 603.219 196.467 
576.856 349.617 587.471 288.597 599.788 196.646 
576.597 349.814 586.916 288.747 598.801 196.572 
576.249 350.076 586.312 289.114 597.925 197.022 
575.999 350.282 585.934 289.309 597.248 196.982 
576.036 350.322 586.063 289.384 597.349 196.582 
576.186 350.338 586.534 289.485 598.311 197.082 
576.708 350.179 588.092 289.576 600.76 196.826 
576.98 350.036 588.902 289.585 602.514 196.784 
577.522 349.867 590.497 289.591 605.687 197.332 
578.646 349.464 593.899 289.649 611.679 197.466 
579.168 349.304 595.476 289.683 614.765 197.703 
578.715 348.762 598.52 289.82 619.678 198.619 
580.243 348.125 603.361 289.94 628.447 199.515 
580.838 347.909 605.47 290.166 632.519 200.605 
581.894 347.521 608.577 290.481 638.496 201.788 
583.142 346.546 614.543 291.182 648.758 204.141 
583.987 346.186 616.81 291.6 653.145 205.074 
585.388 345.714 620.523 292.214 659.485 206.795 
587.609 345.278 626.599 293.783 671.158 211.304 
588.449 345.071 629.109 294.484 675.704 213.155 
589.823 344.861 632.477 295.847 682.464 216.209 
591.833 344.802 638.284 298.502 693.764 222.436 
592.751 344.823 640.564 299.704 698.014 225.294 
593.907 344.897 644.032 301.638 704.546 229.733 
595.528 344.807 649.662 305.346 715.359 237.875 
596.351 344.867 652.126 306.778 719.101 241.569 
597.734 344.961 655.077 309.323 725.455 247.099 
600.014 345.189 660.583 313.777 735.485 257.141 
600.87 345.339 662.745 315.647 739.367 261.492 
602.071 345.584 665.669 318.696 745.032 268.48 
604.265 346.0 670.566 324.375 754.003 281.141 
605.137 346.27 672.476 326.789 757.452 286.751 
606.627 346.535 675.173 330.664 762.424 295.435 
609.18 347.437 680.061 338.045 770.069 311.618 
610.302 347.815 681.93 340.922 772.814 318.585 
612.2 348.338 684.375 345.834 776.603 329.441 
615.492 349.594 687.595 354.214 781.633 348.926 
616.159 349.853 688.287 355.992 782.414 352.739 
618.929 351.084 690.554 363.278 784.74 368.959 
622.401 352.988 693.102 372.168 785.846 388.52 
623.026 353.349 693.446 374.032 785.819 392.433 
625.333 355.051 694.577 381.033 784.822 407.448 
627.88 357.308 694.716 390.178 781.883 425.563 
628.316 357.764 694.688 391.909 781.074 429.075 
629.892 359.586 694.116 398.701 777.453 442.529 
631.424 361.595 692.86 406.535 771.138 458.188 
631.677 361.89 692.377 408.103 769.564 461.373 
632.496 363.084 690.342 413.75 762.783 473.171 
633.541 364.433 687.17 420.468 752.922 486.931 
633.711 364.72 686.452 421.773 750.751 489.744 
634.314 365.853 683.408 426.782 741.536 499.901 
634.68 367.179 678.87 432.718 728.678 511.416 
634.774 367.373 677.915 433.746 725.967 513.501 
634.898 368.168 673.705 437.899 714.31 521.518 
635.094 368.862 668.044 442.423 699.107 529.922 
635.139 368.964 666.807 443.215 696.062 531.375 
635.342 369.15 662.1 445.921 683.941 536.063 
636.023 369.002 656.6 448.339 669.209 540.007 
636.221 368.956 655.56 448.631 666.459 540.65 
637.126 368.791 652.006 449.826 656.403 542.211 
638.144 368.704 648.626 450.744 646.861 543.141 
638.313 368.734 648.027 450.868 645.407 543.145 
638.668 368.872 646.481 451.274 641.356 543.514 
638.571 368.998 645.7 451.569 639.691 543.477 
638.488 369.02 645.693 451.585 639.759 543.485 
638.078 369.142 645.997 451.615 641.078 543.497 
637.596 369.089 647.022 451.432 644.395 543.203 
637.5 369.092 647.274 451.402 645.231 543.183 
637.237 369.14 648.725 451.269 648.932 542.973 
636.992 369.215 651.059 450.779 654.519 542.46 
636.926 369.245 651.673 450.657 655.832 542.391 
636.682 369.448 654.255 450.092 661.842 541.683 
636.123 369.63 658.314 448.898 671.765 539.89 
635.979 369.659 659.331 448.433 674.087 539.305 
635.267 369.824 663.309 446.543 684.336 536.191 
634.099 369.754 668.745 442.942 699.182 530.033 
633.851 369.725 669.933 442.014 702.283 528.492 
632.929 369.158 674.527 437.778 714.726 520.846 
631.832 367.947 679.999 431.255 730.056 508.795 
631.604 367.579 681.01 429.799 732.979 506.157 
630.717 366.356 684.938 423.656 744.306 494.45 
629.616 364.603 689.14 415.266 756.885 478.227 
629.406 364.219 689.899 413.532 759.169 474.745 
628.445 362.835 692.363 406.463 767.447 460.442 
627.018 361.043 694.475 397.607 775.434 442.259 
626.712 360.674 694.81 395.866 776.678 438.638 
625.455 359.229 695.571 388.904 781.145 424.033 
623.861 357.467 696.157 380.225 784.856 406.149 
623.561 357.16 696.151 378.567 785.38 402.665 
622.336 355.87 695.842 372.096 786.853 388.538 
620.653 354.694 695.072 363.912 787.198 371.231 
620.297 354.457 694.661 362.532 787.064 367.737 
618.739 353.78 693.543 355.986 785.897 354.034 
616.98 353.276 691.042 348.284 782.843 337.254 
616.63 353.172 690.442 346.808 782.034 333.763 
615.278 352.555 687.993 340.762 778.101 320.66 
613.378 352.06 684.462 333.594 771.666 304.501 
613.028 351.951 683.597 332.136 770.131 301.286 
611.993 351.888 679.702 326.358 763.347 288.502 
610.286 351.403 673.312 319.118 753.226 272.657 
609.863 351.348 672.324 317.696 751.019 269.699 
608.351 350.844 667.076 312.615 741.456 258.097 
606.054 349.906 660.648 306.769 729.132 245.002 
605.508 349.752 659.156 305.835 726.326 242.708 
603.871 349.336 653.615 302.006 715.65 233.858 
601.552 348.71 647.025 297.896 702.571 224.633 
601.173 348.611 645.733 297.162 699.788 223.156 
599.424 348.232 640.358 294.63 689.839 217.265 
597.415 347.944 634.284 291.99 678.032 211.605 
596.998 347.937 632.959 291.59 675.791 210.762 
595.47 347.923 628.677 290.193 667.338 207.524 
593.416 347.916 623.295 289.032 657.873 204.05 
593.06 347.913 622.265 288.882 656.123 203.605 
591.368 347.998 618.755 288.215 649.851 202.45 
590.07 348.064 615.865 287.985 645.409 201.167 
588.793 348.61 611.695 287.704 638.68 199.89 
588.225 348.796 610.292 287.465 636.082 199.499 
587.352 349.026 608.018 287.383 632.307 198.95 
586.094 349.218 604.566 287.148 626.693 198.019 
585.732 349.302 603.616 287.245 624.666 197.774 
585.2 349.436 602.25 287.181 622.027 197.738 
584.407 349.769 600.638 287.333 619.078 197.285 
584.175 349.849 600.14 287.369 618.268 197.428 
583.883 349.98 599.67 287.54 618.005 197.743 
583.531 350.174 599.247 287.772 617.986 197.371 
583.526 350.304 599.301 287.87 618.383 197.847 
583.522 350.38 599.577 287.985 618.834 197.988 
583.812 350.413 600.297 288.133 619.726 197.678 
583.982 350.399 600.828 288.196 620.573 197.79 
584.28 350.381 601.708 288.321 621.951 198.092 
584.806 350.306 603.95 288.598 626.425 199.174 
585.098 350.231 605.119 288.783 628.545 199.197 
585.545 350.15 607.112 289.157 632.372 200.107 
586.38 350.03 611.395 289.857 641.018 202.471 
586.804 349.865 613.386 290.261 644.892 203.397 
586.79 349.411 616.568 290.942 650.9 204.683 
588.324 349.304 622.134 292.378 661.402 208.691 
589.06 349.299 624.382 293.029 665.448 210.175 
590.234 349.142 627.81 294.033 671.777 212.581 
592.313 349.059 633.154 296.151 682.312 217.331 
593.062 349.008 635.296 297.166 686.531 219.35 
594.349 348.986 638.726 298.494 692.794 222.874 
596.342 349.105 644.18 301.47 702.983 229.324 
597.083 349.188 646.234 302.799 707.079 232.082 
598.149 349.216 649.533 304.701 713.218 236.646 
600.07 349.233 654.967 308.209 722.938 244.831 
600.971 349.223 657.058 309.743 726.887 248.492 
602.252 349.284 660.277 312.173 732.788 253.879 
604.088 349.104 665.47 316.678 742.344 264.056 
604.994 349.133 667.608 318.501 746.134 268.134 
606.614 349.173 670.937 321.344 751.61 274.5 
609.638 349.744 675.913 326.467 759.919 285.438 
610.701 349.916 677.861 328.542 762.904 289.745 
612.223 350.06 680.565 331.492 767.109 296.315 
614.647 350.403 684.312 336.532 773.197 307.07 
615.475 350.57 685.764 338.598 775.349 311.52 
616.744 350.824 687.626 341.688 778.304 318.37 
618.544 351.077 690.221 347.309 782.433 330.47 
619.283 351.235 691.071 349.801 783.837 335.953 
620.532 351.716 692.412 353.613 785.767 344.288 
622.448 352.493 694.304 360.668 788.005 359.907 
623.316 352.878 694.833 363.706 788.606 366.533 
624.532 353.553 695.332 368.656 788.985 377.103 
626.566 355.218 695.868 377.417 788.001 396.01 
627.273 356.1 695.75 381.138 787.01 403.823 
628.483 357.278 695.309 386.893 784.867 415.748 
630.167 359.408 693.836 396.368 779.558 435.343 
630.786 360.18 692.993 400.035 776.838 442.918 
631.534 361.3 691.748 405.126 772.333 453.652 
632.868 363.099 689.085 412.912 764.32 469.315 
633.212 363.659 688.201 415.498 761.031 474.696 
633.641 364.417 686.529 419.202 755.903 482.113 
634.052 365.668 683.421 424.881 747.194 493.036 
634.098 366.143 682.134 426.928 743.696 496.978 
634.184 367.016 680.071 430.039 738.321 502.57 
634.209 368.257 676.523 434.639 729.107 510.91 
634.177 368.706 675.065 436.228 725.382 514.013 
634.227 369.404 672.535 438.86 719.869 518.213 
634.015 370.49 668.516 442.314 711.169 523.817 
633.877 370.799 666.998 443.479 707.867 525.872 
633.662 371.263 664.938 444.983 702.998 528.47 
633.318 371.735 661.703 447.086 695.135 532.217 
633.298 371.848 660.559 447.78 692.097 533.606 
633.36 371.991 658.867 448.832 687.489 535.477 
633.586 372.234 655.987 450.382 679.867 538.25 
633.684 372.295 654.899 450.887 676.782 539.144 
633.878 372.301 653.088 451.733 672.178 540.442 
634.206 372.295 650.215 452.868 664.778 542.107 
634.325 372.285 649.187 453.106 662.039 542.735 
634.545 372.208 647.846 453.458 658.293 543.326 
634.88 372.115 645.865 453.946 653.156 543.887 
634.97 372.064 645.275 454.074 651.712 544.123 
635.087 372.001 644.708 454.184 650.214 544.258 
635.134 372.157 644.643 454.159 649.651 544.212 
635.167 372.148 644.866 454.128 650.149 544.278 
635.183 372.132 645.508 454.054 651.582 544.159 
635.103 372.076 647.113 453.559 655.452 543.702 
634.909 372.138 647.84 453.359 657.381 543.45 
634.901 371.832 649.001 453.118 660.683 543.005 
634.495 371.978 651.07 452.465 666.573 542.044 
634.334 372.062 651.824 452.301 668.925 541.559 
634.135 372.242 653.023 452.034 672.449 540.789 
633.821 372.465 655.443 451.195 678.674 539.024 
633.707 372.486 656.54 450.771 681.492 538.169 
633.478 372.467 658.525 449.735 686.306 536.338 
632.697 372.316 662.193 447.447 695.959 531.909 
632.294 372.224 663.8 446.153 700.382 529.631 
631.731 371.95 666.171 444.04 707.517 525.216 
630.853 371.284 670.376 439.335 720.369 515.567 
630.416 370.842 672.14 437.071 725.628 510.966 
629.923 370.039 674.8 433.223 733.454 503.045 
628.924 368.34 679.327 425.694 746.244 487.73 
628.533 367.574 681.041 422.354 751.183 480.774 
627.961 366.382 683.403 417.128 758.132 469.809 
626.937 364.342 687.041 407.657 768.102 450.181 
626.514 363.426 688.214 403.714 771.378 442.059 
625.751 362.123 689.881 397.414 775.76 429.601 
624.349 359.895 691.903 386.53 780.925 408.452 
623.666 359.057 692.199 382.297 782.271 400.248 
622.529 357.996 692.236 376.048 783.423 388.041 
620.77 356.377 691.353 366.345 783.675 368.309 
619.999 355.793 690.734 362.54 783.177 360.779 
619.012 354.945 689.533 356.968 781.823 349.729 
617.453 353.545 687.633 348.366 778.288 332.274 
616.752 353.094 686.206 345.239 776.364 325.654 
615.865 352.514 684.549 340.643 773.166 316.224 
614.246 351.707 680.754 333.782 767.027 301.897 
613.723 351.391 678.692 330.899 764.305 296.692 
612.78 351.07 676.296 327.519 760.062 288.914 
611.11 350.562 672.083 322.042 752.393 276.99 
610.262 350.392 670.217 319.985 749.229 272.528 
609.335 350.042 667.478 316.993 744.227 266.088 
607.377 349.604 662.378 312.461 735.384 255.795 
606.497 349.427 660.339 310.678 731.669 251.895 
605.709 349.506 657.247 308.239 725.917 246.433 
603.752 349.293 652.021 304.593 716.406 238.042 
603.185 349.29 649.886 303.303 712.462 234.869 
601.763 348.866 646.617 301.486 706.476 230.636 
600.099 348.86 641.562 298.704 696.498 224.14 
599.497 348.866 639.522 297.55 692.524 221.777 
598.5 348.825 636.391 296.201 686.419 218.436 
596.893 348.699 631.254 294.131 676.503 213.028 
596.209 348.596 629.409 293.421 672.577 211.278 
595.381 348.409 626.507 292.339 666.933 209.308 
593.948 348.205 622.288 290.863 658.298 205.542 
593.52 348.121 621.22 290.532 655.275 204.45 
592.784 348.028 618.767 289.875 651.192 203.622 
592.034 347.889 615.678 289.262 645.53 201.665 
592.323 348.057 614.712 289.021 643.805 201.467 
592.112 348.17 613.347 288.803 641.264 200.906 
591.644 348.314 611.64 288.566 638.149 199.759 
591.542 348.364 611.193 288.466 637.385 200.037 
591.344 348.503 610.771 288.424 636.259 199.393 
591.161 348.65 610.308 288.397 635.457 199.269 
591.107 348.678 610.263 288.459 635.435 199.199 
591.059 348.671 610.354 288.394 635.721 199.542 
591.026 348.594 610.606 288.423 636.22 199.709 
591.059 348.561 610.683 288.436 636.223 199.292 
591.249 348.561 610.949 288.353 636.819 199.495 
591.247 348.635 611.407 288.495 637.531 199.743 
591.242 348.658 611.587 288.707 637.75 199.837 
591.057 348.652 611.866 288.807 638.564 199.932 
591.135 348.591 612.389 288.831 639.939 200.469 
591.408 348.585 612.517 288.852 640.257 200.597 
591.514 348.546 613.194 288.942 641.503 200.692 
591.651 348.566 614.565 289.25 644.483 201.418 
591.689 348.628 614.85 289.4 645.216 201.723 
591.809 348.636 616.696 289.868 648.638 202.794 
591.687 348.608 619.474 290.73 654.302 205.183 
591.794 348.607 620.19 290.934 655.329 205.149 
592.291 348.596 622.984 291.709 660.941 207.506 
593.313 348.557 626.606 292.786 668.172 210.186 
593.475 348.529 627.387 293.0 669.557 210.321 
594.396 348.642 630.279 294.24 675.639 213.599 
595.316 348.768 634.238 295.901 683.21 217.506 
595.528 348.817 634.86 296.412 684.809 218.318 
596.536 348.848 638.191 297.91 691.058 221.82 
597.725 348.843 642.292 300.294 699.394 226.992 
597.959 348.862 643.248 300.729 701.077 228.255 
599.114 348.79 646.902 302.737 708.179 233.059 
600.471 348.763 651.751 305.88 717.606 240.531 
600.715 348.726 652.735 306.56 719.038 242.258 
601.696 348.477 656.299 309.75 726.588 249.191 
603.513 348.631 661.113 314.39 736.334 259.543 
603.846 348.665 662.302 315.32 738.206 261.864 
605.521 348.882 666.294 319.524 745.803 271.274 
608.006 349.636 671.255 325.203 754.767 284.296 
608.531 349.686 672.261 326.448 756.491 286.978 
610.682 350.042 676.065 331.195 763.006 298.006 
613.395 350.413 680.589 337.054 770.105 311.399 
613.944 350.516 681.556 338.245 771.356 314.113 
615.883 350.631 684.404 343.232 775.863 325.337 
618.094 351.284 687.56 349.76 780.158 339.341 
618.47 351.437 688.147 351.095 780.858 342.228 
620.062 352.194 689.967 356.658 783.086 354.261 
622.04 353.068 691.838 363.819 784.87 369.363 
622.406 353.298 692.09 365.303 785.059 372.455 
623.896 354.127 693.21 371.152 785.315 384.994 
625.795 355.3 693.953 378.87 784.269 401.325 
626.188 355.645 693.995 380.489 783.9 404.64 
627.641 357.165 694.06 386.929 781.92 417.561 
629.56 358.999 693.782 394.672 778.44 432.951 
629.895 359.364 693.664 396.157 777.603 435.894 
631.128 360.673 693.09 401.65 773.851 447.194 
632.435 362.146 691.921 408.261 768.202 460.662 
632.729 362.452 691.64 409.593 767.058 463.143 
633.907 363.76 690.412 414.809 761.9 473.509 
635.43 365.458 688.587 421.239 754.3 486.141 
635.681 365.775 688.075 422.461 752.591 488.648 
636.858 366.963 685.937 427.316 745.228 498.291 
638.266 368.139 682.603 432.959 734.771 509.271 
638.499 368.307 681.87 433.965 732.58 511.263 
639.369 369.047 678.864 437.768 723.602 518.722 
640.25 369.942 674.843 442.074 712.303 526.527 
640.318 370.143 674.005 442.815 710.023 527.892 
640.69 370.749 670.609 445.68 700.983 532.853 
641.018 371.533 666.233 448.754 690.255 537.724 
641.017 371.644 665.416 449.215 688.157 538.614 
640.789 372.467 662.078 451.186 680.174 541.351 
641.068 372.84 658.347 453.125 670.465 544.144 
641.095 372.929 657.658 453.429 668.712 544.529 
641.27 373.256 655.185 454.68 662.189 546.058 
641.417 373.435 652.681 455.788 655.234 547.231 
641.446 373.436 652.311 455.933 654.117 547.334 
641.471 373.449 651.061 456.465 650.735 547.675 
641.666 373.505 650.52 456.825 648.778 547.828 
641.694 373.535 650.559 456.88 648.751 547.858 
641.64 373.698 651.047 457.043 650.032 547.759 
641.512 373.888 652.705 456.829 654.581 547.552 
641.496 373.911 653.243 456.685 655.892 547.389 
641.335 373.951 655.526 455.955 662.69 546.524 
640.791 373.811 659.99 454.087 674.863 543.867 
640.677 373.758 661.05 453.653 677.705 543.018 
640.324 373.097 665.897 450.92 690.434 538.79 
639.631 372.363 672.739 446.275 708.265 530.58 
639.501 372.151 674.2 445.095 711.909 528.42 
638.871 371.041 679.952 439.787 726.359 518.696 
637.993 369.335 686.546 431.744 743.574 503.462 
637.748 368.96 687.75 430.008 746.804 500.049 
636.879 367.204 692.259 422.373 758.667 485.615 
635.51 364.858 696.453 412.453 770.899 466.07 
635.203 364.424 697.077 410.46 772.982 462.011 
633.881 362.53 699.249 402.102 779.966 445.86 
631.764 360.189 700.407 391.569 785.885 425.266 
631.342 359.698 700.459 389.443 786.806 421.039 
629.515 357.829 700.264 380.568 789.122 404.317 
626.867 355.519 698.702 369.801 789.81 382.916 
626.264 355.113 698.045 367.714 789.636 378.683 
624.143 353.528 695.961 359.337 788.077 361.516 
621.272 351.809 692.098 349.188 783.98 340.634 
620.683 351.516 691.378 347.294 782.933 336.415 
618.443 350.734 688.068 339.884 777.836 320.468 
615.927 349.747 682.373 330.985 769.948 301.257 
615.479 349.575 681.253 329.385 768.179 297.533 
613.644 348.895 676.818 323.121 760.349 283.693 
611.182 348.223 670.773 316.293 749.486 267.9 
610.726 348.15 669.451 315.043 747.208 265.025 
609.04 347.981 664.321 310.618 737.887 254.456 
606.651 347.818 658.005 305.879 726.351 243.098 
606.047 347.759 656.731 305.085 723.951 241.066 
603.748 347.513 651.458 301.842 714.169 233.835 
601.564 347.585 645.987 299.132 704.599 227.506 
600.507 347.571 643.45 297.833 699.81 224.627 
598.456 347.588 638.48 295.441 690.594 219.351 
596.108 347.477 632.456 292.921 679.363 213.895 
595.698 347.477 631.108 292.583 677.271 212.803 
593.832 347.497 626.258 290.948 668.298 209.275 
592.387 347.487 622.667 290.013 661.733 207.003 
590.212 347.739 616.806 288.761 650.913 203.877 
589.4 347.817 614.429 288.372 646.612 202.377 
588.183 348.081 611.462 288.226 640.843 201.664 
586.335 348.58 606.668 287.953 631.727 200.301 
585.754 348.804 604.931 287.908 628.574 199.819 
584.68 349.015 602.46 287.755 624.558 199.339 
583.224 349.407 598.789 288.069 619.154 198.964 
582.697 349.73 597.87 288.283 617.562 198.962 
582.103 350.072 596.518 288.447 615.493 198.977 
581.096 350.478 594.979 288.828 613.323 198.93 
580.803 350.601 594.649 288.982 612.981 198.981 
580.39 350.805 594.168 289.185 612.563 199.058 
580.031 351.015 593.915 289.316 612.451 199.203 
579.963 351.128 594.013 289.464 612.672 199.196 
579.903 351.178 594.148 289.577 612.856 199.291 
579.934 351.218 594.554 289.706 613.795 199.359 
580.046 351.239 594.761 289.702 614.258 199.469 
580.196 351.21 595.199 289.585 615.132 199.408 
580.767 350.969 596.178 289.608 616.572 199.541 
580.957 350.922 596.581 289.525 617.359 199.563 
581.278 350.725 597.302 289.436 618.836 199.498 
581.982 350.472 599.075 289.507 621.701 199.946 
582.393 350.432 599.837 289.643 623.123 200.131 
582.906 350.283 601.212 289.654 625.671 200.491 
583.657 350.104 603.752 289.873 630.565 201.493 
584.139 350.027 604.987 289.947 632.964 201.946 
584.47 349.932 607.293 290.103 636.831 202.852 
585.215 349.621 610.936 290.855 644.552 205.123 
585.679 349.599 612.791 291.188 648.036 206.217 
586.249 349.559 615.597 291.808 653.601 208.116 
587.594 349.411 620.568 293.203 663.286 211.922 
588.124 349.307 622.605 293.86 667.426 213.499 
589.117 349.27 625.636 294.953 673.657 216.207 
590.723 349.244 630.916 297.224 683.713 221.513 
591.355 349.143 633.133 298.276 687.971 223.8 
592.538 349.231 636.322 299.955 694.173 227.495 
594.266 349.176 641.793 303.001 704.469 234.43 
595.111 349.236 643.825 304.326 708.387 237.548 
596.28 349.173 647.157 306.457 714.431 242.026 
597.862 348.887 652.525 310.237 723.903 250.774 
598.876 348.931 654.541 311.833 727.663 254.446 
600.268 348.965 657.608 314.451 733.274 260.187 
602.681 349.102 662.44 319.083 742.22 270.412 
603.629 349.158 664.299 321.118 745.652 274.8 
605.422 349.571 667.24 324.121 750.687 281.711 
608.036 349.784 671.812 329.566 758.644 293.8 
609.137 349.919 673.657 331.918 761.634 298.986 
610.633 350.177 676.142 335.803 765.81 307.147 
613.089 350.614 679.991 342.359 771.892 321.094 
614.268 350.701 681.494 344.882 774.065 326.83 
615.729 351.074 683.393 348.811 776.88 335.462 
618.461 352.024 686.24 355.564 780.662 350.185 
619.452 352.303 687.171 358.259 781.796 355.999 
621.006 352.703 688.675 362.207 783.106 364.597 
623.311 353.706 690.458 368.78 784.386 379.052 
624.319 354.197 690.922 371.501 784.567 384.669 
625.572 354.858 691.465 375.601 784.513 393.007 
627.444 356.28 692.133 382.251 783.219 407.281 
628.18 356.802 691.917 385.349 782.385 412.948 
629.19 357.61 691.843 389.438 780.725 421.728 
630.743 359.045 691.247 396.189 776.977 435.652 
631.217 359.694 690.86 398.795 775.187 441.086 
632.013 360.526 690.099 402.616 772.278 448.711 
633.052 361.989 688.787 408.554 766.691 461.312 
633.453 362.56 688.137 410.856 764.31 466.027 
634.021 363.471 687.042 414.431 760.555 473.031 
634.915 364.993 684.898 420.115 753.619 484.139 
635.184 365.582 683.921 422.382 750.623 488.323 
635.647 366.411 682.455 425.448 745.899 494.488 
636.256 367.782 679.642 430.556 737.847 503.887 
636.416 368.288 678.411 432.488 734.468 507.442 
636.652 369.121 676.48 435.313 729.289 512.547 
636.955 370.511 672.964 439.853 720.404 520.294 
636.962 371.01 671.509 441.478 716.7 523.164 
636.833 371.642 669.546 443.617 711.089 527.047 
636.857 372.465 666.217 446.731 701.735 532.647 
636.833 372.719 664.831 447.927 698.128 534.553 
636.936 373.027 662.755 449.554 693.039 537.045 
637.058 373.475 659.935 451.674 685.47 540.582 
636.929 373.926 659.092 452.457 683.017 541.626 
636.946 374.265 658.129 453.27 679.935 542.941 
637.154 374.45 656.968 454.394 676.012 544.369 
637.228 374.49 656.543 454.732 674.788 544.866 
637.424 374.511 656.213 454.992 673.508 545.15 
637.629 374.5 655.928 455.322 671.95 545.559 
