758.744 380.047 813.46 427.736 865.316 483.158 
758.488 379.479 814.055 425.569 867.128 478.989 
758.027 378.524 815.078 422.168 869.988 472.326 
757.154 376.84 816.567 416.237 874.218 460.731 
756.857 376.126 817.048 413.701 875.762 455.778 
756.385 375.004 817.797 409.741 878.117 448.047 
755.367 372.956 818.819 402.512 881.223 434.065 
754.864 372.074 818.79 399.473 882.362 428.097 
754.118 370.736 819.193 394.539 883.422 418.942 
752.695 368.494 818.707 386.706 884.591 403.012 
752.086 367.579 818.486 383.459 884.446 396.727 
751.103 366.299 817.796 378.589 883.867 387.08 
749.437 364.282 815.962 370.711 882.083 371.169 
748.778 363.557 815.338 367.529 880.929 364.827 
747.684 362.437 813.919 362.952 878.873 355.571 
745.536 360.677 811.133 355.519 874.431 340.457 
744.731 360.102 809.837 352.556 872.438 334.544 
742.077 359.174 807.719 348.222 869.1 325.787 
739.638 357.795 803.441 341.438 862.581 311.502 
738.596 357.332 801.752 338.695 859.995 305.831 
737.15 356.51 798.98 334.485 855.612 297.541 
734.717 355.703 793.977 328.261 847.536 284.491 
733.474 355.411 791.79 326.005 844.199 279.622 
731.652 354.992 788.469 322.905 839.611 272.523 
728.677 354.309 782.809 318.085 830.943 262.047 
727.381 354.187 780.404 316.383 827.424 258.242 
725.476 354.022 776.962 313.96 821.819 252.816 
722.535 354.221 771.287 310.405 812.975 244.599 
721.257 354.23 769.189 309.146 809.339 241.608 
719.421 354.478 765.777 307.44 804.098 237.447 
716.66 355.327 760.476 305.003 795.293 231.646 
715.543 355.457 758.208 304.29 792.022 229.492 
713.838 355.705 755.489 302.895 787.635 226.393 
711.173 355.927 751.382 301.186 781.205 221.838 
711.051 356.18 749.772 300.677 778.573 220.306 
709.96 356.436 746.991 299.81 773.748 218.648 
707.754 356.703 742.845 298.82 767.411 215.57 
706.83 356.854 741.509 298.616 765.117 214.471 
705.537 356.957 739.344 298.303 762.354 212.56 
705.452 357.91 735.825 297.867 756.836 210.473 
703.007 357.719 734.48 297.681 754.868 209.753 
703.74 358.431 732.587 297.592 751.87 208.736 
702.36 359.057 729.889 297.736 747.219 208.052 
701.911 359.348 728.587 297.837 746.518 207.401 
701.403 359.789 727.547 298.032 744.782 206.96 
700.896 360.383 726.588 298.453 743.477 206.721 
700.813 360.583 726.437 298.573 743.351 206.545 
700.723 360.849 726.395 298.92 742.747 206.873 
700.816 361.061 726.87 299.122 744.009 206.865 
700.981 361.108 727.247 299.222 745.538 206.586 
701.308 361.134 728.076 299.384 746.486 207.253 
702.143 360.995 730.132 299.64 750.633 207.538 
702.539 360.859 731.146 299.732 752.655 207.811 
703.247 360.708 732.857 299.887 754.889 208.823 
704.63 360.338 736.136 300.246 761.178 209.981 
705.249 360.194 737.606 300.418 763.757 210.692 
704.618 359.609 740.484 300.823 766.912 212.284 
706.554 359.017 744.779 301.352 774.631 214.528 
707.178 358.817 746.546 301.754 776.928 216.131 
708.113 358.455 749.008 302.319 781.534 218.151 
710.009 357.511 754.247 303.517 789.315 221.889 
711.02 357.177 756.086 304.115 792.603 223.399 
712.671 356.754 759.252 305.027 798.084 225.978 
715.131 356.403 764.537 307.075 806.015 231.803 
716.108 356.229 766.716 307.968 809.372 234.157 
717.642 356.075 769.205 309.563 814.387 237.919 
719.703 356.102 774.096 312.618 822.694 245.182 
720.739 356.166 775.963 313.965 825.691 248.359 
722.061 356.294 778.949 316.116 830.49 253.265 
724.255 356.285 783.729 320.136 838.488 262.027 
725.256 356.386 785.869 321.702 840.984 265.823 
726.901 356.548 788.304 324.371 845.685 271.568 
729.507 356.886 792.898 329.037 852.754 281.715 
730.455 357.077 794.602 330.973 855.481 286.027 
731.839 357.381 796.895 334.082 859.305 292.85 
734.452 357.906 800.759 339.812 865.089 304.975 
735.372 358.217 802.335 342.229 867.28 310.263 
737.008 358.551 804.456 346.074 870.36 318.377 
739.644 359.571 807.757 353.333 874.93 333.267 
740.826 360.0 809.137 356.15 876.572 339.608 
742.927 360.608 811.089 360.921 878.852 349.422 
746.427 362.007 813.949 368.999 881.784 366.866 
747.139 362.294 814.531 370.707 882.296 370.263 
750.004 363.638 816.346 377.675 883.58 384.652 
753.449 365.671 818.195 386.139 884.226 401.945 
754.102 366.056 818.437 387.907 884.229 405.402 
756.404 367.836 819.355 394.54 883.508 418.676 
758.967 370.171 819.43 403.183 881.51 434.75 
759.431 370.64 819.539 404.82 881.033 437.88 
761.076 372.503 819.146 411.241 878.675 449.918 
762.677 374.546 818.476 418.661 874.683 464.092 
762.948 374.846 817.982 420.149 873.555 467.005 
763.794 376.056 816.637 425.525 869.151 477.892 
764.745 377.42 814.374 431.954 862.841 490.837 
764.915 377.709 813.968 433.209 861.41 493.515 
765.548 378.848 811.977 438.042 855.5 503.347 
766.174 380.176 808.935 443.824 847.287 514.829 
766.344 380.371 808.273 444.834 845.495 516.963 
766.753 381.166 805.643 448.938 837.69 525.348 
767.291 381.863 802.266 453.469 827.403 534.564 
767.422 381.966 801.636 454.275 825.309 536.217 
767.91 382.16 798.704 457.056 816.801 541.834 
768.706 382.03 794.942 459.61 806.309 547.108 
768.869 381.987 794.309 459.934 804.344 548.015 
769.585 381.842 791.653 461.243 796.929 550.601 
770.437 381.775 789.18 462.279 789.641 552.559 
770.552 381.808 788.816 462.424 788.54 552.724 
770.9 381.952 787.575 462.887 785.106 553.553 
770.945 382.076 786.894 463.211 783.681 553.71 
770.887 382.096 786.846 463.228 783.678 553.713 
770.646 382.21 786.753 463.248 784.324 553.593 
770.3 382.149 787.164 463.029 786.426 552.954 
770.226 382.151 787.243 462.991 787.016 552.843 
770.006 382.193 787.924 462.805 789.51 552.241 
769.751 382.262 789.329 462.231 793.472 551.138 
769.696 382.29 789.714 462.087 794.451 550.928 
769.507 382.487 791.551 461.43 798.973 549.589 
769.062 382.657 794.131 460.109 806.799 546.785 
768.933 382.683 794.821 459.617 808.638 545.976 
768.206 382.831 797.449 457.634 816.711 541.931 
767.22 382.74 801.367 453.958 828.142 534.634 
767.022 382.706 802.161 453.024 830.513 532.892 
766.063 382.124 805.656 448.799 839.694 524.628 
764.981 380.898 809.854 442.394 850.827 512.236 
764.712 380.527 810.619 440.978 852.852 509.595 
763.743 379.289 813.757 435.029 860.564 498.116 
762.346 377.514 816.658 426.98 868.608 482.689 
762.067 377.125 817.246 425.324 870.077 479.434 
760.904 375.719 818.799 418.599 875.028 466.224 
759.189 373.888 819.952 410.209 879.188 449.726 
758.762 373.509 820.098 408.562 879.635 446.473 
757.257 372.027 820.283 401.984 881.747 433.407 
755.085 370.205 820.147 393.787 882.999 417.525 
754.675 369.887 819.983 392.22 883.172 414.441 
752.846 368.545 819.145 386.098 883.372 401.953 
750.41 367.294 818.104 378.345 882.837 386.664 
749.885 367.042 817.553 377.028 882.599 383.575 
747.777 366.297 816.271 370.801 881.397 371.438 
745.475 365.718 813.865 363.422 878.828 356.488 
745.019 365.598 813.189 361.998 878.293 353.366 
743.171 364.918 810.942 356.162 875.333 341.565 
740.644 364.337 807.113 349.169 870.777 326.839 
740.18 364.212 806.397 347.74 869.6 323.874 
738.524 364.097 802.937 342.028 864.712 311.986 
736.068 363.528 798.065 334.76 857.618 296.967 
735.554 363.454 797.254 333.337 855.985 294.109 
733.571 362.877 792.545 328.119 849.089 282.743 
730.768 361.826 786.723 322.036 840.039 269.571 
730.054 361.645 785.342 321.024 837.821 267.164 
727.904 361.146 780.237 316.9 829.794 257.832 
724.792 360.4 774.225 312.386 819.821 247.716 
724.27 360.28 772.98 311.565 817.521 245.984 
721.848 359.808 767.917 308.646 809.865 239.199 
719.086 359.416 762.41 305.547 800.454 232.275 
718.54 359.388 761.197 305.042 798.601 231.165 
716.629 359.305 757.674 303.314 791.826 226.905 
714.331 359.208 753.063 301.715 785.445 222.31 
713.959 359.19 752.24 301.482 784.023 221.629 
712.199 359.209 749.414 300.53 778.578 219.577 
710.909 359.225 746.922 300.056 776.216 217.769 
709.673 359.739 743.756 299.44 771.577 215.587 
709.447 359.916 742.548 299.08 769.766 214.839 
708.677 360.122 740.814 298.814 767.005 213.758 
707.477 360.273 738.007 298.288 763.039 212.038 
707.178 360.346 737.395 298.315 761.589 211.504 
706.776 360.467 736.44 298.142 758.986 211.034 
706.279 360.788 735.296 298.17 757.964 210.238 
706.174 360.865 735.03 298.171 757.384 210.263 
706.096 360.994 734.957 298.319 756.894 210.515 
706.046 361.188 735.143 298.543 758.497 210.263 
706.157 361.325 735.389 298.656 758.26 210.756 
706.281 361.408 735.911 298.809 759.323 211.017 
706.794 361.457 736.944 299.038 761.817 210.976 
707.061 361.452 737.605 299.157 762.85 211.241 
707.482 361.447 738.562 299.367 764.352 211.778 
708.307 361.396 740.929 299.856 767.761 213.506 
708.783 361.334 741.981 300.144 770.425 213.915 
709.598 361.275 744.096 300.705 773.552 215.382 
711.144 361.199 748.101 301.781 779.635 218.902 
711.555 361.044 750.086 302.364 782.712 220.362 
712.159 360.588 753.219 303.324 788.185 222.518 
714.236 360.55 758.244 305.221 795.132 227.759 
715.177 360.578 760.216 306.05 798.252 229.731 
716.59 360.468 763.289 307.325 803.082 232.875 
718.807 360.467 767.701 309.832 811.061 238.753 
719.562 360.444 769.45 310.995 814.299 241.197 
720.893 360.473 772.442 312.564 818.935 245.285 
722.921 360.674 777.057 315.886 826.383 252.526 
723.722 360.789 778.768 317.333 829.532 255.573 
724.858 360.861 781.529 319.422 833.832 260.481 
726.921 360.957 786.163 323.208 840.885 269.068 
727.936 360.984 787.955 324.836 843.612 272.825 
729.378 361.099 790.749 327.401 847.878 278.335 
731.605 360.996 795.057 332.071 854.38 288.466 
732.772 361.066 796.904 333.955 857.081 292.492 
734.583 361.174 799.896 336.884 860.816 298.692 
737.887 361.876 804.117 342.064 866.473 309.16 
739.019 362.092 805.757 344.147 868.514 313.23 
740.643 362.298 808.122 347.098 871.415 319.387 
743.186 362.739 811.329 352.072 875.601 329.342 
744.039 362.939 812.666 354.101 877.131 333.42 
745.366 363.243 814.256 357.112 879.203 339.653 
747.13 363.563 816.423 362.539 882.151 350.558 
747.863 363.749 817.149 364.93 883.086 355.461 
749.191 364.28 818.436 368.582 884.679 362.894 
751.241 365.131 820.471 375.312 886.493 376.736 
752.184 365.549 821.049 378.196 887.254 382.592 
753.467 366.268 821.84 382.884 887.845 391.912 
755.719 368.006 823.255 391.172 887.65 408.571 
756.507 368.911 823.551 394.685 887.261 415.464 
757.951 370.129 823.791 400.116 886.319 426.012 
760.05 372.31 823.553 409.063 883.806 443.453 
760.911 373.101 823.343 412.531 882.419 450.248 
761.926 374.241 823.01 417.352 879.889 459.945 
763.554 376.069 821.262 424.749 875.185 474.27 
764.014 376.636 820.642 427.213 873.217 479.256 
764.69 377.404 819.435 430.754 869.891 486.203 
765.501 378.662 817.096 436.213 863.804 496.61 
765.737 379.137 816.058 438.191 861.224 500.424 
766.082 380.009 814.387 441.207 857.29 505.9 
766.605 381.248 811.279 445.702 850.261 514.247 
766.713 381.694 810.206 447.265 847.428 517.406 
766.941 382.389 808.42 449.867 843.013 521.757 
767.07 383.466 805.601 453.319 836.39 527.73 
767.082 383.772 804.564 454.494 833.761 529.953 
767.113 384.231 803.068 456.019 829.986 532.842 
767.116 384.697 800.601 458.173 823.925 537.126 
767.141 384.809 799.643 458.891 821.627 538.738 
767.232 384.953 798.276 459.979 818.032 540.974 
767.492 385.198 796.125 461.6 812.027 544.403 
767.603 385.261 795.273 462.137 809.565 545.585 
767.824 385.272 793.911 463.035 805.902 547.321 
768.21 385.272 791.908 464.263 800.036 549.729 
768.331 385.265 791.12 464.541 797.821 550.638 
768.558 385.193 790.149 464.943 794.911 551.624 
768.822 385.106 788.659 465.508 790.701 552.751 
768.898 385.057 788.215 465.66 789.526 553.144 
768.978 384.997 787.704 465.795 788.325 553.446 
768.8 385.149 787.522 465.775 788.078 553.456 
768.813 385.14 787.605 465.736 788.542 553.461 
768.793 385.124 787.921 465.637 789.822 553.176 
768.696 385.067 789.002 465.083 793.123 552.286 
768.533 385.125 789.519 464.855 794.793 551.819 
768.688 384.824 790.245 464.571 797.372 551.022 
768.261 384.961 791.665 463.845 802.034 549.445 
768.133 385.041 792.031 463.655 803.791 548.726 
767.969 385.216 792.881 463.344 806.177 547.621 
767.676 385.431 794.746 462.424 810.449 545.294 
767.575 385.45 795.488 461.968 812.365 544.193 
767.361 385.427 797.052 460.879 815.751 541.967 
766.653 385.263 799.569 458.519 822.576 536.832 
766.311 385.166 800.777 457.206 825.699 534.268 
765.85 384.885 802.708 455.078 830.794 529.472 
764.959 384.205 806.307 450.398 839.675 519.392 
764.537 383.758 807.836 448.166 843.132 514.722 
763.943 382.948 810.267 444.394 848.259 506.85 
762.649 381.232 813.975 437.08 856.35 492.021 
762.134 380.459 815.371 433.857 859.633 485.416 
761.374 379.256 817.078 428.838 864.021 475.142 
759.899 377.19 819.673 419.791 870.032 457.086 
759.223 376.26 820.393 416.042 871.965 449.713 
758.096 374.934 821.362 410.064 874.577 438.483 
755.919 372.654 822.254 399.765 877.703 419.593 
754.839 371.789 822.114 395.761 878.488 412.306 
753.221 370.683 821.571 389.848 879.019 401.484 
750.648 368.99 820.042 380.645 879.194 384.007 
749.518 368.371 819.153 377.023 878.872 377.328 
748.027 367.476 817.644 371.707 878.02 367.504 
745.631 365.998 814.6 363.46 875.966 351.903 
744.502 365.511 813.088 360.432 874.765 345.941 
743.322 364.889 811.255 355.988 872.793 337.402 
740.937 364.0 807.567 349.274 868.773 324.277 
740.126 363.655 806.455 346.441 866.979 319.452 
738.755 363.287 804.094 343.081 864.324 312.201 
736.545 362.699 800.295 337.6 859.34 300.913 
735.473 362.491 798.607 335.516 857.259 296.635 
734.191 362.092 796.209 332.475 853.954 290.391 
731.608 361.56 791.584 327.779 848.247 280.255 
730.506 361.341 789.74 325.92 845.832 276.349 
729.225 361.379 786.999 323.349 841.869 270.781 
726.719 361.075 782.339 319.44 835.229 262.067 
725.889 361.044 780.414 318.029 832.517 258.708 
724.483 360.556 777.514 316.015 828.021 254.095 
722.518 360.477 773.073 312.911 820.43 246.842 
721.799 360.458 771.275 311.622 817.358 244.134 
720.571 360.371 768.409 310.047 812.609 240.218 
718.494 360.168 763.398 307.577 805.943 233.873 
717.565 360.029 761.625 306.719 802.915 231.685 
716.363 359.796 758.88 305.402 797.88 228.998 
714.22 359.513 754.498 303.558 792.342 224.271 
713.531 359.404 753.584 303.141 790.087 222.801 
712.44 359.27 751.351 302.277 786.138 221.37 
711.351 359.089 748.62 301.403 782.532 218.72 
711.45 359.269 747.867 301.083 780.515 218.23 
711.101 359.374 746.681 300.75 778.404 217.307 
711.023 359.512 745.419 300.378 777.094 215.814 
710.976 359.561 745.143 300.244 775.655 215.913 
710.881 359.699 744.885 300.171 775.826 215.195 
710.904 359.848 744.693 300.113 775.548 214.981 
710.945 359.877 744.728 300.176 775.794 214.928 
711.031 359.871 744.864 300.12 775.51 215.269 
711.145 359.793 745.225 300.177 776.348 215.539 
711.21 359.762 745.311 300.197 777.307 215.2 
711.246 359.765 745.546 300.136 778.139 215.513 
711.457 359.847 746.236 300.33 779.056 215.886 
711.493 359.871 746.571 300.567 779.288 216.015 
711.732 359.867 747.024 300.7 780.261 216.251 
711.952 359.811 747.719 300.779 780.88 216.942 
711.957 359.809 747.888 300.813 781.192 217.117 
712.172 359.775 748.637 300.967 783.181 217.464 
712.535 359.807 749.855 301.392 785.637 218.61 
712.646 359.874 750.201 301.571 786.047 219.0 
713.081 359.894 751.947 302.2 788.664 220.526 
713.477 359.872 754.546 303.3 791.716 223.541 
713.635 359.877 755.297 303.568 793.367 223.711 
714.292 359.889 757.584 304.563 796.372 226.666 
715.51 359.893 760.531 305.92 801.36 230.177 
715.697 359.872 761.163 306.193 803.262 230.548 
716.779 360.028 763.374 307.641 806.445 234.38 
717.821 360.197 766.815 309.595 811.752 239.033 
718.086 360.257 767.317 310.147 812.921 240.001 
719.361 360.334 770.357 311.885 817.567 244.077 
720.802 360.382 774.143 314.546 823.972 249.944 
721.081 360.411 775.089 315.047 825.126 251.317 
722.387 360.386 778.354 317.283 830.624 256.622 
724.006 360.418 782.816 320.703 837.878 264.595 
724.304 360.391 783.747 321.436 838.868 266.337 
725.648 360.183 786.952 324.782 844.613 273.501 
727.81 360.419 791.43 329.6 851.823 283.906 
728.194 360.469 792.562 330.576 853.093 286.186 
730.249 360.764 796.134 334.876 858.815 295.397 
733.26 361.639 800.428 340.618 865.371 307.861 
733.805 361.71 801.286 341.866 866.617 310.399 
736.143 362.157 804.441 346.605 871.228 320.733 
738.913 362.636 808.178 352.409 876.163 333.113 
739.536 362.763 809.087 353.589 876.995 335.596 
741.506 362.951 811.497 358.455 879.758 345.784 
744.023 363.698 814.268 364.775 882.392 358.367 
744.457 363.868 814.733 366.061 882.729 360.943 
746.365 364.693 816.158 371.391 883.828 371.647 
748.693 365.649 817.672 378.221 884.769 385.027 
749.138 365.894 817.875 379.63 884.808 387.759 
750.915 366.782 818.7 385.185 884.877 398.837 
753.026 368.024 819.352 392.494 883.98 413.269 
753.556 368.385 819.404 394.026 883.776 416.202 
755.187 369.953 819.551 400.114 882.561 427.66 
757.456 371.848 819.3 407.435 880.526 441.376 
757.844 372.223 819.174 408.839 880.041 444.01 
759.294 373.566 818.832 414.037 877.823 454.173 
760.705 375.069 817.934 420.304 874.201 466.407 
761.061 375.383 817.797 421.569 873.673 468.672 
762.196 376.713 816.916 426.528 870.469 478.206 
763.787 378.437 815.989 432.658 865.841 489.992 
764.054 378.758 815.551 433.828 864.778 492.358 
765.253 379.964 814.321 438.488 860.397 501.559 
766.725 381.161 812.045 443.947 853.936 512.309 
766.968 381.333 811.613 444.926 852.611 514.297 
767.981 382.086 809.558 448.647 846.856 521.867 
769.061 382.991 806.89 452.899 839.261 530.07 
769.192 383.192 806.191 453.64 837.677 531.547 
769.731 383.801 803.859 456.513 831.158 537.036 
770.358 384.585 801.046 459.639 823.06 542.696 
770.461 384.696 800.422 460.116 821.254 543.762 
770.36 385.505 797.872 462.159 815.258 547.194 
770.778 385.881 795.107 464.197 807.516 550.926 
770.887 385.97 794.614 464.522 806.086 551.492 
771.195 386.298 792.765 465.847 800.829 553.699 
771.587 386.48 791.051 467.036 794.607 555.658 
771.549 386.481 790.728 467.195 793.623 555.891 
771.809 386.497 789.505 467.776 790.174 556.648 
772.059 386.557 788.682 468.159 787.496 557.075 
772.079 386.587 788.643 468.211 787.261 557.117 
772.026 386.746 788.734 468.351 787.482 556.908 
771.985 386.932 789.862 468.067 790.545 556.206 
771.98 386.955 790.243 467.902 791.48 555.901 
771.891 386.992 792.201 467.083 796.804 554.289 
771.427 386.846 795.905 465.064 806.456 550.372 
771.336 386.792 796.673 464.597 808.613 549.251 
771.154 386.136 800.346 461.747 818.274 543.886 
770.316 385.396 805.226 457.007 831.402 534.403 
770.128 385.184 806.203 455.821 834.002 532.048 
769.226 384.071 810.218 450.542 844.042 521.768 
767.937 382.361 815.059 442.681 855.404 506.481 
767.649 381.984 815.936 441.0 857.479 503.151 
766.518 380.223 818.985 433.658 864.714 489.344 
764.719 377.858 821.568 424.214 872.309 471.171 
764.299 377.419 821.78 422.325 873.552 467.457 
762.614 375.498 823.085 414.427 877.657 452.82 
760.006 373.104 823.624 404.506 880.975 434.417 
759.495 372.602 823.536 402.505 881.644 430.662 
757.257 370.678 823.293 394.15 882.922 415.867 
754.063 368.277 822.097 383.99 883.365 396.989 
753.303 367.849 821.67 382.013 883.258 393.255 
750.7 366.181 819.801 374.061 882.706 378.093 
747.263 364.344 816.53 364.352 880.434 359.539 
746.537 364.025 815.92 362.534 879.895 355.773 
743.973 363.149 812.468 355.366 876.772 341.429 
740.788 362.046 808.123 346.659 872.034 323.927 
740.242 361.853 807.012 345.075 871.013 320.5 
737.86 361.083 803.056 338.854 865.863 307.587 
734.805 360.293 797.693 331.953 858.412 292.515 
734.202 360.197 796.465 330.667 856.852 289.722 
731.922 359.945 792.118 326.081 849.952 279.266 
728.852 359.669 786.563 321.069 841.064 267.702 
728.116 359.582 785.402 320.207 839.169 265.574 
725.852 359.24 780.454 316.664 831.231 257.792 
723.504 359.221 775.344 313.6 823.521 250.774 
722.337 359.162 773.105 312.134 819.562 247.49 
720.119 359.093 768.392 309.384 812.199 241.376 
717.545 358.878 762.94 306.411 803.111 234.738 
717.102 358.861 761.667 305.964 801.419 233.42 
715.134 358.804 757.327 303.941 794.128 228.823 
713.6 358.732 754.195 302.713 788.809 225.724 
711.248 358.9 749.039 300.97 779.979 221.156 
710.336 358.945 746.856 300.375 777.46 219.144 
709.003 359.166 744.275 299.977 771.779 217.531 
707.053 359.606 740.252 299.302 764.363 214.843 
706.52 359.816 738.954 299.117 762.048 213.916 
705.443 359.992 736.952 298.758 758.884 212.845 
704.041 360.342 734.261 298.785 754.851 211.684 
703.599 360.659 733.573 298.929 753.913 211.467 
703.218 360.996 732.852 299.001 752.619 211.198 
702.48 361.386 732.114 299.285 751.992 210.907 
702.296 361.505 731.896 299.417 752.066 210.931 
702.018 361.704 731.961 299.604 752.45 210.999 
701.911 361.915 732.073 299.731 753.363 211.202 
701.964 362.033 732.286 299.896 754.024 211.265 
702.015 362.085 732.59 300.031 754.784 211.433 
702.203 362.13 733.23 300.209 756.391 211.706 
702.377 362.158 733.496 300.227 756.915 211.896 
702.551 362.134 734.093 300.153 757.998 211.995 
703.095 361.904 734.706 300.249 759.427 212.364 
703.229 361.861 735.074 300.199 760.1 212.506 
703.474 361.667 735.898 300.178 761.385 212.671 
704.104 361.43 737.295 300.393 763.463 213.528 
704.531 361.404 738.007 300.597 764.511 213.916 
705.059 361.269 739.157 300.722 766.219 214.626 
705.898 361.115 741.325 301.155 769.608 216.298 
706.444 361.055 742.427 301.334 771.235 217.075 
706.826 360.97 744.615 301.692 774.009 218.505 
707.632 360.679 747.453 302.737 779.385 221.779 
708.18 360.675 749.074 303.226 781.974 223.326 
708.793 360.657 751.253 304.066 785.891 225.913 
710.227 360.559 755.192 305.849 792.802 230.863 
710.801 360.472 756.893 306.665 795.834 232.918 
711.889 360.476 759.414 307.988 800.48 236.314 
713.771 360.518 763.903 310.65 807.906 242.621 
714.483 360.44 766.097 311.871 811.177 245.312 
715.868 360.582 769.06 313.776 815.981 249.549 
717.865 360.599 774.101 317.186 823.974 257.254 
718.82 360.697 776.087 318.639 826.885 260.596 
720.138 360.681 779.17 320.965 831.817 265.434 
722.081 360.457 784.191 325.028 839.261 274.511 
723.068 360.542 786.066 326.717 842.14 278.261 
724.584 360.634 789.016 329.464 846.574 284.065 
727.313 360.875 793.555 334.253 853.726 294.203 
728.317 360.971 795.287 336.329 856.411 298.478 
730.262 361.464 798.164 339.398 860.321 305.138 
733.313 361.79 802.419 344.881 866.769 316.626 
734.51 361.972 804.188 347.231 869.152 321.485 
736.149 362.293 806.537 351.073 872.383 329.053 
738.787 362.832 810.185 357.507 877.026 341.828 
739.853 362.961 811.598 359.974 878.741 347.036 
741.485 363.396 813.326 363.786 880.899 354.824 
744.592 364.461 815.656 370.295 883.752 368.005 
745.62 364.778 816.422 372.88 884.539 373.181 
747.224 365.237 818.022 376.669 885.437 380.812 
749.541 366.324 819.524 382.934 886.336 393.603 
750.559 366.851 819.987 385.52 886.52 398.566 
751.897 367.556 820.536 389.409 886.686 405.931 
753.877 369.042 821.122 395.708 886.13 418.55 
754.648 369.587 820.98 398.636 885.762 423.571 
755.847 370.429 821.059 402.505 884.971 431.365 
757.606 371.91 820.939 408.894 882.819 443.792 
758.217 372.573 820.637 411.362 881.754 448.669 
759.232 373.428 820.178 414.983 880.036 455.545 
760.731 374.92 819.384 420.621 876.638 467.004 
761.301 375.502 818.837 422.812 875.468 471.323 
762.087 376.426 818.296 426.218 873.105 477.783 
763.438 377.966 816.977 431.654 868.671 488.155 
763.904 378.56 816.283 433.828 866.838 492.11 
764.648 379.398 815.368 436.778 863.679 497.992 
765.611 380.776 813.522 441.714 858.27 507.097 
765.917 381.283 812.453 443.593 855.896 510.596 
766.421 382.117 811.088 446.348 852.204 515.677 
767.164 383.506 808.631 450.806 845.712 523.554 
767.339 384.002 807.419 452.416 842.953 526.535 
767.526 384.63 805.796 454.541 838.557 530.658 
767.863 385.45 803.145 457.666 830.747 536.808 
767.955 385.702 802.146 458.872 827.547 538.971 
768.207 386.01 800.669 460.526 823.074 541.855 
768.602 386.459 798.336 462.696 816.408 546.023 
768.463 386.904 797.547 463.493 814.198 547.289 
768.634 387.241 796.504 464.327 811.371 548.891 
768.912 387.429 795.223 465.474 807.662 550.71 
769.008 387.47 794.705 465.824 806.38 551.335 
769.197 387.494 794.248 466.095 805.033 551.764 
769.398 387.487 793.649 466.433 803.158 552.359 
