543.006 393.277 572.766 441.021 624.615 508.052 
542.965 392.74 573.588 438.783 627.317 503.578 
542.903 391.836 574.743 435.256 631.035 496.293 
542.99 390.242 576.548 429.068 637.077 483.316 
543.048 389.564 577.176 426.407 639.409 477.664 
543.144 388.501 578.284 422.243 642.671 468.738 
543.419 386.563 579.89 414.608 647.614 452.282 
543.54 385.731 580.633 411.392 649.387 445.171 
543.754 384.469 581.43 406.158 651.941 434.178 
544.077 382.367 582.617 397.857 655.196 414.891 
544.184 381.512 582.975 394.418 656.312 407.255 
544.327 380.322 583.373 389.273 657.582 395.533 
544.418 378.459 583.857 380.995 658.683 376.265 
544.487 377.794 583.812 377.662 658.794 368.639 
544.522 376.77 583.674 372.904 658.536 357.593 
544.476 375.19 583.148 365.254 657.074 339.848 
544.465 374.679 582.761 362.239 656.053 333.026 
544.148 373.928 581.919 357.876 654.125 323.077 
543.708 372.751 580.974 351.146 649.704 307.34 
543.548 372.368 580.502 348.449 647.389 301.249 
543.052 371.68 578.015 344.461 643.658 292.58 
542.498 371.056 575.657 338.624 636.647 279.542 
542.284 370.85 574.549 336.579 633.573 274.893 
541.82 370.562 572.842 333.833 629.024 268.195 
540.974 370.1 569.702 329.705 620.79 259.084 
540.669 370.06 568.292 328.326 617.463 255.972 
540.066 370.021 566.165 326.394 612.368 251.769 
539.493 370.367 562.39 323.717 603.641 245.827 
539.093 370.452 560.852 322.807 600.23 243.837 
538.505 370.789 558.483 321.667 595.142 241.218 
537.787 371.725 554.648 320.146 587.182 238.096 
537.38 371.91 553.208 319.806 583.989 237.015 
536.638 372.243 550.664 318.958 579.355 235.444 
535.217 372.621 546.813 318.08 571.216 233.442 
534.896 372.87 545.242 317.899 568.435 232.883 
534.034 373.184 542.785 317.579 564.895 232.741 
532.538 373.58 539.21 317.387 558.184 232.066 
531.981 373.778 537.73 317.466 555.411 231.909 
531.123 373.96 535.518 317.593 550.882 231.381 
530.239 374.857 531.902 317.871 544.579 231.519 
529.211 374.826 530.526 317.958 542.204 231.62 
529.016 375.443 528.67 318.232 538.63 231.846 
527.922 376.102 525.784 318.893 534.034 232.863 
527.512 376.396 524.611 319.219 531.408 232.859 
526.892 376.834 523.191 319.628 528.803 233.231 
525.961 377.419 521.142 320.29 525.282 233.879 
525.676 377.611 520.524 320.472 524.077 233.958 
525.277 377.866 519.755 320.861 523.389 234.488 
524.872 378.066 518.89 321.081 521.511 234.603 
524.797 378.104 518.772 321.148 520.454 234.275 
524.753 378.116 518.757 321.22 520.971 234.625 
524.824 377.958 519.233 321.219 520.938 234.169 
524.891 377.818 519.522 321.182 521.651 233.936 
525.083 377.649 520.308 321.093 524.06 234.04 
525.546 377.246 522.267 320.936 526.956 233.48 
525.777 377.084 523.212 320.869 528.969 233.323 
525.654 376.589 525.002 320.808 532.943 233.541 
526.237 375.957 528.064 320.613 538.334 233.323 
526.563 375.74 529.477 320.69 541.901 233.81 
527.269 375.349 531.672 320.784 546.116 234.185 
527.509 374.409 535.471 321.069 553.459 235.146 
527.872 374.051 537.035 321.319 556.634 235.493 
528.494 373.573 539.47 321.667 560.578 236.391 
529.593 373.104 543.358 322.782 569.741 239.287 
529.972 372.889 544.966 323.296 573.076 240.537 
530.638 372.654 547.481 324.387 578.014 242.71 
531.749 372.543 551.31 326.585 586.339 247.508 
532.183 372.538 552.856 327.607 589.591 249.843 
532.714 372.576 555.083 329.274 594.408 253.521 
533.191 372.451 558.744 332.548 602.331 260.497 
533.519 372.486 560.304 333.806 605.339 263.816 
534.099 372.539 562.277 336.125 609.995 268.761 
535.131 372.694 565.91 340.192 617.701 278.003 
535.541 372.813 567.424 341.916 620.695 282.098 
536.073 373.012 569.476 344.767 625.224 288.776 
536.972 373.351 572.891 350.137 632.7 301.13 
537.421 373.583 574.16 352.44 635.614 306.704 
538.138 373.796 576.041 356.165 639.905 315.422 
539.491 374.585 579.948 363.305 646.702 331.959 
540.067 374.916 581.336 366.106 649.148 339.178 
540.956 375.366 583.01 370.933 652.511 350.519 
542.605 376.482 584.933 379.235 657.084 371.126 
542.936 376.713 585.378 381.001 657.73 375.188 
544.379 377.824 586.906 388.27 659.914 392.55 
546.298 379.567 588.803 397.179 660.882 413.605 
546.617 379.9 589.064 399.053 660.826 417.825 
547.873 381.484 589.797 406.107 660.021 434.015 
549.235 383.603 589.88 415.343 657.573 453.49 
549.447 384.034 589.727 417.091 656.821 457.251 
550.234 385.761 589.233 423.952 653.71 471.605 
550.997 387.673 588.005 431.855 648.18 488.112 
551.116 387.954 587.762 433.433 646.95 491.44 
551.53 389.095 586.054 439.102 641.165 503.629 
552.167 390.381 583.562 445.81 632.677 517.548 
552.256 390.657 582.898 447.107 630.856 520.359 
552.55 391.744 580.347 452.066 622.974 530.31 
552.521 393.025 576.624 457.888 611.991 541.2 
552.507 393.212 575.863 458.888 609.745 543.116 
552.327 393.981 572.247 462.897 600.205 550.288 
552.14 394.653 567.259 467.192 587.921 557.362 
552.092 394.751 566.076 467.929 585.499 558.526 
551.96 394.93 562.06 470.424 576.044 562.004 
552.23 394.779 557.683 472.589 564.727 564.393 
552.366 394.731 556.788 472.832 562.624 564.74 
553.014 394.558 554.164 473.863 555.151 565.218 
553.703 394.459 551.623 474.622 548.288 565.127 
553.838 394.487 551.109 474.717 547.234 564.977 
554.034 394.615 550.042 475.05 544.612 564.924 
553.862 394.74 549.551 475.307 543.547 564.718 
553.794 394.762 549.582 475.324 543.642 564.735 
553.43 394.886 550.084 475.37 544.902 564.898 
553.057 394.842 551.147 475.24 547.665 564.975 
552.987 394.846 551.428 475.223 548.311 565.045 
552.81 394.896 552.849 475.16 551.271 565.242 
552.686 394.973 554.871 474.782 555.573 565.338 
552.64 395.002 555.39 474.689 556.544 565.41 
552.461 395.203 557.383 474.243 560.948 565.348 
552.064 395.387 560.792 473.24 567.898 564.6 
551.973 395.417 561.611 472.823 569.515 564.257 
551.601 395.586 564.876 471.117 576.693 562.188 
550.819 395.534 569.059 467.752 587.32 557.457 
550.644 395.508 570.029 466.874 589.555 556.195 
550.183 394.971 573.405 462.81 598.844 549.573 
549.587 393.815 577.4 456.455 610.469 538.507 
549.5 393.463 578.15 455.025 612.788 536.016 
549.097 392.293 580.909 448.957 621.921 524.705 
548.762 390.616 584.293 440.602 632.648 508.52 
548.707 390.249 584.846 438.868 634.592 504.979 
548.363 388.928 586.982 431.773 642.061 490.26 
547.839 387.225 588.997 422.848 649.985 471.198 
547.776 386.874 589.354 421.09 651.447 467.366 
547.305 385.506 590.32 414.055 656.152 451.812 
546.923 383.839 591.343 405.279 660.652 432.616 
546.85 383.549 591.499 403.604 661.295 428.864 
546.684 382.332 591.878 397.067 663.435 413.624 
546.381 381.233 591.789 388.814 664.626 394.945 
546.324 381.014 591.72 387.429 664.688 391.179 
545.915 380.395 591.342 380.851 664.223 376.442 
545.383 379.949 590.019 373.164 662.305 358.518 
545.275 379.857 589.792 371.697 661.634 354.811 
544.926 379.294 588.384 365.705 658.757 340.991 
544.373 378.861 586.885 358.646 653.725 324.188 
544.269 378.764 586.308 357.223 652.623 320.881 
544.188 378.724 583.924 351.62 647.406 307.877 
543.829 378.297 579.261 344.73 639.412 292.119 
543.664 378.253 578.594 343.37 637.761 289.232 
543.187 377.806 575.393 338.613 630.418 278.103 
542.292 376.967 571.505 333.204 621.123 265.907 
542.116 376.833 570.623 332.37 619.165 263.857 
541.592 376.475 567.323 328.937 611.294 256.041 
540.894 375.934 563.323 325.322 601.778 248.259 
540.789 375.849 562.594 324.687 599.921 247.101 
540.314 375.53 559.447 322.56 592.736 242.427 
539.745 375.304 555.691 320.395 584.497 238.272 
539.603 375.307 554.879 320.094 582.99 237.717 
539.017 375.331 551.92 319.035 577.108 235.595 
538.012 375.376 548.345 318.278 569.458 233.455 
537.817 375.382 547.612 318.204 568.257 233.243 
536.884 375.507 545.129 317.805 564.246 232.9 
536.121 375.603 543.216 317.777 560.123 232.278 
535.339 376.15 540.107 317.796 554.8 231.937 
534.743 376.342 539.177 317.662 552.765 231.904 
534.154 376.582 537.489 317.74 549.919 231.869 
533.373 376.795 535.066 317.75 545.576 231.717 
533.112 376.883 534.271 317.909 544.023 231.748 
532.701 377.022 533.19 317.943 542.586 232.027 
532.01 377.357 531.927 318.198 539.444 232.026 
531.776 377.439 531.468 318.268 538.824 232.264 
531.443 377.571 530.893 318.466 538.865 232.582 
531.006 377.763 530.18 318.722 537.541 232.3 
530.914 377.886 530.058 318.815 538.262 232.675 
530.814 377.959 530.016 318.91 538.004 232.779 
530.814 377.984 530.166 319.01 537.174 232.446 
530.84 377.967 530.357 319.039 537.467 232.46 
530.919 377.944 530.78 319.103 538.088 232.587 
531.0 377.863 531.912 319.227 541.302 233.041 
531.03 377.787 532.645 319.326 541.96 232.837 
531.01 377.703 533.637 319.556 544.529 233.223 
530.954 377.575 536.193 319.947 551.158 234.362 
531.21 377.409 537.279 320.207 553.835 234.765 
530.733 376.988 539.041 320.656 557.377 235.283 
531.204 376.853 542.482 321.672 565.832 237.8 
531.471 376.831 543.915 322.151 568.705 238.743 
531.965 376.656 546.043 322.899 573.244 240.312 
533.052 376.526 549.666 324.595 580.851 243.694 
533.478 376.459 551.133 325.438 583.858 245.182 
534.181 376.406 553.321 326.511 588.477 247.927 
535.294 376.468 556.909 329.063 596.082 253.165 
535.668 376.528 558.28 330.232 598.993 255.469 
536.223 376.528 560.473 331.889 603.759 259.365 
537.206 376.497 564.002 335.005 611.073 266.6 
537.629 376.465 565.349 336.392 614.184 269.908 
538.228 376.491 567.391 338.602 618.644 274.813 
538.962 376.277 570.85 342.763 626.287 284.343 
539.266 376.284 572.207 344.456 629.198 288.211 
540.029 376.282 574.214 347.107 633.58 294.33 
541.502 376.751 577.43 351.958 640.247 305.059 
542.043 376.889 578.696 353.935 642.636 309.345 
542.812 376.989 580.373 356.761 645.975 315.951 
544.067 377.258 582.751 361.645 650.826 326.913 
544.509 377.397 583.583 363.659 652.486 331.505 
545.167 377.609 584.761 366.688 654.796 338.624 
546.195 377.807 586.442 372.242 657.962 351.336 
546.61 377.941 586.973 374.721 659.112 357.146 
547.234 378.372 587.679 378.517 660.344 366.015 
548.18 379.074 588.456 385.579 661.798 382.75 
548.595 379.424 588.659 388.631 661.873 389.88 
549.206 380.045 588.606 393.616 661.779 401.277 
550.133 381.604 587.995 402.454 660.398 421.69 
550.448 382.439 587.523 406.213 659.253 430.117 
550.909 383.551 586.627 412.025 656.905 442.949 
551.471 385.575 584.676 421.585 651.326 463.894 
551.602 386.311 583.641 425.278 648.592 471.924 
551.779 387.381 582.136 430.397 644.337 483.22 
552.245 389.099 579.913 438.201 637.023 499.488 
552.332 389.635 579.212 440.788 634.072 504.999 
552.35 390.363 577.926 444.479 629.757 512.515 
552.229 391.571 575.63 450.111 622.906 523.406 
552.091 392.031 574.745 452.132 620.297 527.278 
551.914 392.876 573.334 455.193 616.255 532.704 
551.5 394.08 571.123 459.692 609.618 540.619 
551.362 394.515 570.026 461.231 606.923 543.51 
551.234 395.191 568.057 463.771 603.152 547.362 
550.825 396.247 564.919 467.062 596.851 552.311 
550.622 396.548 563.71 468.162 594.569 554.103 
550.297 397.001 562.149 469.575 591.106 556.284 
549.816 397.463 559.807 471.531 585.472 559.313 
549.768 397.572 559.056 472.174 583.252 560.413 
549.776 397.71 557.898 473.146 579.987 561.835 
549.867 397.943 555.773 474.555 574.637 563.844 
549.908 398.001 555.006 475.007 572.5 564.421 
549.99 398.005 553.679 475.762 569.298 565.241 
550.118 397.995 551.438 476.751 564.125 566.124 
550.179 397.985 550.7 476.94 562.249 566.46 
550.293 397.908 549.687 477.226 559.575 566.648 
550.533 397.814 548.24 477.617 556.102 566.665 
550.592 397.764 547.809 477.717 555.116 566.746 
550.687 397.701 547.467 477.801 554.079 566.721 
550.901 397.851 547.535 477.775 553.513 566.609 
550.936 397.841 547.771 477.756 553.8 566.724 
550.975 397.826 548.385 477.715 554.676 566.753 
550.947 397.772 549.668 477.302 557.178 566.703 
550.816 397.835 550.227 477.139 558.401 566.652 
550.676 397.539 551.204 476.955 560.742 566.562 
550.475 397.685 552.838 476.406 564.861 566.229 
550.36 397.768 553.566 476.28 566.599 565.998 
550.222 397.944 554.49 476.07 569.429 565.614 
550.034 398.164 556.226 475.346 574.386 564.521 
549.963 398.185 557.104 474.977 576.651 563.966 
549.826 398.17 558.5 474.036 580.418 562.635 
549.346 398.032 561.411 471.928 587.954 559.159 
549.078 397.948 562.596 470.71 591.415 557.293 
548.692 397.69 564.211 468.704 596.952 553.496 
548.234 397.056 566.921 464.175 607.238 544.804 
547.988 396.635 568.039 461.978 611.636 540.526 
547.812 395.865 569.612 458.221 618.214 532.974 
547.531 394.237 572.68 450.824 629.307 517.95 
547.427 393.503 573.85 447.52 633.441 510.965 
547.282 392.361 575.665 442.335 639.513 499.807 
547.115 390.409 578.502 432.887 648.57 479.44 
547.102 389.531 579.53 428.939 651.602 470.894 
546.997 388.289 581.046 422.617 655.641 457.689 
546.886 386.166 583.173 411.666 660.372 435.06 
546.845 385.37 583.753 407.403 661.644 426.238 
546.624 384.37 584.353 401.111 662.905 413.09 
546.334 382.847 584.573 391.359 663.154 391.843 
546.206 382.301 584.539 387.542 662.743 383.756 
546.077 381.505 584.255 381.969 661.579 371.929 
545.902 380.193 584.415 373.38 658.332 353.387 
545.862 379.774 583.787 370.287 656.654 346.417 
545.608 379.238 583.135 365.74 653.84 336.559 
545.327 378.499 581.139 359.025 648.7 321.772 
545.268 378.207 579.23 356.245 646.432 316.474 
545.084 377.92 577.988 352.981 642.755 308.62 
544.58 377.472 575.475 347.736 636.318 296.786 
544.281 377.329 574.363 345.787 633.693 292.422 
544.042 377.015 572.657 342.965 629.565 286.204 
543.432 376.643 569.606 338.759 622.143 276.463 
543.108 376.495 568.378 337.114 619.052 272.847 
543.05 376.586 566.464 334.891 614.495 267.871 
542.366 376.429 563.243 331.619 607.063 260.386 
542.248 376.439 561.94 330.483 603.943 257.627 
541.422 376.073 559.9 328.905 599.578 254.042 
540.702 376.107 556.704 326.507 592.392 248.697 
540.447 376.128 555.417 325.516 589.574 246.812 
540.052 376.112 553.525 324.403 585.27 244.226 
539.491 376.031 550.67 322.719 577.321 240.143 
539.286 375.949 549.619 322.15 574.531 238.91 
539.099 375.791 547.925 321.293 571.124 237.654 
538.818 375.63 545.776 320.139 563.99 235.123 
538.77 375.56 545.07 319.892 561.775 234.451 
538.616 375.488 543.554 319.424 559.562 234.132 
538.44 375.375 541.577 319.04 554.88 233.001 
538.754 375.523 540.876 318.876 554.236 233.0 
538.736 375.635 539.984 318.759 552.554 232.779 
538.162 375.785 538.69 318.651 549.415 232.126 
538.058 375.836 538.308 318.588 549.585 232.452 
537.863 375.973 537.945 318.578 547.911 232.026 
537.596 376.118 537.474 318.586 547.054 232.023 
537.491 376.146 537.385 318.65 546.818 231.97 
537.359 376.142 537.397 318.584 547.443 232.239 
537.228 376.071 537.449 318.597 547.415 232.354 
537.223 376.04 537.485 318.605 546.616 231.996 
537.453 376.033 537.656 318.509 546.724 232.129 
537.286 376.105 537.72 318.619 546.916 232.29 
537.252 376.127 537.691 318.812 547.017 232.355 
536.817 376.129 537.705 318.893 547.301 232.356 
536.754 376.071 537.852 318.886 548.644 232.675 
537.119 376.057 537.889 318.899 548.813 232.76 
537.098 376.017 538.2 318.943 548.821 232.736 
537.004 376.035 539.068 319.147 550.788 233.06 
536.969 376.093 539.174 319.273 551.437 233.253 
536.796 376.099 540.256 319.6 553.867 233.847 
536.326 376.08 541.905 320.244 559.002 235.379 
536.349 376.078 542.263 320.395 558.98 235.254 
536.514 376.056 544.186 320.951 564.104 236.778 
536.956 375.993 546.692 321.747 569.744 238.464 
537.03 375.964 547.235 321.901 569.98 238.46 
537.439 376.048 549.351 322.901 575.639 240.856 
537.875 376.144 551.902 324.251 581.491 243.759 
537.956 376.185 552.332 324.704 582.684 244.366 
538.331 376.191 554.351 325.948 587.273 247.083 
538.82 376.158 556.792 328.011 593.201 251.259 
538.919 376.17 557.305 328.377 594.529 252.322 
539.466 376.073 559.565 330.114 599.534 256.337 
540.042 376.015 562.441 332.901 606.21 262.844 
540.139 375.974 563.001 333.51 607.332 264.436 
540.417 375.715 565.166 336.433 612.735 270.699 
541.184 375.817 567.949 340.733 619.909 280.328 
541.333 375.842 568.613 341.588 621.405 282.532 
541.986 376.008 571.033 345.53 626.889 291.56 
542.974 376.666 574.162 350.911 633.556 304.349 
543.255 376.7 574.805 352.099 634.852 307.015 
544.321 376.987 577.321 356.646 639.861 318.094 
545.804 377.274 580.322 362.299 645.416 331.755 
546.052 377.359 580.863 363.453 646.435 334.552 
547.118 377.421 582.689 368.336 650.369 346.215 
548.105 377.995 584.61 374.775 654.117 360.948 
548.268 378.133 585.015 376.097 654.831 364.005 
548.894 378.824 586.273 381.633 657.068 376.814 
549.704 379.619 587.513 388.793 658.782 392.99 
549.842 379.832 587.678 390.281 659.029 396.312 
550.427 380.597 588.489 396.155 659.323 409.807 
551.297 381.686 588.909 403.93 658.638 427.401 
551.398 382.011 588.91 405.563 658.276 430.969 
552.044 383.446 588.832 412.062 656.483 444.857 
552.797 385.18 588.626 419.88 653.238 461.321 
552.934 385.526 588.565 421.379 652.454 464.454 
553.421 386.769 588.028 426.922 649.002 476.432 
554.04 388.17 587.148 433.586 644.13 490.567 
554.147 388.462 586.863 434.926 642.922 493.148 
554.818 389.708 585.889 440.17 638.377 503.881 
555.581 391.33 584.09 446.614 631.604 516.752 
555.701 391.634 583.754 447.833 630.107 519.275 
556.317 392.769 581.8 452.665 623.471 528.846 
557.021 393.892 579.096 458.24 614.344 539.431 
557.138 394.052 578.441 459.226 612.409 541.305 
557.484 394.76 576.016 462.94 604.829 548.201 
557.786 395.62 572.705 467.101 595.679 555.132 
557.768 395.815 572.148 467.811 593.887 556.302 
557.823 396.401 569.431 470.535 587.02 560.451 
557.74 397.161 565.765 473.41 579.221 564.285 
557.65 397.271 565.17 473.834 577.905 564.972 
557.414 398.074 562.742 475.648 572.071 566.879 
557.443 398.435 559.952 477.403 565.384 568.646 
557.388 398.522 559.421 477.673 564.205 568.844 
557.367 398.839 557.588 478.797 559.753 569.668 
557.236 399.012 555.595 479.772 555.546 570.106 
557.308 399.013 555.362 479.898 554.855 570.09 
557.121 399.026 554.687 480.369 553.172 570.09 
557.179 399.079 554.651 480.704 552.788 570.07 
557.201 399.108 554.74 480.76 552.955 570.105 
557.17 399.266 555.338 480.948 554.546 570.175 
557.025 399.453 556.663 480.816 558.213 570.485 
557.008 399.476 557.081 480.7 559.227 570.47 
556.858 399.516 558.554 480.082 564.056 570.352 
556.499 399.386 561.542 478.434 572.594 569.016 
556.418 399.336 562.35 478.052 574.673 568.472 
556.088 398.697 565.906 475.554 583.989 565.575 
555.842 397.99 571.208 471.215 597.43 559.074 
555.824 397.785 572.4 470.097 600.26 557.229 
555.722 396.712 576.952 465.003 611.77 548.616 
555.608 395.064 581.963 457.137 626.149 534.279 
555.512 394.703 582.885 455.424 628.915 530.963 
555.275 393.009 586.572 447.839 639.522 516.642 
554.911 390.751 590.257 437.891 650.377 496.602 
554.842 390.335 590.972 435.882 652.289 492.372 
554.439 388.52 592.932 427.436 658.782 475.351 
553.709 386.289 594.158 416.756 664.498 453.323 
553.556 385.823 594.33 414.599 665.22 448.771 
552.909 384.05 594.322 405.6 667.505 430.706 
551.917 381.873 593.244 394.713 668.149 407.537 
551.717 381.494 592.707 392.612 668.003 402.96 
550.949 380.012 591.498 384.188 666.186 384.447 
549.828 378.423 589.041 374.061 662.298 362.112 
549.613 378.155 588.583 372.178 661.258 357.632 
548.63 377.456 587.073 364.84 656.751 340.836 
547.766 376.569 582.962 356.163 649.687 320.935 
547.595 376.414 582.39 354.611 648.063 317.127 
547.005 375.807 579.705 348.57 641.562 303.166 
546.091 375.224 575.999 342.09 632.889 287.628 
545.95 375.165 575.234 340.919 631.068 284.858 
545.466 375.043 571.885 336.826 624.161 274.838 
544.645 374.945 567.928 332.521 615.957 264.384 
544.403 374.904 567.163 331.813 614.293 262.568 
543.059 374.732 564.111 328.944 607.705 256.289 
541.931 374.856 560.905 326.626 601.182 250.991 
541.41 374.871 559.302 325.519 598.005 248.653 
540.355 374.94 556.433 323.503 591.636 244.479 
539.174 374.894 552.717 321.451 583.959 240.428 
538.961 374.906 551.926 321.21 582.527 239.609 
537.958 374.974 548.879 319.951 576.398 237.248 
537.187 375.001 546.55 319.29 571.89 235.845 
536.055 375.295 542.774 318.479 564.503 234.162 
535.657 375.389 541.314 318.264 560.714 233.298 
535.033 375.667 539.37 318.32 557.592 233.294 
534.026 376.184 536.109 318.38 551.316 233.134 
533.648 376.409 534.801 318.455 548.937 233.082 
533.018 376.635 533.064 318.477 546.085 233.134 
532.121 377.039 530.255 319.022 542.063 233.469 
531.744 377.356 529.561 319.284 540.675 233.679 
531.232 377.693 528.318 319.534 538.934 233.966 
530.434 378.1 526.837 320.003 536.524 234.236 
530.178 378.223 526.565 320.17 536.005 234.339 
529.832 378.425 525.873 320.399 535.135 234.49 
529.43 378.632 525.448 320.545 534.249 234.679 
529.299 378.74 525.412 320.68 534.014 234.665 
529.18 378.789 525.354 320.78 533.648 234.755 
529.079 378.826 525.395 320.88 533.608 234.735 
529.098 378.844 525.464 320.865 533.803 234.786 
529.169 378.814 525.583 320.731 534.099 234.636 
529.524 378.574 526.408 320.686 534.868 234.593 
529.678 378.525 526.658 320.583 535.376 234.518 
529.926 378.333 526.976 320.457 536.314 234.279 
530.397 378.078 528.245 320.407 538.461 234.336 
530.625 378.03 528.703 320.487 539.516 234.33 
530.915 377.878 529.636 320.408 541.544 234.34 
531.288 377.693 531.322 320.45 545.355 234.66 
531.522 377.609 532.103 320.441 547.253 234.78 
531.677 377.512 533.458 320.445 550.191 235.15 
532.069 377.203 536.086 320.915 556.198 236.332 
532.275 377.171 537.283 321.113 558.774 236.945 
532.576 377.119 539.313 321.517 563.08 238.069 
533.292 376.947 542.843 322.522 570.504 240.543 
533.566 376.836 544.218 323.02 573.614 241.569 
534.071 376.777 546.27 323.873 578.224 243.457 
534.793 376.714 549.76 325.724 585.727 247.467 
535.097 376.604 550.964 326.606 588.79 249.231 
535.625 376.658 552.852 328.036 593.211 252.186 
536.417 376.564 556.114 330.665 600.525 257.962 
536.818 376.601 557.225 331.837 603.431 260.661 
537.376 376.513 559.189 333.721 607.483 264.542 
538.006 376.204 562.295 337.116 614.095 272.449 
538.609 376.22 563.466 338.57 616.79 275.822 
539.31 376.218 565.157 340.979 620.671 281.166 
540.441 376.288 567.901 345.291 626.759 290.895 
540.937 376.318 568.965 347.206 629.148 295.144 
541.836 376.665 570.523 350.036 632.68 301.912 
542.971 376.806 573.126 355.224 637.962 313.949 
543.518 376.908 574.125 357.481 639.984 319.186 
544.248 377.117 575.492 361.243 642.904 327.507 
545.484 377.475 577.593 367.632 647.217 341.911 
546.239 377.528 578.421 370.1 648.693 347.893 
546.92 377.85 579.516 373.966 650.671 356.953 
548.141 378.697 581.39 380.643 653.37 372.537 
548.663 378.942 581.997 383.321 654.252 378.728 
549.486 379.289 582.64 387.251 655.278 387.915 
550.755 380.2 583.759 393.82 656.24 403.423 
551.303 380.65 583.976 396.549 656.302 409.463 
551.925 381.258 584.22 400.666 656.007 418.436 
552.863 382.589 584.593 407.356 654.558 433.789 
553.237 383.077 584.398 410.476 653.646 439.874 
553.633 383.838 584.195 414.595 651.903 449.281 
554.307 385.194 583.413 421.393 648.396 464.123 
554.45 385.814 583.127 424.017 646.767 469.883 
554.7 386.605 582.442 427.858 644.112 477.922 
554.875 388.004 581.269 433.82 639.135 491.098 
554.948 388.552 580.836 436.127 636.716 495.977 
555.07 389.426 579.75 439.704 633.471 503.192 
555.163 390.888 577.878 445.372 627.563 514.486 
555.14 391.456 577.113 447.625 624.932 518.68 
555.151 392.255 575.849 450.665 621.07 524.808 
555.174 393.577 573.517 455.704 614.526 533.997 
555.134 394.066 572.739 457.602 611.89 537.419 
555.029 394.873 571.232 460.366 607.907 542.274 
554.813 396.219 568.467 464.776 601.237 549.479 
554.672 396.704 567.501 466.345 598.508 552.085 
554.329 397.321 566.187 468.403 594.589 555.538 
554.073 398.121 563.868 471.371 588.51 560.357 
553.96 398.368 562.809 472.502 586.337 561.945 
553.887 398.666 561.207 474.028 583.223 563.971 
553.719 399.1 559.321 476.008 578.579 566.783 
553.654 399.54 558.838 476.748 577.115 567.586 
553.531 399.869 558.41 477.514 575.318 568.595 
553.584 400.047 557.914 478.578 573.124 569.631 
553.605 400.085 557.776 478.895 572.55 570.009 
553.717 400.104 557.716 479.14 571.956 570.168 
