0.607047 -0.992623 -0.515568 0.700165 -0.829065 -0.331623 0.848473 -0.626179 -0.149377 
0.606927 -0.994575 -0.516468 0.702773 -0.83665 -0.329786 0.856084 -0.640852 -0.142993 
0.606752 -0.997859 -0.518087 0.706391 -0.848604 -0.326584 0.866326 -0.664633 -0.132939 
0.607145 -1.00367 -0.52123 0.712058 -0.869505 -0.321974 0.883032 -0.706339 -0.117996 
0.607379 -1.00614 -0.522318 0.71404 -0.878462 -0.32052 0.889485 -0.724297 -0.11253 
0.607766 -1.01002 -0.52405 0.717551 -0.892464 -0.318267 0.898369 -0.752537 -0.10422 
0.608848 -1.01712 -0.527796 0.722666 -0.91809 -0.315298 0.912045 -0.803966 -0.0933051 
0.609326 -1.02018 -0.529635 0.725164 -0.928857 -0.315636 0.91693 -0.826065 -0.0893383 
0.610166 -1.02483 -0.532379 0.727738 -0.94641 -0.314599 0.924314 -0.86003 -0.0856794 
0.611464 -1.03262 -0.53757 0.731882 -0.974279 -0.316839 0.933916 -0.919491 -0.0818807 
0.611912 -1.0358 -0.53978 0.733163 -0.985849 -0.317826 0.937576 -0.943016 -0.0825455 
0.612526 -1.04025 -0.543329 0.734728 -1.00321 -0.320544 0.942079 -0.979218 -0.0849132 
0.613028 -1.04725 -0.549275 0.736942 -1.03132 -0.327434 0.947017 -1.03911 -0.0919565 
0.613343 -1.04977 -0.551639 0.736999 -1.04267 -0.329792 0.948274 -1.06302 -0.0964031 
0.613586 -1.05366 -0.555528 0.736983 -1.05899 -0.334995 0.949049 -1.09793 -0.104303 
0.613648 -1.05975 -0.563097 0.73608 -1.08547 -0.345106 0.947765 -1.1549 -0.121266 
0.613692 -1.06174 -0.565934 0.73517 -1.096 -0.349768 0.945994 -1.17712 -0.12889 
0.612823 -1.06488 -0.575109 0.732955 -1.11135 -0.357327 0.942267 -1.20994 -0.141626 
0.611476 -1.06958 -0.583513 0.730995 -1.13548 -0.372585 0.932632 -1.26309 -0.166386 
0.610997 -1.07115 -0.58711 0.729875 -1.14522 -0.378605 0.926919 -1.28393 -0.176243 
0.609332 -1.07391 -0.59198 0.722132 -1.15968 -0.388163 0.917692 -1.31422 -0.192815 
0.607546 -1.07659 -0.600271 0.715357 -1.18139 -0.405656 0.899771 -1.36126 -0.223075 
0.606883 -1.07755 -0.604536 0.712091 -1.18918 -0.413244 0.891606 -1.37851 -0.235488 
0.605352 -1.0789 -0.610713 0.707002 -1.19982 -0.424728 0.87915 -1.40343 -0.252515 
0.602511 -1.08108 -0.620744 0.697397 -1.21616 -0.444157 0.856235 -1.43929 -0.28423 
0.601501 -1.08143 -0.625135 0.693001 -1.22182 -0.452349 0.846783 -1.45204 -0.296982 
0.599437 -1.08186 -0.631505 0.686276 -1.22981 -0.464007 0.83219 -1.46996 -0.317142 
0.597561 -1.08101 -0.641505 0.674094 -1.24124 -0.483033 0.80626 -1.49609 -0.348547 
0.596182 -1.08088 -0.645769 0.669041 -1.24519 -0.489983 0.796004 -1.50538 -0.36133 
0.59414 -1.07987 -0.65187 0.661232 -1.25043 -0.50127 0.780429 -1.51795 -0.379592 
0.591672 -1.07672 -0.661107 0.64842 -1.25769 -0.518631 0.755784 -1.53481 -0.409946 
0.590237 -1.07617 -0.664784 0.643607 -1.2597 -0.526075 0.74565 -1.54078 -0.421062 
0.587583 -1.07513 -0.670315 0.634865 -1.26363 -0.534679 0.730689 -1.54916 -0.435789 
0.582435 -1.07403 -0.678791 0.621539 -1.26811 -0.54755 0.703713 -1.56013 -0.456748 
0.58124 -1.07308 -0.679001 0.616063 -1.26926 -0.552527 0.694502 -1.56379 -0.46535 
0.578071 -1.072 -0.682269 0.607484 -1.2713 -0.561184 0.682994 -1.56763 -0.481389 
0.572573 -1.07074 -0.689032 0.59493 -1.2733 -0.574019 0.660319 -1.57396 -0.501641 
0.570524 -1.07009 -0.691903 0.589673 -1.27338 -0.577966 0.650807 -1.57584 -0.508766 
0.567356 -1.06954 -0.695865 0.581803 -1.27353 -0.584422 0.635046 -1.57906 -0.51688 
0.564036 -1.06606 -0.695509 0.568873 -1.27349 -0.594811 0.613172 -1.5817 -0.53374 
0.560257 -1.06648 -0.703396 0.563932 -1.27354 -0.598757 0.604858 -1.5824 -0.53963 
0.559501 -1.06399 -0.700651 0.557255 -1.27305 -0.604315 0.592299 -1.58319 -0.548544 
0.555427 -1.06159 -0.704695 0.546821 -1.2713 -0.612043 0.576093 -1.58213 -0.562559 
0.553894 -1.0605 -0.705965 0.54257 -1.27045 -0.615866 0.566688 -1.58207 -0.563822 
0.551573 -1.05885 -0.707287 0.537406 -1.26915 -0.618638 0.557393 -1.58146 -0.568586 
0.54808 -1.05662 -0.708376 0.529951 -1.26678 -0.620766 0.544777 -1.57924 -0.571409 
0.547008 -1.05588 -0.708454 0.527699 -1.26608 -0.620934 0.540459 -1.57875 -0.571287 
0.545509 -1.05489 -0.708474 0.524904 -1.26454 -0.620634 0.537995 -1.5771 -0.572985 
0.543986 -1.05409 -0.707855 0.52177 -1.26342 -0.618539 0.531271 -1.57522 -0.567855 
0.543704 -1.05392 -0.707226 0.521346 -1.26301 -0.61719 0.527505 -1.57497 -0.562252 
0.543532 -1.05383 -0.706055 0.521304 -1.26242 -0.614364 0.529352 -1.57306 -0.559256 
0.543788 -1.05434 -0.703207 0.523058 -1.26169 -0.607639 0.529257 -1.57147 -0.545312 
0.544034 -1.05483 -0.701885 0.524113 -1.26147 -0.604351 0.531791 -1.5709 -0.538823 
0.544745 -1.0554 -0.699562 0.526971 -1.26124 -0.598957 0.540296 -1.56932 -0.532252 
0.546458 -1.05679 -0.695088 0.534041 -1.26079 -0.588812 0.550404 -1.56704 -0.512185 
0.547312 -1.05734 -0.693097 0.537437 -1.26058 -0.584281 0.5574 -1.56601 -0.504209 
0.546859 -1.05932 -0.695248 0.543837 -1.2599 -0.57535 0.571197 -1.56358 -0.494873 
0.549007 -1.06151 -0.688938 0.554721 -1.2593 -0.562136 0.589538 -1.55933 -0.470387 
0.550211 -1.06227 -0.686995 0.55972 -1.25849 -0.556725 0.601751 -1.55648 -0.463562 
0.552827 -1.06367 -0.684227 0.56746 -1.25743 -0.549255 0.615919 -1.55229 -0.44896 
0.553673 -1.06701 -0.677845 0.580712 -1.25476 -0.532867 0.640289 -1.54404 -0.424013 
0.555 -1.06825 -0.674582 0.586147 -1.2533 -0.527158 0.650703 -1.54076 -0.413374 
0.557266 -1.06986 -0.66926 0.594545 -1.25106 -0.517196 0.663282 -1.53392 -0.395218 
0.561267 -1.07133 -0.661407 0.607811 -1.24538 -0.500349 0.692878 -1.51907 -0.369135 
0.562638 -1.07202 -0.658252 0.613252 -1.24285 -0.493361 0.703399 -1.51263 -0.357878 
0.565047 -1.07271 -0.653326 0.621816 -1.23823 -0.485535 0.718794 -1.50198 -0.340907 
0.56907 -1.07287 -0.646811 0.634619 -1.22889 -0.469689 0.744323 -1.4804 -0.312415 
0.570623 -1.07275 -0.643457 0.639761 -1.2247 -0.463622 0.754208 -1.47066 -0.302015 
0.57252 -1.07243 -0.639157 0.64708 -1.21789 -0.45381 0.768577 -1.45531 -0.28524 
0.574168 -1.07259 -0.631796 0.659018 -1.20493 -0.438005 0.791722 -1.42716 -0.256968 
0.575322 -1.07232 -0.628495 0.664046 -1.19989 -0.430891 0.800567 -1.41473 -0.248008 
0.577361 -1.0719 -0.623085 0.67041 -1.19108 -0.422763 0.813777 -1.39568 -0.231133 
0.580992 -1.07097 -0.614565 0.682007 -1.17564 -0.407349 0.835514 -1.36154 -0.205438 
0.582433 -1.0704 -0.611476 0.686841 -1.16921 -0.40163 0.843823 -1.34679 -0.195429 
0.584288 -1.06947 -0.606927 0.693363 -1.15875 -0.393876 0.856395 -1.32326 -0.181253 
0.587394 -1.06786 -0.598279 0.704113 -1.13928 -0.380712 0.877048 -1.28089 -0.15949 
0.588962 -1.06688 -0.595289 0.708039 -1.13099 -0.375293 0.885008 -1.26215 -0.151138 
0.59145 -1.06588 -0.589941 0.713885 -1.11774 -0.367976 0.896695 -1.23319 -0.139286 
0.596158 -1.06263 -0.581377 0.726223 -1.09268 -0.356599 0.915076 -1.17932 -0.121356 
0.598145 -1.06126 -0.577514 0.730516 -1.08288 -0.3518 0.921592 -1.15612 -0.114823 
0.60118 -1.05934 -0.570591 0.735581 -1.06612 -0.34491 0.930445 -1.11997 -0.105668 
0.60681 -1.05482 -0.559089 0.741158 -1.03753 -0.33466 0.942363 -1.05512 -0.0935305 
0.607932 -1.05389 -0.556744 0.742465 -1.03148 -0.332575 0.943949 -1.04242 -0.0914138 
0.61283 -1.0495 -0.547331 0.746987 -1.00672 -0.325977 0.949508 -0.988452 -0.0856678 
0.61933 -1.04278 -0.536026 0.752688 -0.976564 -0.319196 0.951648 -0.923367 -0.0822366 
0.620394 -1.0415 -0.533863 0.753467 -0.970241 -0.31827 0.951391 -0.910348 -0.0820439 
0.624606 -1.03552 -0.526248 0.755562 -0.9465 -0.314735 0.94908 -0.860368 -0.0840038 
0.629139 -1.02761 -0.517715 0.755736 -0.915477 -0.313975 0.942485 -0.800003 -0.0906169 
0.629831 -1.02601 -0.516151 0.755177 -0.909616 -0.313489 0.940404 -0.788309 -0.0922596 
0.632413 -1.01964 -0.51061 0.753598 -0.886576 -0.314448 0.932044 -0.74342 -0.100454 
0.634901 -1.01263 -0.505197 0.749647 -0.860027 -0.316255 0.917088 -0.691112 -0.114629 
0.635286 -1.0116 -0.504278 0.748978 -0.854675 -0.31787 0.913888 -0.680383 -0.118625 
0.636633 -1.00744 -0.501413 0.743643 -0.835502 -0.322093 0.898226 -0.640799 -0.134333 
0.63875 -1.00276 -0.498245 0.735932 -0.812649 -0.329359 0.874853 -0.594584 -0.156794 
0.639043 -1.00176 -0.497669 0.733819 -0.808234 -0.33063 0.869824 -0.585102 -0.161855 
0.639988 -0.997825 -0.4955 0.725801 -0.791233 -0.336993 0.847706 -0.550924 -0.182713 
0.639794 -0.9932 -0.493236 0.714081 -0.771062 -0.346765 0.816287 -0.512186 -0.21141 
0.639719 -0.992521 -0.492629 0.711688 -0.767558 -0.348902 0.809821 -0.505117 -0.217622 
0.639027 -0.989746 -0.491101 0.70015 -0.753515 -0.357276 0.782088 -0.47785 -0.244461 
0.638291 -0.987318 -0.489132 0.684083 -0.738319 -0.367915 0.745608 -0.449163 -0.279303 
0.638103 -0.98696 -0.488657 0.680222 -0.73571 -0.36985 0.738319 -0.444174 -0.28632 
0.63757 -0.986297 -0.486912 0.667237 -0.726626 -0.379087 0.709586 -0.427863 -0.314612 
0.638409 -0.986805 -0.484249 0.653088 -0.718397 -0.391016 0.674458 -0.413911 -0.348947 
0.638864 -0.986969 -0.483731 0.650159 -0.717434 -0.392988 0.667834 -0.411636 -0.355303 
0.641038 -0.987553 -0.481468 0.64167 -0.713264 -0.401448 0.644122 -0.405776 -0.379161 
0.643333 -0.98787 -0.478736 0.633388 -0.710065 -0.409272 0.622046 -0.401898 -0.402391 
0.643791 -0.987768 -0.478378 0.631692 -0.709663 -0.410391 0.618623 -0.401784 -0.405873 
0.644428 -0.987294 -0.477225 0.628224 -0.7082 -0.414346 0.610138 -0.399919 -0.416823 
0.643815 -0.986849 -0.477008 0.626637 -0.707133 -0.416531 0.606676 -0.399772 -0.421367 
0.643587 -0.986772 -0.477186 0.626748 -0.707057 -0.416699 0.606998 -0.399693 -0.421398 
0.642343 -0.986339 -0.477899 0.628469 -0.706822 -0.417128 0.611201 -0.399375 -0.419518 
0.641084 -0.986511 -0.478986 0.63204 -0.707314 -0.41598 0.620322 -0.400146 -0.413081 
0.640852 -0.986498 -0.47922 0.632985 -0.707373 -0.415775 0.622437 -0.400224 -0.411235 
0.640259 -0.986329 -0.479923 0.637734 -0.70769 -0.413783 0.632124 -0.400862 -0.403456 
0.639861 -0.986068 -0.480764 0.644417 -0.709281 -0.409459 0.646065 -0.402714 -0.390925 
0.639709 -0.985965 -0.480936 0.646126 -0.709683 -0.408262 0.64918 -0.403029 -0.387791 
0.639106 -0.985256 -0.481524 0.652618 -0.711651 -0.402436 0.663211 -0.405859 -0.373238 
0.637774 -0.984618 -0.482927 0.663766 -0.715649 -0.394348 0.6849 -0.413072 -0.347698 
0.637472 -0.984517 -0.48334 0.666421 -0.717234 -0.392165 0.689885 -0.415333 -0.341657 
0.636263 -0.983944 -0.485727 0.676999 -0.723647 -0.383845 0.711744 -0.427093 -0.314967 
0.633647 -0.984167 -0.488889 0.690345 -0.73601 -0.371265 0.743423 -0.449473 -0.276735 
0.633057 -0.984266 -0.489518 0.693449 -0.739165 -0.368729 0.749972 -0.45499 -0.268739 
0.63156 -0.986225 -0.492719 0.704043 -0.753735 -0.357399 0.776983 -0.481705 -0.237583 
0.629601 -0.990413 -0.496335 0.716458 -0.776087 -0.34376 0.809982 -0.523213 -0.199326 
0.629331 -0.991688 -0.497257 0.718784 -0.781058 -0.341283 0.816525 -0.532169 -0.192309 
0.628033 -0.995934 -0.500546 0.727212 -0.802065 -0.331055 0.842055 -0.571688 -0.165413 
0.627023 -1.00204 -0.505374 0.737748 -0.830541 -0.321776 0.871868 -0.625852 -0.137036 
0.626865 -1.00338 -0.506342 0.739433 -0.836439 -0.31988 0.8772 -0.63747 -0.131832 
0.625791 -1.00821 -0.510334 0.746137 -0.86038 -0.315049 0.897882 -0.684927 -0.114187 
0.624143 -1.01448 -0.516195 0.752564 -0.890361 -0.311678 0.920234 -0.744998 -0.0992451 
0.623969 -1.01578 -0.517676 0.75372 -0.896254 -0.311293 0.924536 -0.756904 -0.0976082 
0.622474 -1.02085 -0.522808 0.75694 -0.919834 -0.311105 0.937988 -0.805276 -0.0900866 
0.621368 -1.02709 -0.530311 0.760474 -0.949272 -0.31214 0.951392 -0.864592 -0.0857579 
0.621156 -1.02818 -0.531725 0.761064 -0.9549 -0.312819 0.953329 -0.876181 -0.0852056 
0.620775 -1.03279 -0.538099 0.762667 -0.976901 -0.316145 0.960091 -0.923233 -0.0848186 
0.619968 -1.03705 -0.546526 0.762786 -1.00478 -0.32025 0.964513 -0.981054 -0.087387 
0.619825 -1.03791 -0.548348 0.762752 -1.0095 -0.322256 0.964946 -0.99275 -0.0884002 
0.618589 -1.0404 -0.555563 0.761966 -1.03187 -0.327096 0.964637 -1.03868 -0.0934717 
0.616926 -1.04229 -0.563399 0.758365 -1.05825 -0.335854 0.960805 -1.0951 -0.10383 
0.616583 -1.04268 -0.564949 0.757832 -1.06334 -0.338293 0.959151 -1.10683 -0.106032 
0.615522 -1.04496 -0.571286 0.753839 -1.08412 -0.346382 0.952421 -1.15105 -0.117745 
0.613782 -1.04685 -0.579897 0.750008 -1.10903 -0.360091 0.939892 -1.20571 -0.135607 
0.613454 -1.04726 -0.58148 0.748276 -1.11406 -0.362617 0.937222 -1.21667 -0.140135 
0.61333 -1.04761 -0.587243 0.741222 -1.13411 -0.374792 0.923943 -1.26021 -0.158933 
0.612274 -1.04949 -0.595707 0.726657 -1.15908 -0.391583 0.902795 -1.31431 -0.185938 
0.611723 -1.04971 -0.597433 0.724593 -1.16401 -0.394399 0.898448 -1.32451 -0.192073 
0.610177 -1.05161 -0.604185 0.714809 -1.18187 -0.410636 0.878565 -1.36451 -0.217818 
0.607165 -1.05508 -0.613625 0.702767 -1.20254 -0.4306 0.852832 -1.40999 -0.251138 
0.606583 -1.05567 -0.616052 0.700021 -1.2059 -0.435302 0.84745 -1.41817 -0.259195 
0.604854 -1.05728 -0.623357 0.689635 -1.21963 -0.452638 0.825011 -1.44932 -0.288191 
0.602557 -1.05971 -0.633964 0.676817 -1.23443 -0.472879 0.797198 -1.4821 -0.323688 
0.602217 -1.0601 -0.635749 0.674486 -1.23712 -0.477078 0.791799 -1.4876 -0.331797 
0.600666 -1.06162 -0.644039 0.664281 -1.24645 -0.494015 0.77013 -1.50871 -0.358565 
0.598784 -1.06284 -0.653468 0.651844 -1.25611 -0.512204 0.744871 -1.52948 -0.391045 
0.5983 -1.0629 -0.65531 0.649136 -1.25761 -0.516189 0.740217 -1.53269 -0.397391 
0.596268 -1.06305 -0.661706 0.639071 -1.26259 -0.52751 0.721696 -1.54472 -0.420386 
0.59269 -1.06316 -0.669205 0.626848 -1.26686 -0.542288 0.696556 -1.55619 -0.441318 
0.591988 -1.06318 -0.670399 0.624312 -1.26739 -0.544874 0.692671 -1.5579 -0.446045 
0.588619 -1.06291 -0.676021 0.615692 -1.26974 -0.553732 0.679721 -1.56288 -0.464166 
0.585844 -1.06269 -0.680087 0.609048 -1.27065 -0.561599 0.665645 -1.56624 -0.471327 
0.582988 -1.06073 -0.68391 0.598099 -1.27152 -0.571232 0.64763 -1.57022 -0.485965 
0.580765 -1.06 -0.684308 0.594834 -1.2724 -0.575015 0.640701 -1.57141 -0.491636 
0.578596 -1.05916 -0.686625 0.588849 -1.27262 -0.580245 0.631001 -1.57321 -0.500312 
0.575727 -1.05847 -0.690328 0.580247 -1.27344 -0.588821 0.616061 -1.57608 -0.512586 
0.574763 -1.05816 -0.691203 0.577395 -1.273 -0.590541 0.610696 -1.57681 -0.517046 
0.573238 -1.05766 -0.692338 0.573522 -1.27313 -0.593315 0.605834 -1.57761 -0.525496 
0.570665 -1.05641 -0.693606 0.568987 -1.27249 -0.596624 0.594731 -1.57773 -0.527838 
0.56979 -1.0561 -0.693813 0.567333 -1.27228 -0.59731 0.592567 -1.57719 -0.529581 
0.568539 -1.05559 -0.693858 0.565248 -1.2715 -0.597261 0.592751 -1.57644 -0.531264 
0.5669 -1.05484 -0.693731 0.562651 -1.27038 -0.596249 0.587919 -1.57586 -0.525268 
0.566549 -1.05435 -0.69327 0.562199 -1.26992 -0.595336 0.5905 -1.57485 -0.526328 
0.566168 -1.05405 -0.692764 0.562031 -1.26935 -0.593513 0.589503 -1.57355 -0.522573 
0.56615 -1.05389 -0.690965 0.562535 -1.26858 -0.590028 0.586385 -1.57255 -0.513749 
0.566234 -1.05392 -0.690045 0.563202 -1.26823 -0.587846 0.587351 -1.57173 -0.510319 
0.566516 -1.05396 -0.688623 0.564694 -1.26766 -0.584758 0.589434 -1.57019 -0.505389 
0.566782 -1.05417 -0.685791 0.568679 -1.26639 -0.577148 0.600479 -1.56649 -0.494765 
0.566875 -1.0544 -0.684146 0.571274 -1.26569 -0.573862 0.602554 -1.56521 -0.485864 
0.566766 -1.05462 -0.681285 0.574736 -1.26411 -0.567025 0.611248 -1.56183 -0.475908 
0.566492 -1.05491 -0.675849 0.583679 -1.26137 -0.554338 0.633674 -1.55418 -0.4568 
0.567429 -1.0555 -0.674582 0.587435 -1.25975 -0.547943 0.642557 -1.55078 -0.446859 
0.565627 -1.05701 -0.672201 0.593498 -1.25706 -0.537841 0.653982 -1.54519 -0.428777 
0.567292 -1.05727 -0.665249 0.605316 -1.25175 -0.521784 0.681858 -1.53227 -0.406328 
0.568247 -1.05724 -0.662131 0.610211 -1.24939 -0.515475 0.691063 -1.52697 -0.395955 
0.570016 -1.05774 -0.657508 0.617425 -1.24571 -0.505571 0.705484 -1.51841 -0.379793 
0.573939 -1.05798 -0.650422 0.629693 -1.23826 -0.491423 0.729275 -1.50162 -0.352765 
0.575477 -1.05815 -0.64804 0.634628 -1.23471 -0.485781 0.738516 -1.49443 -0.341681 
0.578005 -1.0582 -0.643805 0.6419 -1.22995 -0.476021 0.752652 -1.48213 -0.325702 
0.581995 -1.05774 -0.637352 0.653755 -1.21947 -0.460887 0.775582 -1.45974 -0.299741 
0.583328 -1.05742 -0.634758 0.658259 -1.21482 -0.455244 0.784114 -1.45001 -0.288654 
0.585301 -1.05729 -0.6311 0.665421 -1.20815 -0.446123 0.798245 -1.43438 -0.273415 
0.588777 -1.05717 -0.624431 0.6768 -1.19584 -0.430673 0.819365 -1.40614 -0.248144 
0.590259 -1.05717 -0.621112 0.681102 -1.19047 -0.424656 0.828325 -1.39366 -0.238271 
0.592355 -1.0569 -0.616392 0.687568 -1.18196 -0.415236 0.840866 -1.37512 -0.222771 
0.594872 -1.05743 -0.609011 0.698504 -1.16633 -0.400664 0.862337 -1.34056 -0.198821 
0.595893 -1.05726 -0.605091 0.702724 -1.15998 -0.394372 0.870271 -1.32662 -0.188832 
0.59853 -1.05705 -0.599152 0.708859 -1.15005 -0.384129 0.882248 -1.30503 -0.174893 
0.603613 -1.05492 -0.588309 0.718724 -1.13235 -0.369626 0.900162 -1.26802 -0.153572 
0.605475 -1.05428 -0.58461 0.722583 -1.1252 -0.363967 0.906474 -1.25347 -0.145823 
0.608115 -1.05372 -0.579295 0.727608 -1.11502 -0.355777 0.915177 -1.23129 -0.134761 
0.612411 -1.05244 -0.570977 0.73471 -1.09772 -0.344589 0.927643 -1.19509 -0.118664 
0.613921 -1.05183 -0.56819 0.737113 -1.09062 -0.339901 0.931785 -1.18012 -0.112754 
0.616159 -1.0509 -0.563837 0.74059 -1.08006 -0.334302 0.937529 -1.15714 -0.104683 
0.619674 -1.04998 -0.558114 0.745538 -1.06091 -0.326584 0.945193 -1.11664 -0.0930706 
0.621089 -1.04941 -0.555725 0.747076 -1.05243 -0.323959 0.94802 -1.09835 -0.0892752 
0.623183 -1.04768 -0.551323 0.749008 -1.03945 -0.319313 0.950589 -1.0705 -0.0829813 
0.626336 -1.04489 -0.544514 0.750911 -1.01546 -0.311882 0.953516 -1.0185 -0.0754978 
0.627711 -1.04351 -0.541368 0.751378 -1.00516 -0.309712 0.953092 -0.996459 -0.0724582 
0.62974 -1.04111 -0.537093 0.750913 -0.988384 -0.306675 0.952182 -0.961382 -0.0698607 
0.632766 -1.03521 -0.529495 0.748367 -0.958763 -0.301228 0.947697 -0.898739 -0.0698773 
0.633787 -1.0321 -0.526813 0.746682 -0.946211 -0.299964 0.944295 -0.87289 -0.0710846 
0.635236 -1.02793 -0.521879 0.743597 -0.926835 -0.298759 0.937494 -0.833475 -0.0742604 
0.636947 -1.02042 -0.514641 0.737143 -0.894999 -0.298947 0.921633 -0.768852 -0.0831535 
0.637293 -1.01769 -0.511644 0.733757 -0.882709 -0.299408 0.913964 -0.7439 -0.0881259 
0.637776 -1.01375 -0.508103 0.728844 -0.865678 -0.300185 0.90221 -0.70849 -0.0971704 
0.639197 -1.00745 -0.502493 0.72193 -0.839524 -0.305636 0.882062 -0.65677 -0.113963 
0.639439 -1.00549 -0.500891 0.719762 -0.83083 -0.307579 0.87391 -0.638986 -0.120977 
0.639407 -1.00283 -0.498499 0.7158 -0.81836 -0.311431 0.862146 -0.614301 -0.132758 
0.638861 -0.998447 -0.495566 0.708758 -0.799188 -0.318964 0.843625 -0.577554 -0.154149 
0.638339 -0.996783 -0.49467 0.706067 -0.792246 -0.322337 0.836606 -0.564148 -0.163161 
0.637666 -0.993734 -0.493362 0.701765 -0.781683 -0.327764 0.825601 -0.545081 -0.176873 
0.636132 -0.989396 -0.491336 0.695102 -0.76593 -0.337936 0.807485 -0.516234 -0.201235 
0.635628 -0.987833 -0.490889 0.691676 -0.760537 -0.341397 0.80001 -0.505455 -0.211006 
0.635146 -0.985406 -0.490012 0.685478 -0.751623 -0.34713 0.78962 -0.490589 -0.226182 
0.633688 -0.981625 -0.489366 0.675544 -0.739919 -0.356161 0.7717 -0.470824 -0.248841 
0.63297 -0.980548 -0.48924 0.671691 -0.735978 -0.359465 0.765203 -0.463455 -0.25779 
0.631821 -0.978928 -0.488999 0.666734 -0.730855 -0.364256 0.755181 -0.45412 -0.270597 
0.630128 -0.977277 -0.4888 0.659304 -0.723634 -0.37218 0.738631 -0.440593 -0.291036 
0.629955 -0.976886 -0.488693 0.65694 -0.721206 -0.375283 0.732009 -0.435612 -0.298736 
0.629971 -0.976391 -0.488372 0.653267 -0.717555 -0.379681 0.722255 -0.42875 -0.31075 
0.630258 -0.975552 -0.48749 0.646441 -0.712228 -0.386532 0.706099 -0.418437 -0.330705 
0.630388 -0.975342 -0.487115 0.643981 -0.710467 -0.389257 0.699589 -0.415004 -0.338854 
0.630646 -0.975319 -0.48638 0.639697 -0.707549 -0.393584 0.689753 -0.410029 -0.350919 
0.631046 -0.975343 -0.485087 0.632394 -0.703687 -0.399874 0.67366 -0.403506 -0.370111 
0.631246 -0.975376 -0.48469 0.629999 -0.702838 -0.402381 0.667781 -0.401023 -0.377326 
0.631615 -0.975644 -0.483946 0.626692 -0.701618 -0.405439 0.659305 -0.398657 -0.386739 
0.632425 -0.975972 -0.483118 0.621964 -0.699899 -0.410144 0.648274 -0.396043 -0.400363 
0.632623 -0.976149 -0.482876 0.620555 -0.699444 -0.411543 0.645121 -0.395061 -0.40414 
0.632946 -0.976369 -0.482636 0.619453 -0.699012 -0.413188 0.641787 -0.394432 -0.407996 
0.633719 -0.975841 -0.48331 0.619705 -0.699031 -0.413819 0.639904 -0.394731 -0.408716 
0.633842 -0.975875 -0.483276 0.620498 -0.699104 -0.413593 0.640811 -0.394637 -0.407201 
0.63398 -0.975931 -0.483359 0.622545 -0.699299 -0.412664 0.643585 -0.395344 -0.403043 
0.633896 -0.976125 -0.483689 0.626769 -0.700969 -0.40931 0.651524 -0.39755 -0.392353 
0.633458 -0.975906 -0.484206 0.628601 -0.701656 -0.407689 0.655372 -0.398764 -0.386919 
0.632944 -0.976957 -0.483643 0.631821 -0.702446 -0.405448 0.6628 -0.400605 -0.378586 
0.632295 -0.976449 -0.485046 0.637169 -0.704666 -0.401001 0.675734 -0.404543 -0.363417 
0.631907 -0.976156 -0.485445 0.639586 -0.705156 -0.399914 0.68119 -0.406355 -0.357703 
0.631443 -0.975533 -0.485956 0.642591 -0.70608 -0.397224 0.690128 -0.408973 -0.349979 
0.630822 -0.974758 -0.486894 0.648183 -0.709031 -0.39126 0.705645 -0.415039 -0.336048 
0.630583 -0.974684 -0.487218 0.651035 -0.710465 -0.388923 0.712691 -0.417969 -0.329765 
0.63013 -0.974746 -0.487914 0.655497 -0.714075 -0.383904 0.724288 -0.424342 -0.318584 
0.628535 -0.975258 -0.490212 0.664885 -0.721833 -0.375942 0.747181 -0.439753 -0.295845 
0.627634 -0.975568 -0.49131 0.668657 -0.726263 -0.372082 0.757566 -0.44767 -0.285348 
0.626333 -0.976504 -0.492788 0.673731 -0.733543 -0.365849 0.773975 -0.462993 -0.268125 
0.624829 -0.978802 -0.495751 0.682118 -0.749738 -0.354181 0.804109 -0.496051 -0.237809 
0.624016 -0.980325 -0.497151 0.68555 -0.757504 -0.349218 0.816918 -0.511626 -0.225906 
0.623466 -0.983106 -0.499188 0.690296 -0.770705 -0.341295 0.835888 -0.538411 -0.208141 
0.622629 -0.989002 -0.503663 0.699709 -0.796267 -0.329334 0.867578 -0.589958 -0.179822 
0.622325 -0.991664 -0.505453 0.703284 -0.807577 -0.324843 0.879082 -0.613487 -0.16826 
0.621903 -0.995809 -0.508103 0.70892 -0.825181 -0.319434 0.896038 -0.650381 -0.152728 
0.621485 -1.00293 -0.51327 0.717717 -0.857058 -0.311267 0.921315 -0.716232 -0.131359 
0.621518 -1.00614 -0.51566 0.720954 -0.870299 -0.309081 0.929765 -0.743465 -0.124498 
0.621277 -1.01071 -0.519604 0.725753 -0.891458 -0.306196 0.940959 -0.785264 -0.115269 
0.621139 -1.01857 -0.527251 0.73262 -0.928026 -0.303863 0.954063 -0.856232 -0.10448 
0.621116 -1.02155 -0.531035 0.734613 -0.942258 -0.304618 0.957659 -0.883751 -0.101894 
0.620513 -1.02533 -0.536636 0.736806 -0.963295 -0.306883 0.961475 -0.924688 -0.100412 
0.619771 -1.03113 -0.545574 0.73806 -0.996051 -0.312739 0.962553 -0.990899 -0.100754 
0.619438 -1.03324 -0.549491 0.738235 -1.00894 -0.316035 0.961656 -1.01617 -0.102357 
0.619145 -1.03631 -0.55469 0.737774 -1.02785 -0.321568 0.958845 -1.05326 -0.106157 
0.618781 -1.04139 -0.563065 0.73927 -1.05729 -0.332675 0.950439 -1.11183 -0.114906 
0.618765 -1.04306 -0.567023 0.737627 -1.06801 -0.33806 0.946109 -1.13407 -0.11979 
0.617978 -1.04517 -0.57107 0.735998 -1.08379 -0.344651 0.938734 -1.16575 -0.127728 
0.61722 -1.04818 -0.579343 0.730343 -1.10742 -0.357682 0.92531 -1.21403 -0.143509 
0.617092 -1.04936 -0.582177 0.724191 -1.11713 -0.361469 0.919314 -1.2316 -0.150457 
0.616572 -1.05059 -0.586915 0.720624 -1.12886 -0.369727 0.909336 -1.25779 -0.160749 
0.61497 -1.05252 -0.594458 0.713067 -1.14783 -0.382912 0.891797 -1.29807 -0.179766 
0.613988 -1.05318 -0.598085 0.709696 -1.15499 -0.388736 0.884575 -1.31317 -0.187629 
0.61325 -1.05451 -0.602492 0.704443 -1.16539 -0.396977 0.873116 -1.33499 -0.200025 
0.611273 -1.05622 -0.61129 0.695031 -1.18129 -0.412783 0.852055 -1.36976 -0.221238 
0.610193 -1.05691 -0.615007 0.691205 -1.18756 -0.419064 0.843178 -1.38294 -0.230122 
0.610104 -1.05674 -0.61948 0.685171 -1.19614 -0.428344 0.830145 -1.40159 -0.244554 
0.607825 -1.05764 -0.627954 0.674922 -1.20904 -0.444033 0.808599 -1.43033 -0.268489 
0.607468 -1.05771 -0.630813 0.670747 -1.21364 -0.450483 0.799389 -1.44116 -0.27817 
0.604541 -1.05925 -0.635339 0.664151 -1.22012 -0.460144 0.786638 -1.45599 -0.294096 
0.602048 -1.05936 -0.641859 0.653695 -1.23003 -0.474852 0.765321 -1.47889 -0.320728 
0.601163 -1.05937 -0.644245 0.649454 -1.23414 -0.480785 0.756858 -1.48729 -0.331414 
0.599799 -1.05958 -0.648349 0.643219 -1.23905 -0.490236 0.743806 -1.49923 -0.347829 
0.597886 -1.06015 -0.655357 0.633814 -1.24678 -0.506821 0.718683 -1.51737 -0.370432 
0.597197 -1.06058 -0.658518 0.630314 -1.24943 -0.512657 0.709935 -1.52362 -0.380676 
0.596595 -1.06134 -0.662664 0.624628 -1.25345 -0.521643 0.699465 -1.53148 -0.397767 
0.595715 -1.06224 -0.670078 0.617458 -1.25918 -0.536133 0.676083 -1.54359 -0.415833 
0.595591 -1.0626 -0.672489 0.615027 -1.26037 -0.539046 0.668865 -1.54739 -0.423235 
0.5951 -1.06302 -0.67626 0.609822 -1.26282 -0.546221 0.661909 -1.55133 -0.436456 
0.594524 -1.0636 -0.680013 0.602975 -1.26511 -0.554902 0.646225 -1.55739 -0.44787 
0.595695 -1.06303 -0.679852 0.600522 -1.26594 -0.557227 0.644289 -1.55892 -0.454679 
0.595656 -1.06265 -0.681069 0.597408 -1.26675 -0.560958 0.638724 -1.5611 -0.461541 
0.593503 -1.06206 -0.680971 0.592848 -1.26751 -0.564771 0.627929 -1.56387 -0.465231 
0.593115 -1.06187 -0.681066 0.591491 -1.26781 -0.565561 0.628705 -1.56392 -0.470218 
0.59239 -1.06135 -0.681269 0.590203 -1.26791 -0.566296 0.622828 -1.56496 -0.469174 
0.591386 -1.06078 -0.681009 0.588516 -1.2679 -0.566748 0.619866 -1.56502 -0.469883 
0.590988 -1.06066 -0.680793 0.588192 -1.26764 -0.566583 0.619011 -1.56496 -0.468973 
0.590485 -1.06066 -0.680405 0.588229 -1.26783 -0.566121 0.621231 -1.56436 -0.470112 
0.589984 -1.06091 -0.679925 0.58839 -1.26764 -0.564897 0.621033 -1.56326 -0.467213 
0.58996 -1.06102 -0.679693 0.588513 -1.26758 -0.564616 0.618134 -1.56359 -0.463718 
0.59082 -1.06105 -0.679711 0.589113 -1.26786 -0.563886 0.618417 -1.56246 -0.460886 
0.59018 -1.06074 -0.678854 0.589291 -1.26718 -0.561521 0.618981 -1.56118 -0.457784 
0.590048 -1.06065 -0.678705 0.589164 -1.26633 -0.560336 0.619305 -1.56078 -0.45701 
0.5884 -1.06059 -0.677585 0.58918 -1.26585 -0.558773 0.62018 -1.56004 -0.453753 
0.588149 -1.06078 -0.676774 0.58966 -1.26561 -0.556438 0.624771 -1.55867 -0.451963 
0.589517 -1.06085 -0.676985 0.589781 -1.2655 -0.55587 0.625318 -1.55815 -0.450933 
0.589424 -1.06097 -0.676216 0.590841 -1.26507 -0.553412 0.625101 -1.55662 -0.444114 
0.589044 -1.06085 -0.674873 0.593862 -1.26393 -0.54956 0.63159 -1.55386 -0.436156 
0.588904 -1.06061 -0.674455 0.594214 -1.26334 -0.548401 0.633779 -1.55297 -0.434894 
0.588227 -1.06052 -0.672812 0.597946 -1.26156 -0.542793 0.641795 -1.54921 -0.426428 
0.58644 -1.06052 -0.671126 0.60361 -1.25835 -0.534429 0.658997 -1.5423 -0.416934 
0.586515 -1.06051 -0.670584 0.604817 -1.25754 -0.531965 0.65864 -1.5414 -0.411241 
0.587089 -1.06051 -0.668371 0.611445 -1.25481 -0.524756 0.675674 -1.53455 -0.401761 
0.588654 -1.0606 -0.664358 0.620043 -1.25102 -0.515426 0.693934 -1.52563 -0.385341 
0.58892 -1.06069 -0.663745 0.621896 -1.25027 -0.51342 0.694315 -1.52416 -0.378774 
0.590367 -1.06024 -0.660177 0.629135 -1.246 -0.506432 0.712817 -1.51424 -0.368386 
0.591917 -1.05975 -0.656761 0.637708 -1.24005 -0.495258 0.73125 -1.50095 -0.350421 
0.592198 -1.05956 -0.655874 0.639158 -1.23827 -0.493623 0.734952 -1.49813 -0.346428 
0.593498 -1.05938 -0.651605 0.645838 -1.23284 -0.483619 0.749036 -1.48589 -0.330445 
0.595201 -1.05933 -0.64682 0.653823 -1.22427 -0.471054 0.76681 -1.46762 -0.308165 
0.595547 -1.05925 -0.645892 0.65547 -1.22266 -0.467887 0.770844 -1.46333 -0.304125 
0.597472 -1.05946 -0.641616 0.662824 -1.21549 -0.457044 0.785499 -1.44636 -0.284778 
0.59947 -1.05948 -0.63625 0.672033 -1.20428 -0.442083 0.804682 -1.42019 -0.258979 
0.599807 -1.0596 -0.635259 0.673798 -1.20185 -0.438938 0.807952 -1.41433 -0.255399 
0.600719 -1.0604 -0.630701 0.680669 -1.19064 -0.428106 0.823141 -1.39026 -0.234719 
0.603359 -1.05975 -0.623513 0.689336 -1.17433 -0.412846 0.843046 -1.35471 -0.208458 
0.603873 -1.05961 -0.622241 0.691372 -1.17104 -0.408987 0.847244 -1.34687 -0.203769 
0.60609 -1.05873 -0.615356 0.698868 -1.1564 -0.39677 0.861929 -1.31466 -0.182686 
0.609426 -1.0559 -0.605244 0.708524 -1.13675 -0.38203 0.879566 -1.2705 -0.158225 
0.610404 -1.05571 -0.60347 0.710502 -1.13246 -0.379074 0.882958 -1.26144 -0.153541 
0.614065 -1.05437 -0.595774 0.718237 -1.11614 -0.368191 0.896018 -1.22434 -0.136084 
0.619183 -1.05299 -0.58675 0.727379 -1.09605 -0.35524 0.910318 -1.17948 -0.117199 
0.620017 -1.0526 -0.584675 0.728951 -1.09194 -0.352072 0.91295 -1.17043 -0.113971 
0.623669 -1.05215 -0.578251 0.734402 -1.07489 -0.3436 0.923295 -1.13313 -0.103023 
0.626952 -1.04974 -0.569825 0.740014 -1.05261 -0.333771 0.932978 -1.08662 -0.0923785 
0.62749 -1.04918 -0.568365 0.741225 -1.04807 -0.332116 0.934914 -1.07706 -0.0909195 
0.629521 -1.04642 -0.561901 0.744976 -1.02917 -0.326952 0.940866 -1.03716 -0.0860311 
0.632148 -1.04324 -0.554032 0.748607 -1.00486 -0.321379 0.945219 -0.987029 -0.0816397 
0.632588 -1.04241 -0.552516 0.749083 -0.999826 -0.3206 0.94589 -0.976768 -0.0813026 
0.63446 -1.03942 -0.546481 0.751488 -0.979993 -0.317465 0.946491 -0.935124 -0.0803813 
0.6373 -1.03523 -0.539368 0.752618 -0.953826 -0.314794 0.944643 -0.88084 -0.0828696 
0.63759 -1.03399 -0.53753 0.752593 -0.948338 -0.31452 0.943598 -0.869827 -0.0834929 
0.639675 -1.02861 -0.531983 0.752231 -0.926515 -0.313648 0.938611 -0.826879 -0.0874658 
0.642044 -1.02211 -0.52422 0.751558 -0.900265 -0.314081 0.929612 -0.775743 -0.0944502 
0.642476 -1.02082 -0.52289 0.751382 -0.895228 -0.314431 0.927444 -0.765969 -0.0961482 
0.643997 -1.0162 -0.517921 0.749652 -0.876614 -0.315281 0.917941 -0.728418 -0.103965 
0.645991 -1.01103 -0.513124 0.746942 -0.854177 -0.317974 0.904768 -0.683515 -0.116779 
0.646317 -1.00995 -0.511899 0.746024 -0.84967 -0.318356 0.901282 -0.675356 -0.118687 
0.648527 -1.00538 -0.508093 0.742998 -0.831972 -0.321052 0.888783 -0.640836 -0.130042 
0.650985 -0.999444 -0.502697 0.737221 -0.810251 -0.323762 0.869923 -0.598812 -0.146453 
0.65137 -0.998334 -0.501785 0.736219 -0.806082 -0.325186 0.865746 -0.590458 -0.150209 
0.653358 -0.994189 -0.497736 0.730007 -0.789682 -0.328999 0.846947 -0.558475 -0.165686 
0.655609 -0.990089 -0.492758 0.721553 -0.77053 -0.336293 0.820942 -0.521932 -0.188321 
0.655981 -0.989504 -0.491936 0.719471 -0.767138 -0.337661 0.815357 -0.515331 -0.192941 
0.657034 -0.986921 -0.488468 0.711856 -0.754219 -0.344275 0.793502 -0.490373 -0.212854 
0.65792 -0.983801 -0.48474 0.701375 -0.739622 -0.352824 0.766903 -0.463948 -0.238846 
0.657834 -0.983099 -0.484266 0.699664 -0.73705 -0.355116 0.761663 -0.459271 -0.24423 
0.657933 -0.980984 -0.482366 0.691043 -0.727306 -0.362603 0.741514 -0.442016 -0.266262 
0.657535 -0.97825 -0.480103 0.679276 -0.716928 -0.371537 0.71839 -0.424603 -0.293389 
0.657198 -0.977857 -0.479709 0.677391 -0.71533 -0.373554 0.71455 -0.421188 -0.299429 
0.656382 -0.974995 -0.479939 0.66968 -0.708502 -0.381779 0.696842 -0.411264 -0.319276 
0.656415 -0.973697 -0.478469 0.660734 -0.701805 -0.390631 0.676386 -0.400579 -0.34474 
0.656204 -0.973385 -0.478068 0.65902 -0.700759 -0.392198 0.67275 -0.39902 -0.349425 
0.656077 -0.972247 -0.476969 0.65311 -0.696431 -0.398091 0.658878 -0.392998 -0.36654 
0.655551 -0.97162 -0.475551 0.646611 -0.692666 -0.403478 0.645792 -0.387496 -0.386844 
0.655812 -0.971619 -0.475708 0.645869 -0.692138 -0.404522 0.64362 -0.386917 -0.390043 
0.65511 -0.971566 -0.474742 0.643759 -0.690149 -0.408521 0.638449 -0.38458 -0.401371 
0.655275 -0.971371 -0.473889 0.64376 -0.688704 -0.411301 0.63753 -0.382658 -0.410359 
0.655348 -0.971268 -0.473824 0.644066 -0.688488 -0.41145 0.638129 -0.382328 -0.41119 
0.655247 -0.970705 -0.473989 0.646092 -0.68782 -0.411261 0.643489 -0.381953 -0.410788 
0.654744 -0.970042 -0.474076 0.650431 -0.688556 -0.407702 0.655435 -0.382577 -0.401142 
0.654683 -0.969962 -0.474087 0.651792 -0.689052 -0.406497 0.658709 -0.383163 -0.398167 
0.654174 -0.96982 -0.474348 0.656481 -0.69174 -0.400145 0.674039 -0.386819 -0.380926 
0.652987 -0.970295 -0.475859 0.665975 -0.698422 -0.388145 0.700602 -0.397324 -0.349298 
0.652717 -0.970476 -0.476153 0.668571 -0.699925 -0.385684 0.707023 -0.400464 -0.342195 
0.651588 -0.972755 -0.476726 0.679884 -0.709398 -0.373846 0.735356 -0.416031 -0.310089 
0.650858 -0.975297 -0.479604 0.69671 -0.7253 -0.358128 0.77526 -0.44528 -0.265786 
0.650825 -0.976033 -0.480267 0.700499 -0.729305 -0.354991 0.783544 -0.452808 -0.256924 
0.650613 -0.979892 -0.483439 0.714813 -0.747393 -0.342004 0.816856 -0.486335 -0.222385 
0.650417 -0.98583 -0.487993 0.730316 -0.774843 -0.326228 0.857764 -0.538044 -0.182667 
0.650127 -0.987135 -0.488985 0.733155 -0.780755 -0.32337 0.865542 -0.549564 -0.175338 
0.64947 -0.993254 -0.492954 0.74459 -0.80665 -0.313524 0.895367 -0.597959 -0.149576 
0.648466 -1.00146 -0.499248 0.756114 -0.840213 -0.305352 0.925218 -0.663611 -0.122346 
0.648289 -1.00298 -0.500716 0.758437 -0.846926 -0.30477 0.930477 -0.677203 -0.117874 
0.64712 -1.00963 -0.506573 0.764591 -0.875232 -0.300801 0.948326 -0.731272 -0.103123 
0.644922 -1.01788 -0.515569 0.768575 -0.910906 -0.299567 0.964217 -0.800169 -0.0913878 
0.644452 -1.01961 -0.517328 0.769197 -0.918104 -0.300004 0.966076 -0.814365 -0.0890903 
0.642473 -1.02623 -0.525031 0.769338 -0.94819 -0.301339 0.972606 -0.870337 -0.084956 
0.639382 -1.03445 -0.535969 0.766258 -0.984696 -0.306049 0.974765 -0.942011 -0.0843196 
0.63877 -1.03591 -0.538577 0.76463 -0.991767 -0.307621 0.974484 -0.956185 -0.0849361 
0.63637 -1.0416 -0.547489 0.761292 -1.02023 -0.314543 0.969637 -1.01364 -0.0880916 
0.632786 -1.04781 -0.559182 0.754212 -1.05479 -0.326355 0.959605 -1.08351 -0.0979238 
0.632101 -1.04888 -0.561656 0.752881 -1.06125 -0.328555 0.956827 -1.09761 -0.100234 
0.628865 -1.05175 -0.570275 0.748937 -1.08674 -0.340919 0.945179 -1.15103 -0.11291 
0.626118 -1.05542 -0.581133 0.736392 -1.11717 -0.356155 0.926407 -1.21537 -0.131813 
0.62556 -1.05606 -0.582987 0.734781 -1.12273 -0.360063 0.921984 -1.22782 -0.135859 
0.623691 -1.05862 -0.591131 0.72679 -1.14441 -0.373896 0.904718 -1.27444 -0.155702 
0.620699 -1.06118 -0.601481 0.715563 -1.16818 -0.392461 0.881431 -1.32798 -0.18387 
0.620249 -1.06148 -0.603542 0.713254 -1.17258 -0.396695 0.876452 -1.33775 -0.189705 
0.618726 -1.06224 -0.611345 0.702794 -1.18803 -0.411519 0.857798 -1.37416 -0.215201 
0.616033 -1.06301 -0.621759 0.690363 -1.20474 -0.430363 0.83535 -1.41383 -0.247612 
0.615217 -1.06326 -0.624233 0.687955 -1.20758 -0.434289 0.830751 -1.42102 -0.254456 
0.610476 -1.06418 -0.631508 0.678337 -1.21926 -0.451018 0.812425 -1.44701 -0.282923 
0.606521 -1.064 -0.639162 0.66808 -1.22913 -0.468158 0.793737 -1.46988 -0.310304 
0.604692 -1.06409 -0.642986 0.662842 -1.23379 -0.475589 0.78454 -1.48045 -0.324264 
0.600966 -1.0641 -0.650202 0.653509 -1.24257 -0.491301 0.765566 -1.49961 -0.350005 
0.596782 -1.06459 -0.658597 0.641158 -1.25176 -0.509224 0.742204 -1.51971 -0.381393 
0.596023 -1.0646 -0.660031 0.638525 -1.25306 -0.513404 0.737779 -1.5237 -0.387199 
0.592427 -1.06458 -0.666367 0.628227 -1.25906 -0.527499 0.718611 -1.53687 -0.411987 
0.589653 -1.06466 -0.671301 0.620267 -1.26249 -0.537553 0.704262 -1.54538 -0.429877 
0.585572 -1.06382 -0.678868 0.607247 -1.26714 -0.553993 0.680336 -1.55725 -0.459223 
0.584138 -1.06357 -0.681827 0.60219 -1.26866 -0.560968 0.667496 -1.56167 -0.467071 
0.581879 -1.06266 -0.686108 0.595392 -1.26928 -0.569062 0.657469 -1.56575 -0.486035 
0.578205 -1.0609 -0.692291 0.583888 -1.27031 -0.581503 0.636314 -1.57111 -0.509899 
0.576813 -1.06009 -0.693906 0.579228 -1.2704 -0.585368 0.62814 -1.57268 -0.517129 
0.574498 -1.05934 -0.697267 0.573036 -1.27092 -0.591448 0.618332 -1.57445 -0.527085 
0.571187 -1.05793 -0.701578 0.562959 -1.26963 -0.599303 0.60435 -1.5756 -0.539502 
0.569785 -1.05675 -0.702854 0.560462 -1.26884 -0.601301 0.59946 -1.57527 -0.542182 
0.567871 -1.05548 -0.703824 0.555968 -1.26804 -0.603137 0.593326 -1.57486 -0.545933 
0.564892 -1.05397 -0.705848 0.550608 -1.2664 -0.604882 0.584735 -1.57381 -0.547089 
0.563934 -1.05351 -0.706311 0.549625 -1.26583 -0.60548 0.582872 -1.57325 -0.546616 
0.56264 -1.05275 -0.707036 0.547109 -1.26486 -0.604886 0.579736 -1.57218 -0.544929 
0.561126 -1.05195 -0.707121 0.545565 -1.26422 -0.604274 0.576521 -1.57055 -0.541428 
0.560631 -1.05152 -0.70684 0.545432 -1.26363 -0.603519 0.575644 -1.57002 -0.539068 
0.560181 -1.05132 -0.706576 0.545218 -1.26313 -0.602441 0.5743 -1.569 -0.536318 
0.559795 -1.05115 -0.705845 0.545357 -1.26251 -0.600268 0.574075 -1.56778 -0.530813 
0.559859 -1.05106 -0.705243 0.545602 -1.26247 -0.599392 0.57474 -1.56722 -0.529093 
0.56012 -1.05116 -0.704685 0.546023 -1.26275 -0.597421 0.575731 -1.56697 -0.525517 
0.561441 -1.05203 -0.703034 0.549 -1.26278 -0.595741 0.578376 -1.56616 -0.520929 
0.562016 -1.05221 -0.702673 0.549894 -1.26305 -0.59461 0.580134 -1.56601 -0.518821 
0.562939 -1.05293 -0.701995 0.551026 -1.26323 -0.591958 0.58337 -1.56606 -0.514789 
0.564687 -1.05385 -0.700119 0.555577 -1.26302 -0.587796 0.590813 -1.56466 -0.508437 
0.565529 -1.05399 -0.698778 0.557212 -1.2625 -0.585573 0.594455 -1.56407 -0.505214 
0.566598 -1.05452 -0.697126 0.560541 -1.26245 -0.582082 0.601466 -1.5631 -0.500046 
0.567967 -1.05514 -0.694441 0.566536 -1.26164 -0.575429 0.61456 -1.56003 -0.489619 
0.56882 -1.0554 -0.692684 0.569301 -1.26133 -0.572006 0.621056 -1.55868 -0.4846 
0.569387 -1.05573 -0.691452 0.574065 -1.26061 -0.565099 0.631035 -1.55572 -0.475892 
0.570822 -1.05683 -0.688901 0.583335 -1.25806 -0.556454 0.651302 -1.54835 -0.458892 
0.571568 -1.05689 -0.687112 0.587517 -1.25683 -0.551368 0.659874 -1.54458 -0.450537 
0.572667 -1.05702 -0.685158 0.594624 -1.25472 -0.544673 0.674171 -1.53825 -0.43789 
0.575278 -1.05752 -0.68059 0.606893 -1.24989 -0.53241 0.698479 -1.52532 -0.415217 
0.576275 -1.05788 -0.678756 0.611627 -1.24756 -0.527019 0.708511 -1.51984 -0.405136 
0.578104 -1.05798 -0.675256 0.618663 -1.2437 -0.518997 0.723198 -1.51033 -0.38952 
0.580692 -1.058 -0.669099 0.630511 -1.23564 -0.50455 0.746763 -1.49178 -0.364237 
0.581785 -1.05834 -0.666791 0.634482 -1.23175 -0.49728 0.756171 -1.48363 -0.352966 
0.583668 -1.05797 -0.662243 0.640734 -1.22569 -0.487512 0.769564 -1.47046 -0.336275 
0.586485 -1.05809 -0.65571 0.651441 -1.21475 -0.470822 0.791285 -1.44582 -0.308203 
0.587911 -1.05784 -0.652588 0.65501 -1.20997 -0.464164 0.799871 -1.43494 -0.297882 
0.589889 -1.05802 -0.64829 0.661351 -1.20237 -0.453866 0.811354 -1.41886 -0.280313 
0.592085 -1.05895 -0.64185 0.671243 -1.18893 -0.436987 0.829942 -1.38811 -0.253517 
0.594243 -1.05878 -0.638725 0.67494 -1.18329 -0.430652 0.837458 -1.37531 -0.243079 
0.596716 -1.05861 -0.633795 0.680196 -1.17403 -0.420628 0.848007 -1.35524 -0.226939 
0.600663 -1.05802 -0.624826 0.688684 -1.15779 -0.405151 0.864105 -1.31966 -0.200725 
0.602403 -1.05779 -0.621563 0.691951 -1.1507 -0.399219 0.870367 -1.30453 -0.190807 
0.605536 -1.05626 -0.615186 0.696629 -1.14019 -0.389331 0.879533 -1.28081 -0.176291 
0.609412 -1.05537 -0.605049 0.704483 -1.12133 -0.374667 0.89262 -1.23939 -0.152279 
0.611296 -1.05485 -0.601114 0.707434 -1.1132 -0.368539 0.897579 -1.22176 -0.143338 
0.6138 -1.05388 -0.595709 0.711464 -1.09984 -0.360352 0.904766 -1.19419 -0.131107 
0.618029 -1.05225 -0.587024 0.717586 -1.07738 -0.347588 0.915249 -1.14735 -0.113361 
0.62066 -1.05194 -0.583637 0.719985 -1.06876 -0.342638 0.918694 -1.12814 -0.106783 
0.622953 -1.05056 -0.578204 0.723177 -1.05539 -0.336543 0.92334 -1.09934 -0.0984086 
0.627013 -1.04708 -0.567797 0.72877 -1.03251 -0.328272 0.929604 -1.0504 -0.0871457 
0.628776 -1.04607 -0.564405 0.730568 -1.02339 -0.325523 0.931705 -1.03113 -0.0839249 
0.631552 -1.04462 -0.559112 0.732234 -1.01 -0.31981 0.934114 -1.00266 -0.0801478 
0.635826 -1.04104 -0.551463 0.73548 -0.987811 -0.31433 0.936197 -0.954835 -0.0760896 
0.637665 -1.03929 -0.54809 0.73605 -0.978628 -0.312591 0.936156 -0.936262 -0.0751548 
0.639716 -1.03693 -0.54361 0.736669 -0.964801 -0.310482 0.93498 -0.908712 -0.0742178 
0.642804 -1.03188 -0.536951 0.737686 -0.94239 -0.308113 0.93062 -0.861571 -0.0757452 
0.644034 -1.03003 -0.534363 0.737058 -0.931945 -0.30842 0.927952 -0.842874 -0.0769338 
0.645275 -1.02715 -0.530263 0.736329 -0.91817 -0.307907 0.922947 -0.813926 -0.0796029 
0.647422 -1.02207 -0.524263 0.73372 -0.89545 -0.307898 0.913263 -0.767964 -0.08709 
0.647837 -1.01977 -0.522137 0.732839 -0.886663 -0.308779 0.908806 -0.750017 -0.0908361 
0.648571 -1.01682 -0.518622 0.730671 -0.873796 -0.310107 0.901529 -0.724837 -0.0969163 
0.648962 -1.01164 -0.513348 0.726959 -0.853805 -0.312436 0.887917 -0.683176 -0.108955 
0.649134 -1.00962 -0.511343 0.725657 -0.846026 -0.314167 0.88102 -0.667748 -0.113168 
0.649441 -1.00641 -0.508581 0.722178 -0.834023 -0.315751 0.872141 -0.644552 -0.121523 
0.649559 -1.00105 -0.503799 0.716275 -0.814902 -0.319828 0.855915 -0.607688 -0.137164 
0.649403 -0.998979 -0.502129 0.7139 -0.807256 -0.322025 0.848563 -0.593844 -0.143633 
0.649323 -0.996064 -0.499484 0.709912 -0.796944 -0.324887 0.837923 -0.57325 -0.154705 
0.649252 -0.991266 -0.496049 0.702577 -0.77975 -0.330721 0.819709 -0.541781 -0.173569 
0.649061 -0.989494 -0.494938 0.700228 -0.773157 -0.334203 0.812377 -0.52977 -0.181801 
0.648612 -0.98658 -0.493096 0.695506 -0.763609 -0.338565 0.801247 -0.512446 -0.194555 
0.64773 -0.981726 -0.490353 0.686798 -0.748268 -0.346408 0.782462 -0.485909 -0.216848 
0.647203 -0.979984 -0.489668 0.683819 -0.742694 -0.350345 0.774717 -0.475984 -0.226273 
0.645966 -0.977772 -0.488865 0.679747 -0.735356 -0.355604 0.763635 -0.462272 -0.241244 
0.645011 -0.974902 -0.487562 0.672484 -0.724667 -0.364162 0.74647 -0.44182 -0.267719 
0.644598 -0.974017 -0.48719 0.669112 -0.720601 -0.367349 0.740362 -0.434582 -0.278535 
0.644302 -0.972946 -0.486271 0.663994 -0.715071 -0.37205 0.731478 -0.425059 -0.293611 
0.643651 -0.971385 -0.484819 0.658047 -0.707719 -0.379573 0.718011 -0.411449 -0.315968 
0.643443 -0.969819 -0.485253 0.656549 -0.704973 -0.382138 0.713742 -0.407329 -0.323364 
0.642983 -0.968641 -0.484599 0.65528 -0.702044 -0.385572 0.708489 -0.402091 -0.332809 
0.643128 -0.968001 -0.483642 0.653813 -0.698012 -0.389789 0.702086 -0.396127 -0.345206 
0.643186 -0.967862 -0.483312 0.653429 -0.696759 -0.391509 0.700471 -0.393961 -0.349505 
0.643552 -0.967792 -0.482693 0.653302 -0.695766 -0.393041 0.698799 -0.392479 -0.354033 
0.64392 -0.967834 -0.48203 0.653833 -0.694457 -0.395094 0.697522 -0.390208 -0.360379 
