575.896 429.421 421.929 454.204 368.39 573.135 
576.023 429.603 422.022 454.326 367.504 572.903 
576.094 429.621 422.024 454.292 365.671 571.734 
576.068 429.61 421.999 454.165 362.565 570.195 
576.076 429.611 421.994 454.138 361.386 569.906 
576.063 429.63 421.976 454.072 359.241 568.475 
576.056 429.611 421.908 453.895 355.75 566.611 
576.061 429.625 421.875 453.831 354.099 565.401 
576.044 429.63 421.749 453.584 352.134 564.708 
576.101 429.638 421.723 453.28 348.339 561.668 
576.103 429.631 421.716 453.193 347.005 561.065 
576.128 429.618 421.765 453.071 344.89 559.254 
576.175 429.643 421.779 452.732 341.355 556.6 
576.199 429.631 421.79 452.627 339.957 555.494 
576.211 429.638 421.87 452.463 337.879 553.76 
576.237 429.558 421.862 452.219 334.662 550.417 
576.266 429.548 421.868 452.153 333.218 549.056 
576.285 429.612 421.872 452.083 331.472 547.553 
576.331 429.533 421.858 451.955 328.677 544.583 
576.335 429.525 421.86 451.889 327.722 543.465 
576.343 429.52 421.859 451.716 326.404 541.897 
576.414 429.478 421.89 451.461 323.771 538.81 
576.431 429.45 421.911 451.065 322.719 537.695 
576.456 429.428 421.887 450.616 320.806 534.947 
576.522 429.379 421.987 450.081 317.495 529.944 
576.555 429.36 422.069 449.929 316.055 527.661 
576.671 429.357 422.238 449.578 313.978 523.888 
576.758 429.371 422.334 448.933 310.563 517.546 
576.795 429.361 422.402 448.698 309.206 514.877 
576.93 429.344 422.443 448.22 307.756 511.911 
576.949 429.33 422.598 447.715 305.377 506.01 
577.005 429.13 422.624 447.542 304.779 503.962 
576.988 429.112 422.702 447.058 303.624 500.953 
577.022 429.073 422.949 446.474 301.985 495.129 
577.027 429.077 423.056 446.142 301.459 493.048 
577.065 429.085 423.119 445.853 300.597 489.699 
577.161 429.08 423.372 445.226 299.413 484.076 
577.184 429.105 423.504 444.964 298.877 481.586 
577.249 429.1 423.654 444.403 298.682 478.299 
577.35 429.046 423.892 443.574 298.095 473.966 
577.371 429.069 423.98 443.382 297.859 472.492 
577.405 429.061 424.166 442.687 297.746 470.191 
577.389 429.024 424.618 441.824 297.547 465.754 
577.385 429.018 424.946 441.4 297.594 463.557 
577.39 429.024 425.128 440.861 297.554 460.587 
577.469 429.17 425.5 439.491 297.551 455.068 
577.517 429.19 425.564 439.015 297.658 452.962 
577.601 429.207 425.672 438.263 297.8 450.449 
577.745 429.457 425.829 437.629 298.099 448.036 
577.762 429.458 425.856 437.506 298.264 447.615 
577.794 429.466 425.921 437.427 298.474 447.568 
577.708 429.222 426.016 437.098 298.65 447.519 
577.667 429.213 426.073 436.963 298.7 447.358 
577.624 429.189 426.289 436.818 298.754 446.879 
577.591 429.187 426.512 436.123 299.019 444.082 
577.615 429.197 426.532 435.277 299.233 442.128 
577.649 429.239 426.685 434.47 299.126 440.39 
577.874 429.623 426.882 433.475 299.477 436.914 
577.982 429.601 427.001 432.949 299.539 436.203 
578.091 429.702 427.126 432.381 299.779 435.184 
578.265 429.715 427.417 432.38 299.986 434.811 
578.297 429.72 427.497 432.569 300.039 434.793 
578.367 429.691 427.6 432.509 300.116 434.805 
578.456 429.555 427.699 432.475 300.17 434.776 
578.453 429.574 427.63 432.255 300.208 434.711 
578.457 429.613 427.704 432.13 300.305 434.448 
578.461 429.742 427.73 431.89 300.539 433.241 
578.603 429.736 427.803 431.611 300.655 432.977 
578.646 429.739 427.916 430.982 300.91 432.289 
578.81 429.711 428.415 429.915 301.295 430.089 
578.865 429.712 428.557 429.589 301.53 429.379 
578.96 429.727 428.721 429.132 301.738 428.027 
579.203 430.145 428.922 427.964 302.133 425.837 
579.255 430.174 428.976 427.723 302.221 425.482 
579.358 430.178 429.037 427.567 302.45 424.722 
579.455 430.221 429.072 427.678 302.337 425.278 
579.487 430.183 429.096 427.963 302.235 425.622 
579.481 430.199 429.081 428.407 302.244 426.421 
579.505 430.198 429.049 429.03 301.985 427.517 
579.489 430.182 428.941 429.337 301.937 427.894 
579.482 430.167 428.852 429.589 301.889 429.124 
579.468 430.235 428.789 429.76 301.797 429.713 
579.483 430.252 428.753 429.81 301.795 429.788 
579.532 430.222 428.699 429.884 301.787 429.892 
579.556 430.269 428.69 429.814 301.659 430.081 
579.565 430.279 428.669 429.758 301.68 430.052 
579.585 430.266 428.668 429.781 301.705 430.1 
579.677 430.105 428.665 429.946 301.946 430.503 
579.67 430.116 428.646 430.054 301.921 430.743 
579.635 430.284 428.566 430.426 301.766 431.833 
579.614 430.249 428.41 431.252 301.598 432.918 
579.639 430.242 428.398 431.528 301.469 434.025 
579.668 430.231 428.09 432.138 301.112 435.871 
579.707 430.234 427.772 433.442 300.632 439.913 
579.715 430.223 427.693 433.689 300.531 440.445 
579.75 430.059 427.46 435.117 300.271 444.04 
579.734 429.938 427.054 436.363 300.161 448.652 
579.745 429.95 426.986 436.527 300.083 449.237 
579.721 429.779 426.794 437.148 299.928 452.646 
579.653 429.714 426.382 437.877 300.042 455.768 
579.641 429.696 426.331 437.965 300.006 456.24 
579.59 429.673 426.15 438.277 300.026 458.426 
579.557 429.702 425.852 438.907 299.976 461.907 
579.521 429.668 425.805 438.988 300.024 462.864 
579.492 429.694 425.634 439.245 300.515 465.752 
579.474 429.666 425.296 440.254 300.992 471.544 
579.454 429.67 425.227 440.424 301.193 472.82 
579.426 429.655 424.793 441.187 301.88 477.788 
579.395 429.634 424.353 442.052 302.972 483.768 
579.352 429.55 424.29 442.167 303.103 484.98 
579.291 429.54 423.967 442.688 304.319 489.387 
579.225 429.526 423.76 443.672 305.658 494.982 
579.23 429.501 423.72 443.812 305.886 495.961 
579.256 429.459 423.598 444.447 306.894 499.424 
579.274 429.463 423.537 444.923 307.765 501.849 
579.3 429.471 423.456 445.392 309.266 506.143 
579.317 429.469 423.387 445.548 309.913 507.753 
579.309 429.491 423.284 445.718 310.59 509.831 
579.289 429.489 423.233 446.057 312.627 513.903 
579.275 429.474 423.188 446.17 313.186 515.285 
579.273 429.471 423.125 446.448 314.349 517.708 
579.2 429.283 422.861 446.973 316.976 522.284 
579.197 429.266 422.919 447.508 318.344 524.531 
579.159 429.272 422.783 447.683 319.971 527.117 
579.145 429.252 422.669 448.469 323.421 531.951 
579.168 429.249 422.599 448.703 325.208 534.515 
579.152 429.271 422.571 449.073 327.874 537.697 
579.166 429.246 422.562 449.835 332.305 542.708 
579.189 429.243 422.555 450.015 334.488 545.048 
579.18 429.236 422.572 450.218 337.882 547.945 
579.157 429.262 422.634 450.818 344.268 553.576 
579.145 429.244 422.632 450.982 346.884 555.657 
579.134 429.253 422.693 451.251 351.245 558.907 
579.097 429.231 422.855 451.938 358.71 564.005 
579.074 429.223 422.888 452.117 361.777 565.744 
579.032 429.198 422.944 452.485 366.335 568.054 
578.871 429.377 423.142 452.869 372.736 571.157 
578.817 429.383 423.183 452.938 375.304 572.17 
578.6 429.292 423.16 453.056 378.446 573.456 
578.352 429.286 423.102 453.15 382.514 575.029 
578.211 429.105 423.04 453.114 383.628 575.089 
578.104 429.119 422.8 453.047 385.341 575.712 
577.913 429.142 422.581 452.867 387.555 576.141 
577.855 429.148 422.423 452.662 388.323 576.114 
577.732 429.236 422.314 452.52 389.711 576.533 
577.622 429.224 422.269 452.869 392.124 577.224 
577.584 429.238 422.258 452.932 393.026 577.44 
577.518 429.268 422.29 453.142 394.565 577.8 
577.359 429.108 422.12 453.01 396.556 578.458 
577.304 429.091 422.087 453.007 397.307 578.764 
577.237 429.078 422.015 452.811 398.216 578.894 
577.132 429.029 421.978 452.806 399.636 579.134 
577.059 429.025 421.938 452.83 400.166 579.424 
576.883 429.002 421.872 452.826 400.925 579.633 
576.729 428.993 421.69 452.815 402.237 579.535 
576.614 429.003 421.616 452.793 402.836 579.632 
576.49 429.169 421.533 452.817 403.804 579.662 
576.344 429.133 421.401 452.938 405.446 579.919 
576.334 429.142 421.386 453.005 406.158 580.297 
576.341 429.145 421.386 453.137 406.403 580.488 
576.401 429.164 421.344 453.284 404.999 580.188 
576.445 429.192 421.38 453.304 404.414 580.413 
576.566 429.221 421.51 453.147 402.653 580.077 
576.845 429.065 421.662 452.981 398.903 579.319 
577.016 429.085 421.703 452.97 397.069 578.844 
577.146 429.073 421.8 452.992 394.465 578.575 
577.312 429.093 421.989 453.059 389.978 577.433 
577.367 429.1 422.015 452.828 388.134 576.661 
577.455 429.094 422.127 453.011 385.464 576.106 
577.596 429.163 422.175 453.558 380.511 574.947 
577.636 429.158 422.225 453.662 378.347 574.136 
577.666 429.176 422.303 453.754 374.842 573.447 
577.757 429.166 422.343 453.827 368.243 570.915 
577.827 429.067 422.362 453.704 365.249 569.501 
577.884 429.067 422.369 453.622 360.779 567.376 
578.012 429.064 422.342 453.435 352.739 562.669 
578.074 429.075 422.327 453.399 349.72 560.731 
578.116 429.09 422.261 453.417 345.523 557.668 
578.16 429.293 422.157 452.766 338.967 552.801 
578.162 429.375 422.139 452.494 336.688 550.626 
578.169 429.354 422.107 452.288 333.707 547.852 
578.142 429.101 422.053 451.965 329.025 543.029 
578.128 429.173 422.099 451.81 327.242 541.098 
578.121 429.185 422.152 451.515 324.979 538.064 
578.169 429.178 422.296 451.035 321.101 533.191 
578.174 429.163 422.304 450.841 319.811 531.373 
578.226 429.354 422.345 450.44 317.885 528.331 
578.337 429.353 422.523 450.008 315.145 523.776 
578.375 429.348 422.574 449.829 314.337 522.272 
578.424 429.314 422.656 449.289 312.815 519.361 
578.531 429.391 422.765 448.803 310.724 515.346 
578.555 429.307 422.877 448.609 309.711 513.346 
578.615 429.29 422.934 448.141 308.49 510.595 
578.678 429.066 423.181 447.692 306.341 504.849 
578.788 429.047 423.247 447.449 305.547 502.722 
578.7 429.069 423.412 447.079 304.22 498.755 
578.842 429.072 423.472 446.247 302.738 493.643 
578.85 429.094 423.54 446.051 302.103 491.444 
578.876 429.064 423.686 445.677 301.331 488.751 
578.943 429.068 423.853 445.243 300.425 484.1 
578.954 429.057 423.963 445.021 300.171 482.31 
578.985 429.033 423.985 444.763 299.635 480.351 
579.051 429.007 424.212 444.054 299.412 475.848 
579.081 429.009 424.278 443.602 299.121 474.135 
579.142 429.03 424.369 443.271 299.026 471.494 
579.219 429.043 424.69 442.381 298.845 466.993 
579.243 429.04 424.833 442.143 298.956 464.985 
579.282 429.06 424.967 441.616 299.106 463.035 
579.368 429.092 425.161 440.951 299.3 460.142 
579.337 429.184 425.248 440.667 299.461 458.541 
579.329 429.21 425.401 440.187 299.706 457.472 
579.311 429.227 425.64 439.013 299.822 454.616 
579.296 429.253 425.779 438.424 300.012 452.791 
579.289 429.255 425.91 437.666 300.191 450.265 
579.345 429.634 426.177 436.808 300.61 446.852 
579.438 429.924 426.226 436.572 300.636 445.379 
579.565 429.858 426.224 436.071 300.867 444.533 
579.637 429.921 426.371 435.791 301.071 443.89 
579.679 429.893 426.364 435.856 301.07 444.116 
579.668 429.89 426.37 436.19 301.105 444.265 
579.599 429.862 426.392 436.268 301.122 444.451 
579.572 429.852 426.408 436.262 301.122 444.442 
579.516 429.847 426.502 436.084 301.135 444.237 
579.505 429.91 426.587 435.194 301.258 442.295 
579.535 429.936 426.644 434.961 301.293 441.787 
579.594 429.955 426.747 434.605 301.314 440.198 
579.736 430.004 427.002 433.862 301.628 438.796 
579.8 430.014 427.117 433.633 301.735 438.021 
579.896 430.014 427.234 433.465 301.844 437.632 
579.974 430.048 427.411 433.159 302.279 437.013 
579.963 430.065 427.44 433.118 302.324 436.922 
579.96 430.046 427.462 432.989 302.362 436.724 
579.916 430.061 427.489 432.479 302.22 436.12 
579.898 430.058 427.481 432.393 302.215 435.806 
579.904 430.074 427.537 432.247 302.308 434.952 
579.949 430.096 427.596 431.892 302.35 434.525 
580.062 430.118 427.635 431.858 302.435 434.12 
580.12 430.125 427.702 431.836 302.494 434.035 
580.22 430.128 427.81 431.932 302.548 434.4 
580.254 430.134 427.806 431.99 302.56 434.5 
580.258 430.115 427.78 432.149 302.531 434.663 
580.213 430.134 427.715 432.258 302.656 434.812 
580.186 430.122 427.679 432.337 302.279 435.724 
580.154 430.125 427.569 432.512 302.22 436.034 
580.134 430.13 427.454 433.025 302.255 436.944 
580.15 430.141 427.388 433.22 301.959 437.719 
580.175 430.127 427.311 433.681 302.044 438.828 
580.205 430.148 426.997 434.59 301.733 442.153 
580.218 430.127 426.9 434.882 301.687 443.473 
580.196 430.13 426.728 435.818 301.476 445.951 
580.117 430.124 426.4 436.834 301.312 449.766 
580.041 430.099 426.276 437.067 301.466 451.0 
579.973 430.061 426.081 437.369 301.435 453.173 
579.932 430.061 425.705 437.675 301.375 456.626 
579.915 430.071 425.611 438.07 301.333 458.072 
579.891 430.074 425.468 438.422 301.521 460.289 
579.803 430.111 425.028 438.999 301.593 465.81 
579.754 430.101 424.806 439.55 301.817 467.967 
579.668 430.06 424.561 440.469 301.93 471.402 
579.501 430.208 424.22 441.878 302.267 476.413 
579.46 430.206 424.149 442.129 302.277 478.19 
579.454 430.181 424.02 442.386 302.663 479.482 
579.486 430.157 423.953 442.651 302.677 481.062 
579.512 430.196 423.949 442.711 302.702 481.355 
579.57 430.239 423.913 442.798 303.059 481.973 
579.703 430.123 423.91 442.574 303.637 484.041 
579.718 430.112 423.87 442.661 303.916 485.234 
579.716 430.111 423.752 443.009 304.507 487.603 
579.6 430.26 423.491 443.794 306.07 493.485 
579.573 430.236 423.341 444.08 306.759 496.121 
579.469 430.228 423.163 444.819 307.889 499.839 
579.313 430.153 422.804 445.708 310.156 506.553 
579.28 430.157 422.701 445.94 310.987 509.093 
579.252 430.138 422.575 446.328 312.727 512.641 
579.261 430.134 422.318 446.98 315.452 518.283 
579.283 430.159 422.28 447.211 316.414 520.4 
579.309 430.205 422.272 447.78 318.212 523.186 
579.363 430.183 422.213 448.389 320.907 527.381 
579.378 430.184 422.231 448.728 322.102 529.391 
579.377 430.206 422.241 449.011 323.603 531.416 
579.378 430.185 422.282 449.431 326.472 535.301 
579.341 430.178 422.262 449.744 327.734 536.944 
579.288 430.184 422.124 449.919 329.182 538.874 
579.206 429.923 422.08 450.244 331.827 541.669 
579.171 429.924 422.063 450.323 332.753 543.061 
579.054 429.777 422.055 450.498 334.134 544.526 
578.993 429.733 422.147 451.156 336.19 546.995 
578.995 429.731 422.161 451.254 337.058 547.583 
578.98 429.752 422.109 451.441 338.736 549.153 
578.948 429.761 422.116 451.805 342.087 552.019 
578.951 429.758 422.097 451.904 343.583 553.239 
578.939 429.731 422.111 452.086 346.148 555.351 
578.916 429.701 422.195 452.427 351.422 559.271 
578.892 429.685 422.217 452.567 353.701 561.022 
578.847 429.678 422.357 453.185 357.499 563.343 
578.748 429.616 422.332 453.595 363.696 567.033 
578.679 429.6 422.345 453.612 366.461 568.172 
578.584 429.583 422.327 453.588 370.219 569.921 
578.263 429.579 422.36 453.156 376.651 572.139 
578.216 429.582 422.452 453.093 379.085 573.138 
578.157 429.591 422.359 452.712 382.561 573.824 
578.045 429.68 422.231 452.459 387.98 575.151 
578.001 429.678 422.172 452.456 389.893 575.649 
577.91 429.696 422.083 452.54 392.395 576.164 
577.738 429.663 421.969 452.616 395.494 577.009 
577.649 429.476 421.913 452.641 396.452 577.002 
577.52 429.36 421.88 452.627 397.211 577.059 
577.373 429.55 421.771 452.489 398.179 577.288 
577.345 429.568 421.76 452.448 398.363 577.195 
577.316 429.554 421.734 452.409 398.654 576.872 
577.26 429.563 421.696 452.505 399.408 577.075 
577.244 429.567 421.686 452.537 399.606 577.138 
577.207 429.584 421.661 452.687 400.388 577.502 
577.173 429.558 421.522 452.96 401.576 578.104 
577.163 429.574 421.517 452.984 401.744 578.153 
577.14 429.58 421.501 453.121 402.038 578.297 
577.142 429.588 421.537 453.186 401.626 578.406 
577.143 429.583 421.532 453.186 401.448 578.417 
577.179 429.592 421.576 453.162 400.485 578.304 
577.278 429.603 421.6 453.138 398.125 577.851 
577.315 429.602 421.623 453.15 397.574 577.861 
577.493 429.463 421.653 453.179 394.797 577.359 
577.766 429.763 421.69 453.212 389.544 576.313 
577.797 429.772 421.684 453.219 388.238 575.958 
577.942 429.79 421.712 453.194 382.65 574.345 
578.113 429.775 421.824 453.408 374.523 571.542 
578.103 429.768 421.828 453.368 372.879 570.98 
578.199 429.792 421.756 453.111 365.724 567.641 
578.234 429.676 421.818 452.739 357.11 562.817 
578.213 429.662 421.795 452.694 355.587 562.285 
578.241 429.666 421.695 452.526 349.083 557.676 
578.233 429.649 421.559 452.44 342.308 552.816 
578.23 429.646 421.525 452.406 341.007 551.88 
578.238 429.68 421.478 452.173 336.304 547.744 
578.31 429.689 421.38 451.156 330.883 542.019 
578.319 429.694 421.383 451.033 329.888 540.8 
578.354 429.704 421.418 450.665 325.912 536.032 
578.398 429.672 421.586 450.024 321.199 529.575 
578.432 429.674 421.611 449.886 320.182 527.955 
578.626 429.711 421.74 449.237 316.707 522.597 
578.66 429.739 422.015 448.306 313.043 515.653 
578.633 429.757 422.061 448.128 312.563 514.379 
578.742 429.726 422.099 447.244 310.038 508.778 
578.817 429.688 422.556 446.463 307.301 501.658 
578.829 429.667 422.581 446.323 306.864 500.413 
578.853 429.681 422.848 445.627 305.039 494.488 
578.909 429.657 423.108 444.444 303.144 487.435 
578.932 429.67 423.185 444.135 302.915 485.73 
578.957 429.712 423.492 443.669 301.607 480.103 
579.036 429.762 423.776 442.498 300.701 473.41 
579.051 429.768 423.829 442.338 300.579 472.046 
579.106 429.768 424.187 441.621 300.186 467.312 
579.232 430.162 424.489 440.959 300.122 463.829 
579.347 430.19 424.781 439.643 300.191 458.262 
579.378 430.18 425.008 439.161 300.291 456.143 
579.414 430.231 425.254 438.433 300.54 453.273 
579.468 430.264 425.719 436.822 300.86 449.159 
579.477 430.266 425.865 436.091 301.037 447.239 
579.49 430.273 426.142 435.352 301.301 444.973 
579.571 430.127 426.437 434.537 301.659 442.027 
579.596 430.16 426.484 434.365 301.833 441.744 
579.64 430.134 426.632 434.019 301.953 440.667 
579.673 430.156 426.72 433.805 302.107 439.924 
579.683 430.126 426.745 433.776 302.149 439.88 
579.655 430.113 426.837 433.706 302.3 439.659 
579.536 430.305 426.998 433.273 302.441 438.826 
579.516 430.294 427.03 432.861 302.415 438.378 
579.52 430.288 427.124 432.465 302.57 437.084 
579.684 430.157 427.268 431.686 302.816 434.885 
579.734 430.179 427.338 431.462 302.849 434.467 
579.827 430.203 427.42 431.149 302.748 433.915 
579.985 430.212 427.49 431.278 302.957 433.542 
580.047 430.23 427.516 431.463 302.966 434.025 
580.082 430.2 427.585 431.654 302.987 434.378 
580.013 430.154 427.526 432.26 302.838 435.763 
579.96 430.149 427.426 432.474 302.769 436.469 
579.912 430.141 427.348 432.941 302.732 437.006 
579.896 430.13 427.207 433.316 302.573 438.187 
579.878 430.134 427.148 433.419 302.559 438.442 
579.886 430.112 427.094 433.636 302.588 439.142 
579.919 430.139 426.991 433.954 302.665 440.31 
579.927 430.118 426.968 434.058 302.677 440.599 
579.904 430.111 426.875 434.289 302.573 441.029 
579.846 430.109 426.766 434.646 302.482 442.509 
579.845 430.103 426.763 434.876 302.446 442.693 
579.851 430.108 426.74 434.997 302.368 442.897 
579.892 430.124 426.61 435.138 302.187 443.358 
579.918 430.133 426.565 435.219 302.15 443.805 
579.965 430.136 426.503 435.386 302.172 444.715 
580.067 430.146 426.327 436.365 302.149 447.098 
580.054 430.15 426.167 436.731 301.962 448.596 
579.988 430.145 425.981 437.222 301.793 450.831 
579.869 430.119 425.566 438.013 301.523 455.076 
579.814 430.13 425.454 438.308 301.524 456.583 
579.765 430.118 425.182 438.737 301.651 458.747 
579.71 430.101 424.969 439.278 301.71 461.576 
579.694 430.108 424.902 439.512 301.699 462.919 
579.686 430.119 424.802 439.58 301.835 464.618 
579.65 430.12 424.662 439.724 302.177 467.148 
579.594 430.303 424.472 439.828 302.197 468.293 
579.57 430.317 424.35 439.999 302.367 470.27 
579.538 430.336 424.146 440.344 302.754 473.865 
579.511 430.331 424.067 440.485 303.032 475.617 
579.493 430.331 423.956 440.697 303.439 477.827 
579.426 430.337 423.631 441.077 304.128 481.823 
579.409 430.337 423.54 441.329 304.295 483.82 
579.364 430.369 423.448 441.669 304.954 485.777 
579.332 430.379 423.295 442.095 305.799 489.768 
579.308 430.373 423.187 442.301 306.175 491.248 
579.31 430.365 423.117 442.769 306.682 493.411 
579.278 430.365 422.976 443.303 307.741 497.088 
579.245 430.385 422.953 443.476 308.206 498.681 
579.293 430.351 422.638 443.866 308.951 500.874 
579.268 430.384 422.503 444.123 310.234 504.402 
579.272 430.39 422.422 444.258 311.105 506.164 
579.24 430.381 422.281 444.531 312.431 509.185 
579.179 430.416 421.917 445.231 315.003 514.537 
579.144 430.41 421.845 445.504 315.994 516.544 
579.095 430.398 421.791 446.07 317.703 519.991 
578.931 430.22 421.595 446.753 320.15 524.501 
578.897 430.197 421.584 447.065 320.957 525.638 
578.886 430.194 421.556 447.319 322.169 527.286 
578.885 430.227 421.524 447.404 324.466 530.402 
578.922 430.265 421.548 447.45 325.43 531.439 
578.934 430.287 421.478 447.722 327.069 533.576 
578.997 430.266 421.305 448.389 329.806 537.255 
579.102 430.388 421.269 448.576 330.949 538.476 
578.988 430.263 421.241 448.825 333.063 540.984 
578.923 430.268 421.313 449.501 336.646 544.653 
578.896 430.235 421.25 449.638 338.152 546.137 
578.857 430.228 421.245 449.827 340.159 548.084 
578.838 430.23 421.182 450.217 343.59 551.339 
578.833 430.236 421.203 450.322 344.966 552.469 
578.845 430.222 421.24 450.484 347.111 554.303 
578.893 430.212 421.349 450.752 350.793 556.98 
578.915 430.23 421.397 450.897 352.195 558.4 
578.926 430.189 421.579 451.343 354.646 560.015 
578.889 430.195 421.572 452.082 359.055 563.106 
578.872 430.182 421.565 452.165 360.83 564.102 
578.814 430.176 421.572 452.296 363.748 565.738 
578.684 429.96 421.587 452.494 368.584 568.389 
578.529 429.979 421.571 452.593 370.536 569.179 
578.426 429.967 421.558 452.718 373.113 570.614 
578.211 429.95 421.516 452.894 376.937 572.129 
578.157 429.93 421.511 452.977 378.499 572.663 
578.077 429.91 421.479 452.998 380.258 573.511 
577.999 429.905 421.431 452.929 382.595 573.756 
577.989 429.899 421.401 452.859 383.568 574.098 
577.942 429.871 421.233 452.792 384.582 574.552 
577.792 429.904 421.18 452.645 386.831 574.963 
577.74 429.886 421.169 452.615 387.851 574.948 
577.661 429.898 421.186 452.578 389.811 575.571 
577.601 429.877 421.183 452.536 393.351 576.103 
577.55 429.714 421.173 452.589 394.939 576.952 
577.47 429.474 421.129 452.729 397.023 577.36 
577.401 429.397 421.054 452.968 399.705 578.43 
577.378 429.383 421.035 453.045 400.503 578.555 
577.275 429.531 421.0 453.147 400.849 578.632 
577.254 429.554 420.987 453.166 400.18 578.62 
577.267 429.57 420.989 453.135 399.405 578.559 
577.31 429.593 421.015 453.104 397.934 578.024 
577.477 429.458 421.064 453.08 394.598 577.526 
577.554 429.643 421.199 453.107 393.036 576.977 
577.635 429.648 421.225 453.2 390.419 576.63 
577.781 429.786 421.133 453.653 385.389 575.567 
577.828 429.796 421.156 453.782 383.095 575.31 
577.867 429.816 421.173 453.914 379.605 574.294 
577.945 429.814 421.176 453.86 373.218 571.55 
577.981 429.799 421.151 453.805 370.523 570.234 
578.039 429.807 421.135 453.681 366.127 568.48 
578.14 429.808 421.172 453.329 358.277 564.638 
578.177 429.728 421.013 453.238 354.989 562.381 
578.197 429.805 420.949 453.046 350.066 559.356 
578.223 429.807 420.848 452.637 342.391 552.874 
578.229 429.826 420.815 452.434 339.531 550.481 
578.255 429.859 420.787 451.68 335.676 546.823 
578.285 429.847 420.828 451.012 329.823 540.489 
578.31 429.841 420.868 450.703 327.633 537.946 
578.336 429.801 420.984 450.224 324.737 534.003 
578.38 429.821 421.065 449.35 320.618 528.015 
578.389 429.834 421.091 449.132 319.128 525.723 
578.397 429.826 421.163 448.81 317.186 522.098 
578.471 429.852 421.367 447.974 314.228 516.901 
578.478 429.832 421.421 447.732 312.956 514.461 
578.619 429.848 421.519 447.422 311.658 511.205 
578.697 429.801 421.909 446.695 309.257 505.855 
578.731 429.794 421.996 446.444 308.492 503.678 
578.828 429.776 422.135 446.001 307.241 499.824 
578.907 429.768 422.453 444.704 305.664 493.682 
578.952 429.759 422.577 444.442 304.937 490.757 
578.983 429.771 422.753 444.159 303.993 486.529 
579.065 429.794 423.137 442.925 302.939 480.637 
579.058 429.801 423.197 442.429 302.357 478.57 
579.075 429.783 423.38 441.996 302.085 474.92 
579.077 429.774 423.726 441.258 301.573 468.953 
579.079 429.78 423.892 440.717 301.197 467.384 
579.145 429.944 424.067 440.225 301.205 464.059 
579.206 430.15 424.455 439.334 300.84 459.499 
579.247 430.179 424.602 439.04 300.891 456.996 
579.319 430.213 424.816 438.473 300.919 454.422 
579.463 430.241 425.256 437.417 301.041 450.306 
579.585 430.11 425.506 437.182 301.095 448.959 
579.678 430.141 425.745 436.19 301.27 447.015 
579.791 430.166 426.212 435.177 301.678 443.586 
579.823 430.178 426.344 434.895 301.72 442.427 
579.865 430.177 426.463 434.479 301.874 440.987 
579.884 430.208 426.695 433.707 302.056 439.389 
579.902 430.204 426.728 433.579 302.134 438.771 
579.906 430.182 426.805 433.505 302.197 438.51 
579.905 430.216 426.821 433.464 302.249 438.578 
579.896 430.224 426.816 433.54 302.264 438.69 
579.893 430.206 426.713 433.774 302.255 439.025 
579.857 430.21 426.686 433.955 302.284 439.848 
579.832 430.208 426.664 433.945 302.321 440.357 
579.812 430.208 426.669 433.916 302.331 440.358 
579.785 430.215 426.807 433.534 302.334 439.418 
579.803 430.202 426.826 433.225 302.424 438.673 
579.847 430.212 426.926 432.941 302.667 438.027 
579.94 430.231 427.046 432.319 302.9 436.34 
580.047 430.226 427.145 431.97 302.947 435.811 
580.102 430.244 427.209 431.772 303.018 435.467 
580.169 430.251 427.274 431.766 303.035 435.376 
580.187 430.263 427.281 431.853 303.053 435.472 
580.157 430.244 427.258 431.997 303.04 435.839 
580.109 430.226 427.133 432.682 302.806 437.43 
580.078 430.217 427.092 432.792 302.788 437.689 
580.051 430.203 427.047 432.915 302.784 438.008 
579.937 430.221 426.973 433.052 302.732 438.411 
579.967 430.232 426.941 433.121 302.636 438.635 
579.981 430.211 426.945 433.342 302.618 438.935 
579.991 430.212 426.921 433.441 302.656 439.579 
579.998 430.219 426.918 433.494 302.622 439.888 
579.998 430.219 426.898 433.518 302.641 440.076 
579.953 430.163 426.86 433.645 302.684 440.545 
579.949 430.151 426.852 433.71 302.68 440.71 
579.933 430.139 426.786 433.976 302.535 442.216 
579.914 430.131 426.658 434.335 302.442 442.813 
579.917 430.147 426.527 434.764 302.277 445.107 
579.921 430.167 426.424 435.017 302.254 445.794 
579.926 430.142 426.309 435.42 302.257 447.724 
579.875 430.147 425.999 436.654 301.912 450.986 
579.858 430.14 425.887 437.08 301.894 452.21 
579.804 430.127 425.593 437.543 301.777 454.403 
579.751 430.127 425.282 437.918 301.611 456.771 
579.718 430.14 425.19 438.351 301.529 458.224 
579.692 430.162 425.04 438.53 301.727 459.204 
579.683 430.185 424.907 438.74 301.737 461.614 
579.67 430.183 424.834 438.884 301.683 462.863 
579.67 430.207 424.727 439.203 301.778 464.725 
579.581 430.387 424.398 439.717 302.163 468.347 
579.568 430.383 424.331 439.9 302.316 470.333 
579.539 430.37 424.156 440.313 302.757 472.839 
579.482 430.38 423.857 440.874 303.264 477.591 
579.423 430.368 423.702 441.419 303.646 480.437 
579.379 430.362 423.566 442.002 304.188 484.192 
579.315 430.355 423.357 442.156 304.795 486.0 
579.285 430.361 423.176 442.866 305.493 489.536 
579.275 430.373 423.145 443.05 305.603 490.637 
579.302 430.352 423.09 443.325 306.088 492.478 
579.292 430.417 423.108 443.504 306.445 494.29 
579.322 430.408 423.098 443.536 306.519 494.509 
579.311 430.446 422.988 443.708 307.125 496.232 
579.328 430.448 422.952 443.757 307.451 497.473 
579.327 430.461 422.689 444.015 308.864 500.994 
579.322 430.452 422.614 444.122 309.578 502.534 
579.285 430.484 422.419 444.429 311.303 506.718 
579.229 430.472 422.095 445.092 313.325 511.544 
579.165 430.484 421.886 445.616 315.163 515.32 
579.1 430.474 421.72 446.293 316.993 518.958 
578.96 430.282 421.552 446.888 319.489 523.364 
578.941 430.277 421.534 447.4 321.161 526.25 
578.928 430.274 421.551 447.639 322.928 529.071 
578.957 430.303 421.468 448.017 325.417 532.155 
578.965 430.328 421.459 448.33 326.755 533.717 
579.058 430.478 421.388 448.514 328.666 536.128 
579.064 430.454 421.389 448.752 330.295 538.01 
578.962 430.316 421.501 449.39 333.209 541.577 
578.944 430.31 421.488 449.541 334.254 542.84 
578.951 430.299 421.329 450.049 336.561 545.258 
578.925 430.296 421.339 450.34 339.92 548.378 
578.916 430.301 421.371 450.375 340.818 549.247 
578.882 430.318 421.399 450.678 344.67 552.555 
578.886 430.302 421.569 450.901 348.057 555.208 
578.849 430.31 421.719 451.552 351.743 558.175 
578.825 430.311 421.715 451.683 353.728 559.678 
578.845 430.303 421.744 452.103 357.934 562.399 
578.805 430.299 421.838 452.391 363.092 565.465 
578.777 430.297 421.885 452.464 365.241 566.583 
578.689 430.308 421.962 452.416 369.146 568.455 
578.522 430.332 421.971 452.306 372.153 569.677 
578.286 430.133 421.993 452.109 376.886 571.326 
578.233 430.128 421.983 452.035 378.677 571.83 
578.14 430.132 421.955 451.955 381.2 572.802 
578.013 430.116 421.847 452.0 384.975 574.309 
577.975 430.122 421.808 452.084 386.35 574.718 
577.86 430.061 421.736 452.154 388.165 575.642 
577.765 430.037 421.653 452.34 390.338 576.745 
577.731 430.032 421.625 452.473 391.002 576.93 
577.685 430.025 421.624 452.499 391.406 576.97 
577.616 430.05 421.586 452.507 391.26 576.977 
577.558 430.088 421.567 452.491 391.025 576.914 
577.535 430.248 421.54 452.48 390.652 576.606 
577.449 430.381 421.483 452.432 389.722 576.097 
577.426 430.411 421.484 452.46 389.561 576.06 
577.409 430.431 421.474 452.497 389.511 576.081 
577.389 430.444 421.465 452.592 389.88 576.197 
577.392 430.445 421.46 452.62 390.128 576.253 
577.374 430.434 421.443 452.664 390.469 576.35 
577.348 430.417 421.432 452.764 391.28 576.621 
577.335 430.409 421.411 452.79 391.315 576.785 
577.319 430.411 421.42 452.842 391.867 577.347 
577.324 430.406 421.45 452.896 391.945 577.435 
577.306 430.385 421.435 452.842 391.862 577.402 
577.278 430.442 421.439 452.801 391.527 577.215 
577.293 430.191 421.455 452.77 391.044 577.005 
577.359 430.354 421.473 452.722 390.85 576.969 
577.399 430.2 421.488 452.74 390.305 576.93 
577.592 429.974 421.501 452.701 389.74 576.572 
577.639 429.91 421.526 452.679 389.552 576.492 
577.712 429.766 421.534 452.672 389.369 576.422 
577.805 429.566 421.551 452.717 389.25 576.403 
577.793 429.339 421.543 452.699 389.264 576.426 
577.81 429.22 421.532 452.721 389.319 576.452 
577.707 429.053 421.52 452.782 389.547 576.644 
577.56 429.006 421.521 452.813 389.36 576.556 
