556.692 362.176 426.164 393.909 397.18 480.85 
556.809 362.179 426.244 393.856 396.403 480.618 
556.873 362.195 426.236 393.788 394.76 480.083 
556.85 362.181 426.194 393.673 391.988 479.175 
556.856 362.182 426.186 393.644 390.949 478.845 
556.846 362.184 426.158 393.568 388.999 478.091 
556.838 362.17 426.068 393.38 385.838 476.882 
556.844 362.184 426.028 393.312 384.327 476.296 
556.83 362.191 425.9 393.242 382.559 475.623 
556.88 362.209 425.832 392.98 379.024 474.012 
556.882 362.209 425.813 392.907 377.805 473.503 
556.903 362.201 425.836 392.786 375.805 472.48 
556.945 362.205 425.799 392.508 372.469 470.77 
556.966 362.199 425.792 392.409 371.144 470.085 
556.977 362.212 425.824 392.148 369.148 468.945 
556.994 362.163 425.779 391.926 365.963 466.803 
557.019 362.158 425.773 391.856 364.578 466.096 
557.04 362.199 425.764 391.789 362.868 465.007 
557.075 362.149 425.727 391.624 360.047 462.932 
557.078 362.151 425.716 391.544 359.104 462.383 
557.085 362.146 425.688 391.383 357.718 461.136 
557.143 362.102 425.666 391.066 355.009 459.034 
557.156 362.085 425.62 390.691 353.924 458.153 
557.175 362.048 425.535 390.319 351.903 456.483 
557.23 361.995 425.542 389.854 348.29 453.032 
557.256 361.975 425.587 389.688 346.692 451.435 
557.358 361.974 425.671 389.288 344.295 448.747 
557.435 361.991 425.654 388.693 340.31 444.215 
557.467 361.992 425.677 388.488 338.734 442.524 
557.585 361.988 425.648 388.114 336.918 440.032 
557.6 361.979 425.698 387.596 333.854 435.775 
557.636 361.862 425.69 387.406 332.952 434.117 
557.62 361.841 425.684 386.971 331.413 431.845 
557.647 361.823 425.786 386.243 328.946 427.477 
557.652 361.827 425.829 385.954 328.085 425.762 
557.685 361.83 425.838 385.671 326.717 423.174 
557.771 361.867 425.957 385.053 324.58 418.51 
557.794 361.891 426.023 384.749 323.687 416.804 
557.85 361.893 426.073 384.277 322.894 414.225 
557.936 361.89 426.162 383.597 321.516 410.605 
557.956 361.908 426.208 383.4 321.01 409.347 
557.985 361.906 426.271 382.829 320.467 407.516 
557.97 361.901 426.521 381.938 319.43 403.96 
557.966 361.897 426.749 381.594 319.06 402.281 
557.971 361.911 426.826 381.116 318.436 399.849 
558.055 362.124 426.953 379.959 317.352 395.399 
558.099 362.155 426.939 379.548 317.048 393.777 
558.176 362.21 426.927 378.942 316.685 391.779 
558.319 362.411 426.968 378.368 316.465 389.772 
558.335 362.435 426.97 378.234 316.522 389.396 
558.364 362.451 427.014 378.148 316.645 389.067 
558.273 362.294 427.051 377.886 316.792 389.027 
558.237 362.281 427.079 377.752 316.807 388.907 
558.196 362.237 427.229 377.475 316.745 388.437 
558.166 362.219 427.318 376.842 316.421 386.128 
558.188 362.24 427.219 376.177 316.256 384.704 
558.223 362.311 427.238 375.514 315.732 382.845 
558.444 362.538 427.258 374.603 315.376 380.123 
558.538 362.538 427.301 374.274 315.283 379.505 
558.641 362.641 427.338 373.883 315.327 378.848 
558.793 362.616 427.587 373.82 315.459 378.654 
558.82 362.595 427.68 373.944 315.506 378.659 
558.878 362.55 427.762 373.889 315.584 378.703 
558.944 362.385 427.844 373.858 315.625 378.676 
558.942 362.403 427.755 373.704 315.644 378.606 
558.949 362.439 427.8 373.582 315.671 378.355 
558.963 362.573 427.784 373.347 315.647 377.404 
559.087 362.581 427.809 373.117 315.63 376.824 
559.125 362.582 427.816 372.579 315.71 376.196 
559.266 362.544 428.087 371.56 315.611 374.362 
559.313 362.533 428.161 371.259 315.626 373.489 
559.396 362.518 428.238 370.86 315.551 372.427 
559.631 362.67 428.254 369.94 315.503 370.818 
559.679 362.698 428.269 369.755 315.506 370.493 
559.769 362.711 428.307 369.678 315.585 370.005 
559.856 362.719 428.359 369.813 315.587 370.424 
559.883 362.726 428.415 370.002 315.572 370.751 
559.878 362.697 428.465 370.365 315.747 371.445 
559.897 362.665 428.534 370.955 315.801 372.713 
559.881 362.641 428.482 371.207 315.837 373.044 
559.874 362.626 428.444 371.446 316.038 374.039 
559.867 362.702 428.411 371.58 316.083 374.575 
559.882 362.717 428.387 371.623 316.097 374.643 
559.924 362.739 428.348 371.672 316.099 374.666 
559.949 362.791 428.32 371.523 315.977 374.582 
559.958 362.803 428.292 371.461 315.98 374.506 
559.975 362.798 428.291 371.449 316.002 374.485 
560.047 362.759 428.305 371.538 316.267 374.646 
560.042 362.762 428.305 371.635 316.293 374.846 
560.018 362.784 428.286 371.926 316.353 375.644 
559.997 362.749 428.266 372.608 316.488 376.905 
560.018 362.736 428.293 372.821 316.522 377.431 
560.042 362.714 428.129 373.49 316.632 379.281 
560.076 362.692 428.035 374.559 316.979 382.438 
560.082 362.681 428.002 374.777 317.052 383.186 
560.099 362.508 427.993 375.896 317.522 386.062 
560.076 362.382 427.822 376.99 318.327 389.773 
560.083 362.334 427.789 377.155 318.374 390.255 
560.049 362.165 427.714 377.7 318.875 392.85 
559.984 362.089 427.472 378.424 319.591 395.398 
559.972 362.077 427.44 378.504 319.656 395.804 
559.926 362.055 427.328 378.781 320.095 397.535 
559.899 362.081 427.155 379.291 320.687 400.122 
559.868 362.12 427.125 379.349 320.912 400.871 
559.844 362.132 427.01 379.552 321.938 403.371 
559.827 362.114 426.846 380.283 323.427 407.761 
559.809 362.119 426.811 380.43 323.791 408.472 
559.784 362.105 426.548 381.127 325.291 412.15 
559.754 362.083 426.295 381.903 327.405 417.038 
559.713 362.056 426.259 382.019 327.749 418.001 
559.659 362.055 426.075 382.649 329.684 421.75 
559.6 362.035 426.039 383.494 331.85 425.938 
559.603 362.021 426.025 383.62 332.231 426.72 
559.622 361.977 426.015 384.187 333.772 429.596 
559.638 361.971 426.032 384.594 334.984 431.568 
559.661 361.976 426.04 385.082 337.019 434.675 
559.675 361.962 426.016 385.325 337.867 435.921 
559.669 361.972 425.959 385.53 338.846 437.649 
559.651 361.956 425.973 385.888 341.273 440.495 
559.638 361.947 425.956 386.034 342.01 441.63 
559.636 361.938 425.949 386.33 343.445 443.542 
559.561 361.847 425.813 386.926 346.439 446.723 
559.557 361.839 425.925 387.231 347.937 448.078 
559.525 361.847 425.856 387.586 349.781 450.104 
559.511 361.835 425.871 388.243 353.492 453.472 
559.531 361.833 425.847 388.469 355.378 455.027 
559.518 361.845 425.878 388.792 358.117 457.091 
559.529 361.833 425.984 389.448 362.663 460.667 
559.549 361.821 426.004 389.599 364.819 461.998 
559.541 361.829 426.053 389.811 368.111 463.929 
559.523 361.848 426.198 390.344 374.249 467.329 
559.51 361.83 426.222 390.503 376.728 468.611 
559.501 361.826 426.319 390.763 380.821 470.619 
559.467 361.818 426.563 391.366 387.725 473.694 
559.448 361.815 426.622 391.545 390.508 474.753 
559.409 361.795 426.724 391.859 394.598 476.161 
559.279 361.898 426.961 392.261 400.333 478.229 
559.232 361.902 427.012 392.356 402.548 478.554 
559.035 361.804 427.014 392.498 405.298 479.237 
558.818 361.815 426.984 392.634 408.801 479.772 
558.688 361.826 426.922 392.583 409.73 479.814 
558.596 361.845 426.699 392.483 411.172 479.826 
558.431 361.856 426.468 392.214 412.991 479.614 
558.38 361.854 426.312 392.133 413.612 479.514 
558.276 361.848 426.202 392.064 414.762 479.415 
558.178 361.83 426.204 392.279 416.791 479.473 
558.146 361.834 426.203 392.322 417.569 479.656 
558.089 361.83 426.244 392.362 418.866 479.748 
557.943 361.797 426.087 392.332 420.603 480.273 
557.893 361.779 426.058 392.328 421.248 480.381 
557.834 361.775 425.972 392.209 422.024 480.539 
557.739 361.763 425.939 392.201 423.247 480.873 
557.675 361.757 425.908 392.227 423.723 481.093 
557.521 361.758 425.849 392.21 424.345 481.001 
557.386 361.779 425.678 392.121 425.408 480.886 
557.287 361.785 425.607 392.067 425.893 480.781 
557.189 361.893 425.533 392.043 426.672 480.627 
557.059 361.885 425.431 392.111 428.027 480.554 
557.052 361.891 425.43 392.188 428.642 480.67 
557.058 361.896 425.451 392.309 428.865 480.78 
557.111 361.898 425.453 392.571 427.743 481.154 
557.151 361.912 425.484 392.57 427.258 481.064 
557.259 361.931 425.562 392.326 425.788 481.009 
557.494 361.845 425.674 392.222 422.663 480.977 
557.644 361.844 425.711 392.242 421.136 481.006 
557.756 361.837 425.804 392.303 418.99 481.111 
557.903 361.839 425.983 392.393 415.194 480.742 
557.95 361.829 425.983 392.293 413.599 480.427 
558.026 361.823 426.104 392.421 411.352 480.282 
558.152 361.8 426.231 392.927 407.175 480.026 
558.186 361.785 426.293 393.045 405.318 479.784 
558.213 361.787 426.383 393.193 402.352 479.526 
558.292 361.788 426.431 393.28 396.625 478.441 
558.35 361.788 426.436 393.228 393.979 477.724 
558.4 361.792 426.431 393.159 390.011 476.581 
558.512 361.79 426.381 393.017 382.742 474.038 
558.566 361.808 426.362 392.976 379.969 472.901 
558.605 361.843 426.3 392.928 376.046 471.034 
558.658 361.988 426.118 392.411 369.887 468.092 
558.667 362.078 426.057 392.135 367.682 466.836 
558.671 362.06 425.989 391.877 364.728 464.789 
558.63 361.878 425.88 391.481 360.058 461.607 
558.624 361.956 425.892 391.307 358.285 460.477 
558.619 361.961 425.888 390.998 355.891 458.366 
558.66 361.958 425.931 390.495 351.869 455.228 
558.664 361.948 425.91 390.33 350.46 453.844 
558.721 362.061 425.893 390.04 348.363 451.911 
558.818 362.069 425.982 389.652 345.304 448.843 
558.851 362.062 425.997 389.474 344.347 447.672 
558.891 362.042 425.989 389.02 342.604 445.852 
558.987 362.0 426.015 388.613 340.123 442.898 
559.001 361.919 426.082 388.436 338.938 441.597 
559.052 361.9 426.068 388.076 337.391 439.453 
559.093 361.769 426.188 387.456 334.577 435.446 
559.188 361.758 426.211 387.25 333.498 433.764 
559.112 361.769 426.296 386.902 331.693 431.073 
559.237 361.768 426.235 386.259 329.451 427.01 
559.245 361.786 426.263 386.071 328.51 425.405 
559.267 361.781 426.331 385.718 327.325 423.24 
559.325 361.774 426.408 385.303 325.686 419.715 
559.334 361.776 426.46 385.022 325.12 418.277 
559.36 361.757 426.438 384.769 324.221 416.402 
559.416 361.752 426.527 384.125 323.171 412.855 
559.443 361.75 426.526 383.801 322.57 411.392 
559.497 361.762 426.552 383.478 321.961 409.191 
559.566 361.783 426.695 382.658 320.915 405.495 
559.587 361.792 426.767 382.304 320.63 403.924 
559.623 361.813 426.799 381.791 320.304 401.924 
559.701 361.85 426.854 381.073 319.869 399.364 
559.68 361.935 426.873 380.701 319.708 398.12 
559.676 361.962 426.93 380.237 319.643 396.865 
559.662 361.99 426.965 379.216 319.168 394.453 
559.65 361.999 427.004 378.733 319.0 393.089 
559.645 362.014 427.008 378.091 318.672 391.087 
559.719 362.273 427.101 377.228 318.323 388.049 
559.823 362.549 427.107 377.01 318.101 387.095 
559.935 362.633 427.034 376.6 318.06 385.972 
560.005 362.738 427.111 376.272 318.08 385.262 
560.04 362.736 427.116 376.336 318.123 385.444 
560.03 362.724 427.162 376.549 318.193 385.615 
559.966 362.678 427.192 376.613 318.258 385.836 
559.941 362.662 427.206 376.618 318.261 385.862 
559.892 362.656 427.257 376.417 318.235 385.707 
559.888 362.705 427.224 375.843 317.987 384.262 
559.915 362.732 427.24 375.65 317.91 383.805 
559.969 362.749 427.286 375.413 317.611 382.495 
560.097 362.807 427.396 374.725 317.561 381.062 
560.154 362.814 427.464 374.535 317.522 380.531 
560.237 362.805 427.543 374.403 317.542 380.212 
560.306 362.808 427.658 374.174 317.837 379.859 
560.298 362.807 427.677 374.131 317.858 379.782 
560.293 362.785 427.677 374.022 317.854 379.628 
560.256 362.793 427.629 373.606 317.587 379.022 
560.24 362.799 427.61 373.538 317.52 378.763 
560.247 362.819 427.638 373.41 317.444 378.124 
560.289 362.854 427.64 373.127 317.395 377.76 
560.389 362.869 427.67 373.102 317.403 377.494 
560.44 362.87 427.727 373.092 317.443 377.449 
560.527 362.86 427.838 373.189 317.561 377.732 
560.556 362.846 427.843 373.244 317.59 377.806 
560.558 362.826 427.844 373.386 317.603 377.974 
560.52 362.838 427.802 373.477 317.777 378.273 
560.496 362.838 427.784 373.551 317.568 378.733 
560.469 362.842 427.712 373.703 317.581 379.013 
560.452 362.849 427.68 374.087 317.802 379.808 
560.466 362.855 427.65 374.255 317.669 380.322 
560.488 362.86 427.646 374.61 317.968 381.245 
560.515 362.873 427.507 375.421 318.311 383.76 
560.525 362.859 427.463 375.658 318.525 384.805 
560.506 362.85 427.424 376.248 318.797 386.672 
560.435 362.822 427.286 377.13 319.388 389.699 
560.366 362.789 427.21 377.32 319.769 390.716 
560.304 362.745 427.081 377.558 320.152 392.396 
560.267 362.722 426.816 377.988 320.754 395.083 
560.253 362.727 426.785 378.271 320.983 396.168 
560.232 362.732 426.712 378.578 321.592 398.025 
560.158 362.764 426.413 379.093 322.71 402.393 
560.114 362.749 426.307 379.622 323.34 404.217 
560.036 362.721 426.224 380.387 324.111 407.026 
559.897 362.743 426.146 381.697 325.399 411.222 
559.859 362.703 426.129 381.979 325.744 412.623 
559.852 362.678 426.081 382.423 326.398 414.036 
559.88 362.709 426.074 382.756 326.769 415.624 
559.906 362.743 426.082 382.832 326.861 415.934 
559.96 362.79 426.065 382.924 327.311 416.541 
560.072 362.799 426.036 382.786 328.204 418.171 
560.085 362.8 426.011 382.836 328.671 419.114 
560.083 362.791 425.954 383.09 329.629 420.974 
559.988 362.794 425.832 383.679 331.993 425.108 
559.961 362.763 425.74 383.901 333.071 427.142 
559.868 362.706 425.683 384.452 334.734 430.056 
559.726 362.639 425.513 385.319 337.85 434.934 
559.697 362.636 425.459 385.534 339.028 436.924 
559.671 362.618 425.411 385.901 341.118 439.433 
559.68 362.63 425.313 386.702 344.429 443.627 
559.701 362.663 425.322 386.968 345.618 445.209 
559.727 362.693 425.404 387.499 347.623 447.239 
559.773 362.686 425.453 388.109 350.653 450.471 
559.786 362.68 425.519 388.394 351.955 451.652 
559.787 362.701 425.576 388.688 353.594 453.294 
559.786 362.683 425.682 389.122 356.638 455.946 
559.754 362.684 425.71 389.379 357.944 456.951 
559.707 362.685 425.632 389.665 359.479 458.326 
559.62 362.528 425.642 389.945 362.128 460.127 
559.589 362.529 425.641 390.036 363.101 460.944 
559.481 362.552 425.662 390.197 364.477 461.861 
559.424 362.5 425.818 390.588 366.56 463.394 
559.426 362.489 425.845 390.679 367.401 463.922 
559.415 362.517 425.843 390.961 369.04 464.931 
559.387 362.529 425.912 391.35 372.251 466.67 
559.389 362.524 425.913 391.459 373.7 467.576 
559.377 362.504 425.954 391.631 376.135 468.846 
559.355 362.478 426.084 391.976 381.068 471.168 
559.333 362.464 426.126 392.118 383.195 472.163 
559.292 362.445 426.316 392.456 386.677 473.616 
559.201 362.382 426.365 392.894 392.317 475.844 
559.139 362.353 426.381 392.923 394.745 476.417 
559.055 362.339 426.361 392.898 398.081 477.422 
558.774 362.34 426.331 392.564 403.611 478.175 
558.733 362.337 426.39 392.423 405.719 478.549 
558.682 362.345 426.27 392.229 408.649 478.722 
558.589 362.396 426.124 392.037 413.231 479.06 
558.551 362.391 426.068 392.003 414.849 479.185 
558.473 362.411 425.998 392.027 416.945 479.245 
558.32 362.384 425.906 392.066 419.578 479.553 
558.23 362.265 425.86 392.08 420.367 479.541 
558.114 362.277 425.828 392.056 420.99 479.496 
557.996 362.357 425.711 391.927 421.771 479.286 
557.972 362.374 425.698 391.905 421.904 479.16 
557.947 362.38 425.669 391.872 422.095 478.878 
557.899 362.4 425.657 392.008 422.691 478.612 
557.885 362.411 425.655 392.054 422.851 478.561 
557.855 362.43 425.659 392.212 423.528 478.695 
557.823 362.416 425.587 392.514 424.554 478.879 
557.815 362.422 425.585 392.529 424.701 478.919 
557.794 362.389 425.591 392.64 424.966 479.06 
557.796 362.388 425.634 392.714 424.657 479.274 
557.797 362.386 425.63 392.724 424.516 479.314 
557.829 362.388 425.665 392.703 423.734 479.449 
557.917 362.427 425.684 392.694 421.767 479.438 
557.949 362.426 425.705 392.7 421.315 479.454 
558.099 362.404 425.737 392.739 418.999 479.429 
558.354 362.511 425.771 392.741 414.596 479.264 
558.381 362.52 425.766 392.737 413.502 479.265 
558.509 362.528 425.784 392.697 408.737 478.677 
558.658 362.516 425.898 392.759 401.725 477.477 
558.648 362.497 425.896 392.725 400.283 477.086 
558.733 362.513 425.812 392.645 393.973 475.465 
558.756 362.432 425.799 392.226 386.205 472.774 
558.737 362.428 425.771 392.18 384.838 472.284 
558.762 362.435 425.649 391.946 378.833 469.782 
558.754 362.425 425.499 391.71 372.47 466.682 
558.751 362.425 425.462 391.662 371.241 466.066 
558.761 362.474 425.375 391.373 366.692 463.43 
558.825 362.479 425.139 390.502 361.276 459.72 
558.834 362.484 425.122 390.385 360.23 458.78 
558.865 362.499 425.09 389.998 356.142 455.645 
558.902 362.487 425.118 389.259 351.121 451.225 
558.931 362.485 425.118 389.127 350.015 450.219 
559.105 362.54 425.133 388.562 346.206 446.627 
559.136 362.567 425.238 387.781 341.913 441.689 
559.115 362.585 425.25 387.618 341.275 440.707 
559.207 362.547 425.158 386.904 338.168 436.762 
559.27 362.515 425.419 386.058 334.593 431.676 
559.279 362.505 425.42 385.932 333.979 430.658 
559.3 362.5 425.546 385.3 331.393 426.504 
559.347 362.476 425.603 384.321 328.456 421.097 
559.368 362.484 425.629 384.095 327.945 419.801 
559.393 362.524 425.815 383.583 325.737 415.328 
559.466 362.572 425.897 382.629 323.64 409.858 
559.48 362.578 425.918 382.475 323.276 408.792 
559.529 362.604 426.104 381.687 322.001 404.907 
559.66 362.742 426.266 381.078 321.269 402.096 
559.764 362.804 426.323 379.912 320.251 397.632 
559.791 362.814 426.45 379.486 319.936 395.979 
559.826 362.854 426.548 378.77 319.587 393.611 
559.877 362.894 426.721 377.413 318.992 389.885 
559.884 362.891 426.743 376.797 318.78 388.366 
559.897 362.905 426.862 376.03 318.564 386.501 
559.961 362.892 426.992 375.261 318.29 384.034 
559.985 362.916 427.005 375.083 318.334 383.503 
560.023 362.92 427.076 374.72 318.223 382.598 
560.053 362.939 427.118 374.496 318.223 382.042 
560.06 362.914 427.133 374.458 318.25 381.997 
560.034 362.901 427.202 374.378 318.351 381.874 
559.938 362.919 427.281 374.013 318.323 381.244 
559.92 362.897 427.256 373.721 318.206 380.856 
559.923 362.891 427.29 373.466 318.114 379.934 
560.061 362.905 427.313 372.884 317.925 378.282 
560.107 362.939 427.344 372.713 317.864 377.896 
560.191 362.973 427.378 372.507 317.649 377.362 
560.33 362.991 427.464 372.664 317.796 377.24 
560.385 362.998 427.512 372.802 317.895 377.61 
560.413 362.96 427.602 372.982 317.995 377.964 
560.347 362.87 427.633 373.444 318.127 379.047 
560.3 362.854 427.576 373.626 318.194 379.561 
560.258 362.845 427.568 373.957 318.271 380.021 
560.243 362.847 427.486 374.173 318.324 380.781 
560.228 362.849 427.446 374.237 318.354 380.941 
560.234 362.84 427.424 374.366 318.499 381.411 
560.264 362.854 427.369 374.545 318.709 381.876 
560.269 362.838 427.36 374.605 318.771 382.083 
560.249 362.821 427.305 374.744 318.799 382.628 
560.197 362.804 427.256 374.996 318.926 383.383 
560.196 362.804 427.285 375.182 318.933 383.549 
560.201 362.801 427.283 375.291 318.913 383.763 
560.239 362.827 427.204 375.526 318.906 384.484 
560.262 362.839 427.178 375.619 318.966 384.876 
560.305 362.86 427.153 375.8 319.173 385.658 
560.394 362.882 427.123 376.479 319.637 387.69 
560.384 362.889 427.048 376.888 319.74 388.775 
560.326 362.875 426.961 377.348 320.014 390.51 
560.219 362.836 426.73 378.166 320.582 393.825 
560.171 362.83 426.675 378.415 320.883 395.086 
560.127 362.809 426.498 378.772 321.424 396.87 
560.077 362.783 426.383 379.173 322.032 399.187 
560.064 362.783 426.356 379.353 322.258 400.137 
560.057 362.785 426.279 379.413 322.698 401.457 
560.025 362.792 426.175 379.515 323.51 403.616 
559.986 362.848 426.036 379.707 323.744 404.516 
559.966 362.862 425.955 379.856 324.271 406.083 
559.939 362.866 425.825 380.135 325.302 408.975 
559.916 362.867 425.777 380.26 325.833 410.119 
559.9 362.872 425.715 380.471 326.625 411.959 
559.842 362.879 425.509 380.987 327.993 415.19 
559.827 362.879 425.464 381.183 328.494 416.657 
559.788 362.865 425.434 381.48 329.482 418.458 
559.761 362.884 425.37 381.905 330.981 421.703 
559.741 362.896 425.309 382.11 331.592 422.919 
559.742 362.89 425.318 382.51 332.452 424.724 
559.715 362.893 425.278 383.011 334.033 427.523 
559.688 362.923 425.287 383.187 334.724 428.743 
559.729 362.93 425.077 383.584 335.755 430.374 
559.709 362.971 425.009 383.904 337.522 433.222 
559.713 362.972 424.96 384.038 338.556 434.386 
559.685 362.975 424.883 384.321 340.209 436.549 
559.633 362.978 424.686 385.068 343.317 440.361 
559.602 362.955 424.664 385.306 344.525 441.926 
559.558 362.949 424.702 385.797 346.525 444.174 
559.407 362.942 424.636 386.415 349.367 447.431 
559.377 362.926 424.67 386.659 350.244 448.255 
559.367 362.93 424.684 386.881 351.571 449.573 
559.369 362.965 424.675 387.007 354.004 451.618 
559.404 363.001 424.705 387.07 354.997 452.389 
559.417 363.039 424.688 387.333 356.688 453.635 
559.47 363.028 424.646 387.988 359.557 456.008 
559.567 363.02 424.643 388.149 360.73 456.94 
559.462 363.023 424.654 388.355 362.874 458.472 
559.405 363.007 424.795 388.749 366.452 460.936 
559.379 362.98 424.76 388.869 367.914 461.745 
559.344 362.961 424.784 389.029 369.901 463.091 
559.328 362.961 424.805 389.509 373.271 465.306 
559.323 362.964 424.843 389.634 374.593 466.07 
559.333 362.958 424.905 389.823 376.64 467.173 
559.374 362.954 425.048 390.119 380.118 468.997 
559.395 362.965 425.114 390.265 381.484 469.882 
559.402 362.943 425.333 390.604 383.771 471.014 
559.37 362.95 425.432 391.198 387.836 472.745 
559.355 362.944 425.44 391.281 389.455 473.407 
559.304 362.937 425.464 391.386 392.095 474.381 
559.175 362.778 425.509 391.581 396.447 475.922 
559.04 362.776 425.511 391.678 398.145 476.232 
558.948 362.754 425.521 391.806 400.447 476.969 
558.758 362.717 425.516 392.004 403.787 477.741 
558.711 362.705 425.526 392.085 405.114 477.814 
558.638 362.67 425.503 392.122 406.654 478.171 
558.57 362.66 425.45 392.054 408.594 478.13 
558.56 362.651 425.412 391.98 409.403 478.057 
558.517 362.64 425.252 391.89 410.291 478.287 
558.387 362.636 425.178 391.716 412.167 478.27 
558.34 362.613 425.165 391.696 413.016 478.308 
558.272 362.613 425.173 391.655 414.684 478.477 
558.217 362.584 425.163 391.612 417.659 478.685 
558.164 362.538 425.162 391.652 419.051 479.042 
558.08 362.413 425.144 391.776 420.809 479.206 
558.015 362.374 425.119 392.019 423.125 479.678 
557.994 362.363 425.115 392.092 423.789 479.691 
557.911 362.398 425.1 392.182 424.079 479.698 
557.894 362.408 425.092 392.203 423.512 479.59 
557.906 362.414 425.089 392.172 422.868 479.565 
557.945 362.428 425.107 392.142 421.605 479.35 
558.085 362.402 425.149 392.147 418.814 479.219 
558.164 362.497 425.271 392.179 417.486 479.093 
558.235 362.504 425.309 392.271 415.293 478.971 
558.369 362.538 425.311 392.786 411.051 478.676 
558.41 362.529 425.351 392.899 409.131 478.599 
558.446 362.559 425.387 393.027 406.153 478.248 
558.514 362.555 425.38 392.965 400.577 477.02 
558.544 362.542 425.348 392.902 398.194 476.363 
558.596 362.555 425.311 392.762 394.331 475.403 
558.684 362.557 425.271 392.29 387.326 473.277 
558.711 362.504 425.115 392.175 384.29 471.936 
558.734 362.559 425.023 391.954 379.789 470.211 
558.758 362.571 424.866 391.527 372.486 466.331 
558.764 362.584 424.805 391.336 369.743 464.817 
558.789 362.614 424.673 390.727 365.954 462.376 
558.815 362.609 424.593 390.02 360.059 458.161 
558.837 362.629 424.581 389.747 357.829 456.529 
558.858 362.617 424.587 389.137 354.763 453.873 
558.897 362.629 424.526 388.373 350.28 449.581 
558.907 362.639 424.513 388.158 348.635 447.964 
558.914 362.647 424.522 387.835 346.383 445.408 
558.98 362.66 424.579 387.139 342.981 441.676 
558.985 362.655 424.591 386.939 341.528 440.203 
559.109 362.67 424.628 386.649 339.84 437.743 
559.174 362.641 424.841 385.866 336.872 433.958 
559.203 362.625 424.878 385.631 335.815 432.261 
559.286 362.605 424.93 385.224 334.076 429.522 
559.355 362.585 425.03 384.229 331.593 424.799 
559.393 362.57 425.099 383.999 330.452 422.687 
559.421 362.587 425.197 383.641 328.878 419.564 
559.494 362.602 425.349 382.576 326.786 414.563 
559.489 362.62 425.33 382.159 325.832 412.63 
559.503 362.609 425.415 381.696 324.895 409.701 
559.504 362.602 425.584 380.855 323.292 404.883 
559.505 362.599 425.647 380.376 322.611 403.36 
559.57 362.61 425.721 379.892 322.003 400.841 
559.636 362.729 425.919 379.043 320.775 397.056 
559.675 362.754 426.006 378.801 320.409 395.448 
559.74 362.796 426.121 378.402 319.944 393.434 
559.871 362.882 426.366 377.621 319.237 390.047 
559.971 362.87 426.538 377.313 319.016 388.935 
560.056 362.915 426.631 376.703 318.803 387.43 
560.157 362.947 426.887 375.79 318.532 384.859 
560.186 362.962 426.96 375.535 318.354 383.988 
560.223 362.97 427.002 375.165 318.215 382.855 
560.241 362.979 427.089 374.474 318.073 381.613 
560.257 362.975 427.098 374.359 318.028 381.148 
560.26 362.972 427.153 374.279 318.028 380.913 
560.26 362.986 427.157 374.207 318.078 380.914 
560.252 362.985 427.159 374.239 318.111 380.989 
560.249 362.966 427.102 374.424 318.164 381.238 
560.217 362.965 427.094 374.495 318.338 381.828 
560.195 362.956 427.073 374.48 318.401 381.862 
560.177 362.942 427.069 374.424 318.403 381.825 
560.153 362.933 427.133 374.091 318.269 381.32 
560.168 362.918 427.111 373.873 318.213 380.773 
560.207 362.923 427.158 373.642 318.247 379.943 
560.29 362.944 427.18 373.174 318.146 378.701 
560.383 362.949 427.219 372.898 318.072 378.204 
560.432 362.969 427.249 372.753 318.062 377.892 
560.492 362.976 427.309 372.778 318.065 377.847 
560.508 362.977 427.326 372.833 318.109 377.973 
560.481 362.964 427.328 372.968 318.176 378.311 
560.437 362.933 427.312 373.502 318.254 379.46 
560.409 362.927 427.291 373.587 318.291 379.685 
560.384 362.925 427.269 373.687 318.363 380.015 
560.286 362.927 427.219 373.763 318.395 380.334 
560.313 362.941 427.199 373.808 318.339 380.438 
560.324 362.931 427.229 373.943 318.372 380.629 
560.333 362.93 427.218 373.992 318.479 380.86 
560.339 362.922 427.222 374.023 318.505 381.091 
560.338 362.916 427.206 374.031 318.558 381.234 
560.295 362.86 427.188 374.112 318.701 381.686 
560.29 362.843 427.19 374.161 318.733 381.834 
560.275 362.822 427.169 374.377 318.82 382.626 
560.257 362.807 427.106 374.656 318.914 383.432 
560.261 362.808 427.054 375.025 319.217 385.293 
560.266 362.821 427.01 375.318 319.346 385.928 
560.268 362.815 426.969 375.68 319.735 387.541 
560.224 362.821 426.87 376.66 320.116 390.45 
560.21 362.827 426.84 377.072 320.353 391.519 
560.161 362.817 426.654 377.504 320.669 393.246 
560.116 362.816 426.458 378.008 320.968 395.079 
560.087 362.829 426.438 378.351 321.173 396.222 
560.067 362.854 426.335 378.532 321.57 397.183 
560.061 362.884 426.252 378.728 322.042 399.1 
560.049 362.882 426.209 378.852 322.215 399.995 
560.052 362.903 426.158 379.092 322.654 401.465 
559.983 362.952 425.955 379.615 323.717 404.516 
559.971 362.948 425.925 379.784 324.224 406.053 
559.944 362.933 425.828 380.099 325.12 408.216 
559.895 362.932 425.649 380.583 326.395 411.598 
559.842 362.922 425.593 381.048 327.274 413.896 
559.803 362.908 425.554 381.496 328.399 416.56 
559.746 362.884 425.418 381.832 329.357 418.478 
559.721 362.892 425.369 382.474 330.653 421.419 
559.712 362.904 425.373 382.664 330.974 422.399 
559.736 362.925 425.378 382.998 331.754 423.94 
559.731 362.938 425.431 383.248 332.428 425.521 
559.758 362.973 425.429 383.293 332.538 425.723 
559.751 363.004 425.375 383.57 333.396 427.156 
559.766 363.017 425.354 383.645 333.91 428.145 
559.767 363.036 425.163 383.874 335.707 430.501 
559.762 363.035 425.115 383.974 336.6 431.671 
559.732 363.057 424.988 384.23 338.775 434.525 
559.683 363.055 424.801 384.772 341.366 438.183 
559.625 363.022 424.708 385.331 343.551 440.729 
559.568 363.01 424.662 385.9 345.723 443.309 
559.438 363.009 424.607 386.441 348.578 446.405 
559.421 363.002 424.666 386.86 350.485 448.5 
559.409 363.001 424.724 387.131 352.419 450.319 
559.438 363.042 424.719 387.551 355.102 452.906 
559.447 363.06 424.758 387.824 356.431 453.66 
559.532 363.025 424.746 388.162 358.439 455.377 
559.536 363.013 424.785 388.393 360.119 456.714 
559.443 363.048 424.962 388.813 363.121 459.075 
559.427 363.045 424.974 388.948 364.206 459.998 
559.432 363.025 424.918 389.447 366.504 461.542 
559.408 363.02 424.974 389.732 369.791 463.591 
559.401 363.029 425.009 389.784 370.657 464.057 
559.373 363.044 425.084 390.085 374.359 466.138 
559.375 363.031 425.271 390.327 377.582 467.891 
559.343 363.039 425.48 390.726 381.087 469.821 
559.323 363.042 425.509 390.954 382.933 470.642 
559.339 363.034 425.607 391.4 386.808 472.319 
559.304 363.037 425.74 391.723 391.521 474.272 
559.28 363.036 425.795 391.807 393.438 474.84 
559.203 363.034 425.859 391.803 396.933 476.032 
559.058 363.027 425.853 391.732 399.578 476.718 
558.838 362.876 425.847 391.59 403.677 477.471 
558.791 362.875 425.827 391.524 405.216 477.716 
558.71 362.87 425.789 391.44 407.416 478.231 
558.598 362.868 425.695 391.429 410.713 479.063 
558.565 362.871 425.67 391.462 411.909 479.382 
558.463 362.893 425.615 391.509 413.508 479.848 
558.378 362.861 425.571 391.674 415.435 480.516 
558.348 362.867 425.564 391.764 416.002 480.601 
558.308 362.873 425.572 391.831 416.341 480.633 
558.251 362.917 425.541 391.849 416.205 480.509 
558.204 362.967 425.521 391.821 415.987 480.347 
558.197 363.143 425.49 391.762 415.623 480.018 
558.132 363.242 425.433 391.717 414.767 479.502 
558.114 363.265 425.438 391.743 414.619 479.399 
558.1 363.285 425.438 391.801 414.563 479.286 
558.085 363.31 425.449 391.926 414.86 479.197 
558.087 363.309 425.449 391.957 415.073 479.233 
558.071 363.307 425.442 391.996 415.369 479.312 
558.048 363.298 425.446 392.073 416.083 479.563 
558.036 363.297 425.434 392.114 416.165 479.92 
558.022 363.302 425.452 392.177 416.647 479.957 
558.026 363.292 425.487 392.234 416.738 480.136 
558.008 363.272 425.467 392.19 416.673 480.164 
557.984 363.222 425.462 392.146 416.399 480.237 
557.979 363.04 425.471 392.109 415.976 480.123 
558.046 363.099 425.479 392.066 415.81 480.09 
558.068 362.93 425.492 392.059 415.355 480.063 
558.219 362.724 425.498 392.024 414.842 479.822 
558.255 362.662 425.517 392.016 414.684 479.822 
558.307 362.521 425.525 392.021 414.525 479.791 
558.373 362.336 425.545 392.05 414.425 479.775 
558.347 362.176 425.536 392.045 414.437 479.778 
558.353 362.068 425.53 392.063 414.489 479.816 
558.247 361.865 425.53 392.124 414.701 479.94 
558.115 361.82 425.536 392.163 414.588 480.272 
