619.98 441.726 504.853 462.635 470.806 545.883 
620.082 441.795 504.927 462.654 470.146 545.667 
620.136 441.811 504.928 462.609 468.75 544.961 
620.117 441.8 504.902 462.508 466.4 543.912 
620.122 441.801 504.898 462.484 465.521 543.621 
620.114 441.808 504.881 462.423 463.88 542.708 
620.107 441.795 504.822 462.267 461.226 541.388 
620.111 441.807 504.794 462.211 459.956 540.646 
620.099 441.811 504.689 462.087 458.476 540.028 
620.142 441.824 504.655 461.852 455.536 538.1 
620.143 441.822 504.646 461.785 454.522 537.609 
620.162 441.813 504.677 461.684 452.874 536.431 
620.198 441.825 504.672 461.429 450.132 534.589 
620.216 441.819 504.676 461.343 449.045 533.837 
620.225 441.828 504.728 461.16 447.421 532.627 
620.243 441.776 504.711 460.966 444.867 530.338 
620.264 441.771 504.712 460.908 443.73 529.488 
620.28 441.814 504.712 460.851 442.356 528.388 
620.313 441.763 504.695 460.725 440.124 526.27 
620.316 441.76 504.694 460.663 439.357 525.592 
620.322 441.757 504.685 460.523 438.291 524.4 
620.376 441.722 504.697 460.279 436.165 522.231 
620.388 441.704 504.694 459.957 435.32 521.384 
620.406 441.679 504.655 459.617 433.746 519.564 
620.456 441.637 504.706 459.203 430.996 516.047 
620.481 441.621 504.76 459.07 429.79 514.433 
620.568 441.622 504.871 458.755 428.018 511.746 
620.635 441.637 504.913 458.239 425.089 507.225 
620.662 441.635 504.953 458.057 423.916 505.432 
620.764 441.63 504.962 457.707 422.642 503.134 
620.778 441.621 505.055 457.28 420.494 498.925 
620.816 441.494 505.066 457.127 419.914 497.379 
620.803 441.477 505.103 456.746 418.856 495.184 
620.828 441.456 505.261 456.189 417.25 490.961 
620.832 441.459 505.325 455.934 416.716 489.377 
620.861 441.464 505.359 455.695 415.848 486.914 
620.932 441.482 505.521 455.178 414.579 482.625 
620.951 441.503 505.608 454.941 414.012 480.904 
620.999 441.503 505.694 454.516 413.645 478.481 
621.074 441.485 505.835 453.897 412.904 475.171 
621.09 441.502 505.893 453.735 412.624 474.032 
621.116 441.499 506.0 453.215 412.382 472.324 
621.102 441.483 506.3 452.487 411.926 469.019 
621.1 441.479 506.527 452.176 411.812 467.425 
621.103 441.488 506.639 451.757 411.576 465.19 
621.163 441.645 506.856 450.718 411.19 461.071 
621.2 441.668 506.882 450.351 411.126 459.539 
621.263 441.702 506.929 449.792 411.059 457.681 
621.375 441.892 507.018 449.293 411.116 455.857 
621.388 441.904 507.032 449.184 411.211 455.528 
621.412 441.916 507.078 449.116 411.361 455.356 
621.342 441.751 507.134 448.875 411.492 455.323 
621.311 441.74 507.171 448.763 411.519 455.208 
621.278 441.709 507.326 448.582 411.525 454.812 
621.254 441.699 507.462 448.033 411.529 452.705 
621.272 441.714 507.439 447.411 411.558 451.325 
621.298 441.763 507.517 446.806 411.344 449.805 
621.475 442.016 507.619 446.016 411.368 447.258 
621.557 442.01 507.685 445.673 411.364 446.708 
621.64 442.098 507.753 445.284 411.479 446.032 
621.773 442.094 507.972 445.259 411.612 445.81 
621.798 442.087 508.041 445.388 411.651 445.807 
621.851 442.056 508.116 445.342 411.712 445.834 
621.917 441.929 508.189 445.317 411.751 445.812 
621.915 441.945 508.127 445.163 411.775 445.756 
621.919 441.976 508.177 445.061 411.829 445.543 
621.923 442.087 508.186 444.863 411.924 444.658 
622.03 442.092 508.228 444.654 411.986 444.286 
622.063 442.094 508.284 444.172 412.13 443.743 
622.187 442.07 508.611 443.311 412.267 442.082 
622.229 442.066 508.703 443.052 412.391 441.412 
622.301 442.066 508.806 442.7 412.454 440.422 
622.496 442.294 508.904 441.844 412.603 438.872 
622.536 442.319 508.933 441.67 412.645 438.591 
622.613 442.329 508.973 441.578 412.769 438.089 
622.688 442.35 509.004 441.683 412.721 438.487 
622.71 442.34 509.035 441.877 412.668 438.765 
622.708 442.332 509.044 442.21 412.733 439.386 
622.726 442.317 509.049 442.716 412.621 440.382 
622.714 442.299 508.981 442.945 412.611 440.676 
622.709 442.287 508.926 443.149 412.662 441.594 
622.699 442.347 508.886 443.273 412.635 442.061 
622.71 442.361 508.861 443.311 412.639 442.12 
622.745 442.362 508.824 443.359 412.639 442.168 
622.764 442.405 508.814 443.262 412.549 442.192 
622.771 442.414 508.796 443.212 412.562 442.146 
622.786 442.407 508.796 443.214 412.584 442.153 
622.851 442.333 508.801 443.316 412.794 442.38 
622.846 442.338 508.792 443.401 412.791 442.561 
622.825 442.408 508.748 443.672 412.749 443.332 
622.808 442.378 508.668 444.293 412.705 444.324 
622.827 442.37 508.672 444.494 412.677 444.969 
622.849 442.356 508.468 445.027 412.542 446.514 
622.88 442.347 508.289 446.002 412.459 449.469 
622.886 442.338 508.24 446.193 412.425 450.018 
622.911 442.197 508.13 447.238 412.479 452.683 
622.897 442.092 507.881 448.201 412.718 456.117 
622.907 442.074 507.838 448.338 412.7 456.557 
622.887 441.93 507.722 448.819 412.816 459.022 
622.835 441.869 507.446 449.42 413.12 461.368 
622.825 441.857 507.411 449.488 413.125 461.733 
622.786 441.836 507.289 449.73 413.291 463.348 
622.762 441.859 507.094 450.194 413.488 465.837 
622.733 441.865 507.062 450.25 413.59 466.541 
622.711 441.879 506.945 450.436 414.164 468.789 
622.697 441.86 506.737 451.141 414.913 472.984 
622.682 441.863 506.693 451.271 415.145 473.784 
622.661 441.851 506.402 451.871 415.993 477.345 
622.637 441.832 506.112 452.545 417.218 481.864 
622.603 441.788 506.069 452.64 417.397 482.764 
622.556 441.783 505.851 453.124 418.607 486.176 
622.506 441.767 505.74 453.879 419.975 490.221 
622.509 441.751 505.716 453.988 420.21 490.953 
622.529 441.715 505.654 454.486 421.192 493.602 
622.542 441.714 505.631 454.851 422.002 495.439 
622.562 441.72 505.591 455.253 423.394 498.502 
622.575 441.713 505.547 455.425 423.98 499.692 
622.569 441.725 505.477 455.582 424.619 501.285 
622.555 441.717 505.455 455.875 426.39 504.151 
622.544 441.706 505.427 455.986 426.894 505.206 
622.542 441.701 505.392 456.226 427.912 507.02 
622.483 441.588 505.218 456.697 430.143 510.24 
622.48 441.578 505.286 457.036 431.292 511.719 
622.452 441.584 505.192 457.267 432.658 513.657 
622.44 441.57 505.142 457.863 435.502 517.076 
622.458 441.569 505.101 458.054 436.973 518.772 
622.446 441.582 505.097 458.341 439.129 520.954 
622.456 441.568 505.126 458.93 442.693 524.56 
622.474 441.561 505.129 459.067 444.433 526.074 
622.467 441.562 505.15 459.242 447.098 528.107 
622.45 441.581 505.224 459.715 452.106 531.875 
622.44 441.565 505.231 459.851 454.142 533.286 
622.432 441.566 505.289 460.074 457.518 535.499 
622.404 441.554 505.442 460.614 463.258 538.944 
622.387 441.549 505.475 460.765 465.595 540.136 
622.354 441.529 505.534 461.05 469.05 541.73 
622.236 441.639 505.7 461.385 473.887 543.968 
622.195 441.643 505.734 461.457 475.812 544.531 
622.03 441.558 505.722 461.567 478.17 545.38 
621.842 441.556 505.683 461.666 481.214 546.27 
621.729 441.493 505.635 461.627 482.03 546.336 
621.648 441.505 505.452 461.549 483.308 546.588 
621.504 441.515 505.279 461.35 484.943 546.672 
621.46 441.515 505.152 461.235 485.503 546.628 
621.37 441.541 505.063 461.148 486.534 546.748 
621.287 441.526 505.045 461.376 488.325 547.062 
621.259 441.532 505.04 461.419 488.993 547.248 
621.21 441.539 505.073 461.513 490.132 547.45 
621.085 441.462 504.94 461.448 491.614 547.983 
621.043 441.447 504.915 461.444 492.175 548.157 
620.992 441.438 504.852 461.315 492.844 548.302 
620.911 441.413 504.825 461.309 493.89 548.585 
620.856 441.407 504.796 461.329 494.29 548.806 
620.722 441.396 504.746 461.318 494.851 548.845 
620.604 441.399 504.609 461.267 495.804 548.783 
620.518 441.404 504.552 461.231 496.245 548.774 
620.427 441.512 504.491 461.226 496.952 548.727 
620.315 441.493 504.397 461.299 498.16 548.812 
620.308 441.498 504.389 461.36 498.694 549.014 
620.314 441.502 504.395 461.465 498.881 549.14 
620.359 441.511 504.371 461.645 497.846 549.199 
620.393 441.529 504.399 461.652 497.428 549.216 
620.486 441.551 504.489 461.48 496.13 549.036 
620.694 441.459 504.595 461.374 493.363 548.684 
620.824 441.47 504.626 461.381 492.006 548.499 
620.921 441.465 504.7 461.421 490.095 548.406 
621.048 441.476 504.844 461.492 486.771 547.736 
621.09 441.475 504.853 461.362 485.391 547.275 
621.156 441.472 504.946 461.492 483.417 546.957 
621.266 441.489 505.007 461.933 479.747 546.329 
621.297 441.481 505.049 462.028 478.128 545.886 
621.32 441.489 505.112 462.135 475.534 545.447 
621.388 441.487 505.145 462.204 470.587 543.9 
621.438 441.453 505.154 462.136 468.327 542.993 
621.481 441.457 505.155 462.073 464.949 541.598 
621.578 441.457 505.126 461.937 458.816 538.543 
621.624 441.471 505.113 461.904 456.499 537.246 
621.656 441.494 505.065 461.885 453.255 535.171 
621.693 441.638 504.957 461.401 448.169 531.89 
621.695 441.711 504.931 461.17 446.374 530.467 
621.7 441.695 504.898 460.971 444.019 528.426 
621.675 441.515 504.842 460.663 440.291 525.077 
621.665 441.579 504.869 460.524 438.866 523.811 
621.661 441.585 504.896 460.27 437.017 521.664 
621.696 441.583 504.981 459.859 433.864 518.337 
621.701 441.572 504.978 459.71 432.798 516.992 
621.744 441.696 504.991 459.428 431.192 514.938 
621.827 441.702 505.104 459.09 428.884 511.779 
621.856 441.698 505.134 458.941 428.191 510.659 
621.892 441.677 505.171 458.531 426.885 508.715 
621.977 441.686 505.231 458.163 425.079 505.812 
621.994 441.618 505.306 458.011 424.202 504.451 
622.039 441.604 505.327 457.671 423.117 502.407 
622.082 441.462 505.491 457.216 421.153 498.38 
622.165 441.452 505.53 457.031 420.421 496.79 
622.099 441.464 505.636 456.734 419.178 494.05 
622.207 441.467 505.643 456.128 417.732 490.229 
622.213 441.484 505.685 455.969 417.113 488.656 
622.232 441.471 505.778 455.668 416.354 486.632 
622.283 441.47 505.883 455.316 415.366 483.25 
622.291 441.468 505.955 455.104 415.054 481.91 
622.314 441.451 505.96 454.89 414.513 480.29 
622.363 441.44 506.098 454.33 414.042 476.964 
622.386 441.441 506.126 454.014 413.705 475.639 
622.433 441.456 506.18 453.742 413.452 473.63 
622.491 441.472 506.38 453.035 413.006 470.232 
622.509 441.476 506.476 452.782 412.953 468.76 
622.539 441.494 506.553 452.349 412.924 467.098 
622.604 441.525 506.668 451.769 412.867 464.831 
622.581 441.598 506.72 451.489 412.88 463.663 
622.576 441.621 506.813 451.097 412.984 462.678 
622.562 441.64 506.939 450.191 412.872 460.496 
622.552 441.653 507.017 449.751 412.892 459.192 
622.546 441.661 507.08 449.173 412.853 457.328 
622.595 441.922 507.242 448.456 412.929 454.652 
622.669 442.162 507.267 448.267 412.85 453.667 
622.761 442.181 507.243 447.891 412.958 452.826 
622.815 442.256 507.341 447.636 413.065 452.258 
622.846 442.246 507.339 447.69 413.079 452.427 
622.838 442.239 507.359 447.912 413.118 452.563 
622.786 442.205 507.379 447.971 413.145 452.736 
622.765 442.193 507.39 447.972 413.145 452.746 
622.723 442.188 507.453 447.813 413.141 452.598 
622.716 442.233 507.476 447.221 413.101 451.211 
622.738 442.256 507.509 447.046 413.091 450.81 
622.784 442.272 507.569 446.807 412.995 449.611 
622.892 442.321 507.728 446.215 413.13 448.426 
622.94 442.329 507.804 446.044 413.159 447.895 
623.013 442.327 507.884 445.923 413.215 447.605 
623.073 442.343 508.003 445.707 413.506 447.223 
623.065 442.348 508.023 445.673 413.534 447.154 
623.063 442.33 508.034 445.574 413.549 447.01 
623.03 442.339 508.031 445.192 413.396 446.5 
623.016 442.34 508.021 445.129 413.37 446.263 
623.02 442.355 508.056 445.016 413.381 445.652 
623.055 442.381 508.084 444.754 413.384 445.324 
623.141 442.399 508.112 444.731 413.421 445.054 
623.185 442.403 508.162 444.719 413.46 445.003 
623.261 442.401 508.248 444.803 413.527 445.27 
623.287 442.397 508.248 444.85 413.543 445.342 
623.289 442.381 508.235 444.975 413.533 445.481 
623.256 442.393 508.191 445.056 413.643 445.681 
623.235 442.388 508.168 445.119 413.414 446.22 
623.211 442.39 508.092 445.253 413.391 446.465 
623.196 442.395 508.029 445.618 413.483 447.174 
623.208 442.402 507.988 445.767 413.31 447.692 
623.227 442.4 507.952 446.102 413.453 448.535 
623.25 442.414 507.758 446.81 413.445 450.927 
623.259 442.4 507.698 447.027 413.503 451.901 
623.243 442.397 507.611 447.641 413.512 453.681 
623.183 442.379 507.411 448.422 413.652 456.499 
623.125 442.353 507.328 448.595 413.855 457.433 
623.074 442.316 507.195 448.813 413.98 459.018 
623.044 442.305 506.926 449.122 414.172 461.545 
623.031 442.31 506.874 449.398 414.238 462.583 
623.013 442.313 506.782 449.668 414.534 464.274 
622.946 442.34 506.478 450.113 414.964 468.353 
622.91 442.328 506.337 450.561 415.282 470.008 
622.844 442.298 506.194 451.252 415.602 472.593 
622.721 442.358 506.003 452.38 416.197 476.415 
622.691 442.337 505.961 452.604 416.323 477.726 
622.687 442.316 505.877 452.909 416.708 478.882 
622.709 442.323 505.838 453.163 416.83 480.216 
622.729 442.354 505.838 453.221 416.869 480.472 
622.774 442.393 505.815 453.296 417.182 480.994 
622.87 442.359 505.803 453.149 417.754 482.531 
622.881 442.356 505.776 453.203 418.043 483.419 
622.88 442.351 505.704 453.448 418.644 485.175 
622.797 442.403 505.544 454.006 420.194 489.298 
622.776 442.379 505.444 454.212 420.881 491.236 
622.699 442.347 505.345 454.738 421.968 493.995 
622.58 442.284 505.116 455.466 424.086 498.79 
622.555 442.283 505.049 455.651 424.867 500.677 
622.533 442.267 504.973 455.963 426.385 503.188 
622.54 442.272 504.811 456.579 428.764 507.283 
622.557 442.297 504.792 456.789 429.61 508.823 
622.578 442.329 504.813 457.249 431.116 510.834 
622.618 442.319 504.797 457.76 433.373 513.95 
622.629 442.316 504.826 458.019 434.375 515.257 
622.629 442.334 504.847 458.262 435.61 516.807 
622.629 442.318 504.897 458.622 437.961 519.53 
622.601 442.316 504.896 458.858 438.988 520.623 
622.561 442.317 504.801 459.057 440.171 522.006 
622.494 442.146 504.783 459.307 442.284 523.923 
622.468 442.146 504.774 459.378 443.044 524.829 
622.373 442.102 504.776 459.518 444.145 525.82 
622.327 442.06 504.875 459.943 445.798 527.478 
622.329 442.054 504.89 460.023 446.473 527.964 
622.317 442.075 504.86 460.225 447.796 529.043 
622.293 442.083 504.882 460.544 450.42 530.968 
622.295 442.08 504.872 460.631 451.589 531.872 
622.286 442.06 504.891 460.78 453.588 533.287 
622.268 442.036 504.97 461.071 457.67 535.905 
622.25 442.023 504.993 461.19 459.433 537.051 
622.216 442.01 505.126 461.575 462.339 538.655 
622.141 441.956 505.126 461.933 467.068 541.168 
622.088 441.935 505.137 461.954 469.149 541.903 
622.016 441.92 505.122 461.933 471.986 543.085 
621.773 441.912 505.127 461.618 476.794 544.355 
621.737 441.911 505.193 461.528 478.62 544.935 
621.693 441.917 505.106 461.298 481.192 545.328 
621.61 441.971 504.998 461.112 485.21 546.064 
621.577 441.967 504.954 461.093 486.63 546.337 
621.508 441.981 504.891 461.132 488.479 546.595 
621.377 441.952 504.809 461.176 490.778 547.104 
621.306 441.826 504.768 461.19 491.477 547.116 
621.205 441.788 504.743 461.173 492.033 547.129 
621.098 441.891 504.655 461.059 492.748 547.12 
621.077 441.905 504.645 461.034 492.879 547.028 
621.054 441.902 504.623 461.003 493.077 546.782 
621.012 441.914 504.599 461.103 493.635 546.731 
621.0 441.921 504.593 461.137 493.782 546.73 
620.972 441.935 504.581 461.265 494.369 546.938 
620.946 441.918 504.49 461.507 495.26 547.26 
620.938 441.927 504.487 461.522 495.385 547.301 
620.922 441.912 504.482 461.624 495.606 547.428 
620.924 441.915 504.512 461.684 495.31 547.565 
620.925 441.912 504.508 461.689 495.18 547.585 
620.952 441.917 504.54 461.671 494.473 547.595 
621.026 441.942 504.556 461.659 492.732 547.386 
621.054 441.942 504.574 461.666 492.33 547.386 
621.185 441.885 504.598 461.696 490.283 547.144 
621.4 442.05 504.627 461.71 486.402 546.593 
621.423 442.058 504.623 461.71 485.433 546.446 
621.533 442.071 504.643 461.682 481.279 545.483 
621.662 442.064 504.736 461.79 475.207 543.752 
621.655 442.053 504.737 461.76 473.977 543.328 
621.727 442.07 504.672 461.629 468.579 541.223 
621.752 441.991 504.701 461.294 462.023 538.041 
621.736 441.983 504.682 461.255 460.876 537.579 
621.757 441.989 504.599 461.08 455.863 534.611 
621.75 441.978 504.493 460.931 450.619 531.249 
621.748 441.977 504.466 460.895 449.61 530.591 
621.754 442.013 504.42 460.671 445.916 527.754 
621.809 442.02 504.3 459.885 441.595 523.817 
621.816 442.024 504.296 459.785 440.789 522.906 
621.842 442.036 504.305 459.467 437.575 519.616 
621.875 442.019 504.401 458.884 433.705 515.087 
621.901 442.02 504.414 458.772 432.857 514.005 
622.048 442.064 504.48 458.27 429.956 510.294 
622.073 442.088 504.644 457.566 426.806 505.359 
622.054 442.102 504.67 457.425 426.369 504.42 
622.136 442.075 504.658 456.766 424.139 500.467 
622.192 442.048 504.965 456.087 421.646 495.418 
622.201 442.035 504.977 455.977 421.238 494.472 
622.219 442.038 505.146 455.43 419.495 490.318 
622.261 442.019 505.287 454.54 417.611 485.15 
622.279 442.029 505.33 454.322 417.327 483.911 
622.299 442.063 505.539 453.915 415.968 479.714 
622.359 442.106 505.698 453.043 414.831 474.662 
622.37 442.112 505.731 452.913 414.647 473.658 
622.412 442.125 505.967 452.284 414.026 470.084 
622.517 442.335 506.163 451.76 413.74 467.481 
622.604 442.378 506.322 450.733 413.41 463.341 
622.626 442.38 506.47 450.361 413.34 461.79 
622.654 442.418 506.622 449.761 413.33 459.627 
622.695 442.451 506.897 448.541 413.279 456.365 
622.702 442.45 506.974 447.986 413.281 454.951 
622.712 442.459 507.148 447.358 413.323 453.248 
622.768 442.402 507.332 446.702 413.388 451.014 
622.788 442.427 507.36 446.556 413.495 450.659 
622.821 442.42 507.456 446.261 413.51 449.841 
622.846 442.438 507.512 446.078 413.576 449.311 
622.853 442.415 507.529 446.05 413.605 449.274 
622.831 442.404 507.595 445.989 413.705 449.14 
622.747 442.479 507.697 445.661 413.756 448.542 
622.732 442.464 507.702 445.374 413.704 448.194 
622.736 442.459 507.755 445.112 413.734 447.291 
622.855 442.422 507.828 444.556 413.769 445.715 
622.892 442.448 507.87 444.396 413.764 445.38 
622.963 442.474 507.917 444.186 413.646 444.923 
623.082 442.49 507.976 444.31 413.783 444.736 
623.13 442.5 508.004 444.442 413.823 445.087 
623.156 442.472 508.065 444.599 413.866 445.384 
623.104 442.411 508.049 445.037 413.849 446.397 
623.064 442.4 507.983 445.199 413.844 446.896 
623.028 442.392 507.946 445.523 413.854 447.308 
623.015 442.389 507.857 445.758 413.812 448.093 
623.003 442.391 507.817 445.824 413.819 448.261 
623.008 442.379 507.786 445.963 413.888 448.738 
623.033 442.396 507.723 446.16 414.019 449.379 
623.039 442.381 507.71 446.226 414.048 449.583 
623.022 442.37 507.651 446.374 414.003 449.997 
622.979 442.359 507.586 446.62 414.028 450.886 
622.977 442.358 507.594 446.792 414.014 451.031 
622.982 442.358 507.582 446.887 413.97 451.206 
623.013 442.377 507.491 447.048 413.87 451.715 
623.032 442.387 507.46 447.12 413.875 452.063 
623.068 442.399 507.422 447.266 413.956 452.765 
623.145 442.415 507.334 447.939 414.106 454.596 
623.135 442.42 507.23 448.264 414.065 455.649 
623.086 442.41 507.113 448.657 414.091 457.28 
622.995 442.379 506.837 449.325 414.177 460.388 
622.954 442.379 506.767 449.548 414.282 461.534 
622.917 442.364 506.582 449.868 414.529 463.17 
622.876 442.344 506.446 450.25 414.768 465.299 
622.864 442.346 506.406 450.419 414.849 466.235 
622.858 442.351 506.334 450.47 415.067 467.481 
622.83 442.354 506.236 450.567 415.5 469.434 
622.793 442.445 506.098 450.693 415.592 470.277 
622.775 442.456 506.014 450.823 415.855 471.743 
622.751 442.464 505.876 451.077 416.39 474.429 
622.731 442.462 505.823 451.186 416.713 475.61 
622.717 442.464 505.75 451.361 417.169 477.296 
622.666 442.468 505.523 451.739 417.956 480.297 
622.653 442.468 505.466 451.922 418.211 481.721 
622.621 442.472 505.413 452.185 418.841 483.304 
622.596 442.483 505.318 452.538 419.74 486.315 
622.578 442.487 505.246 452.709 420.12 487.439 
622.579 442.481 505.215 453.067 420.643 489.095 
622.555 442.482 505.134 453.497 421.674 491.78 
622.53 442.503 505.125 453.643 422.125 492.948 
622.565 442.495 504.906 453.967 422.822 494.532 
622.546 442.526 504.816 454.211 424.009 497.196 
622.549 442.529 504.762 454.322 424.768 498.402 
622.525 442.527 504.669 454.554 425.946 500.55 
622.48 442.539 504.428 455.157 428.194 504.351 
622.454 442.525 504.386 455.367 429.057 505.844 
622.416 442.517 504.372 455.806 430.535 508.19 
622.286 442.446 504.256 456.343 432.625 511.421 
622.261 442.43 504.263 456.572 433.293 512.241 
622.252 442.43 504.254 456.769 434.293 513.492 
622.252 442.459 504.234 456.86 436.179 515.634 
622.28 442.491 504.254 456.907 436.956 516.396 
622.289 442.517 504.214 457.13 438.291 517.788 
622.336 442.506 504.115 457.681 440.526 520.296 
622.42 442.548 504.097 457.825 441.443 521.206 
622.329 442.502 504.087 458.013 443.146 522.878 
622.28 442.495 504.173 458.445 445.997 525.447 
622.26 442.47 504.131 458.55 447.189 526.392 
622.231 442.457 504.136 458.695 448.777 527.777 
622.216 442.457 504.108 459.066 451.483 530.076 
622.212 442.461 504.128 459.163 452.557 530.875 
622.221 442.453 504.163 459.314 454.233 532.102 
622.257 442.448 504.258 459.555 457.084 534.012 
622.274 442.461 504.301 459.678 458.188 534.972 
622.282 442.436 504.458 460.005 460.073 536.145 
622.253 442.44 504.486 460.555 463.465 538.164 
622.241 442.432 504.485 460.625 464.818 538.875 
622.197 442.426 504.496 460.723 467.039 539.986 
622.095 442.269 504.516 460.888 470.711 541.769 
621.978 442.271 504.509 460.97 472.178 542.234 
621.9 442.254 504.505 461.076 474.132 543.15 
621.737 442.226 504.482 461.234 477.001 544.136 
621.697 442.212 504.482 461.303 478.167 544.386 
621.636 442.186 504.459 461.327 479.492 544.892 
621.577 442.178 504.42 461.269 481.211 545.003 
621.569 442.171 504.394 461.207 481.937 545.102 
621.533 442.155 504.265 461.136 482.698 545.395 
621.421 442.161 504.218 460.998 484.36 545.573 
621.382 442.143 504.209 460.978 485.105 545.609 
621.322 442.145 504.22 460.945 486.564 545.947 
621.276 442.122 504.215 460.909 489.173 546.309 
621.233 442.041 504.211 460.947 490.369 546.812 
621.167 441.893 504.184 461.056 491.907 547.078 
621.114 441.845 504.139 461.257 493.91 547.738 
621.096 441.834 504.128 461.32 494.497 547.804 
621.022 441.902 504.106 461.399 494.753 547.841 
621.007 441.914 504.098 461.416 494.264 547.767 
621.017 441.923 504.098 461.389 493.696 547.717 
621.051 441.939 504.116 461.364 492.6 547.395 
621.173 441.882 504.152 461.36 490.144 547.088 
621.235 441.996 504.254 461.388 488.98 546.805 
621.297 442.003 504.278 461.466 487.054 546.57 
621.411 442.072 504.23 461.875 483.332 545.952 
621.447 442.072 504.253 461.976 481.644 545.777 
621.476 442.094 504.272 462.086 479.047 545.181 
621.536 442.094 504.272 462.037 474.249 543.493 
621.562 442.083 504.25 461.986 472.214 542.657 
621.607 442.093 504.232 461.873 468.909 541.483 
621.683 442.096 504.244 461.52 462.964 538.937 
621.709 442.043 504.121 461.428 460.437 537.422 
621.726 442.097 504.063 461.251 456.666 535.419 
621.745 442.104 503.969 460.896 450.679 531.092 
621.75 442.118 503.935 460.73 448.442 529.453 
621.77 442.144 503.879 460.167 445.397 526.894 
621.793 442.138 503.878 459.587 440.718 522.486 
621.811 442.147 503.894 459.346 438.954 520.75 
621.83 442.127 503.959 458.882 436.583 518.006 
621.863 442.141 503.979 458.203 433.174 513.714 
621.87 442.151 503.989 458.022 431.93 512.086 
621.876 442.152 504.027 457.752 430.27 509.521 
621.932 442.169 504.142 457.122 427.752 505.806 
621.937 442.159 504.171 456.94 426.658 504.204 
622.044 442.175 504.23 456.692 425.487 501.827 
622.102 442.146 504.489 456.063 423.361 498.045 
622.128 442.136 504.543 455.861 422.65 496.432 
622.201 442.123 504.627 455.509 421.471 493.711 
622.261 442.112 504.806 454.574 419.893 489.205 
622.295 442.102 504.887 454.372 419.16 487.128 
622.319 442.115 505.006 454.101 418.176 484.094 
622.381 442.133 505.237 453.155 416.986 479.55 
622.376 442.144 505.26 452.778 416.403 477.865 
622.388 442.132 505.377 452.404 415.953 475.142 
622.39 442.126 505.602 451.741 415.162 470.676 
622.391 442.127 505.702 451.321 414.766 469.371 
622.446 442.192 505.811 450.915 414.548 466.97 
622.497 442.324 506.062 450.195 413.956 463.509 
622.529 442.347 506.159 449.977 413.831 461.843 
622.583 442.381 506.294 449.587 413.676 459.954 
622.691 442.436 506.576 448.843 413.482 456.854 
622.779 442.386 506.753 448.616 413.428 455.838 
622.85 442.421 506.888 447.973 413.427 454.422 
622.935 442.448 507.193 447.181 413.502 451.967 
622.959 442.46 507.279 446.96 413.455 451.135 
622.991 442.464 507.35 446.636 413.472 450.078 
623.006 442.48 507.489 446.032 413.499 448.912 
623.02 442.477 507.508 445.932 413.517 448.469 
623.023 442.468 507.563 445.868 413.546 448.264 
623.022 442.487 507.573 445.819 413.589 448.29 
623.015 442.489 507.572 445.862 413.608 448.366 
623.014 442.473 507.505 446.032 413.624 448.605 
622.987 442.474 507.493 446.13 413.703 449.184 
622.967 442.468 507.477 446.119 413.759 449.382 
622.953 442.461 507.479 446.082 413.766 449.365 
622.932 442.459 507.565 445.788 413.707 448.786 
622.947 442.447 507.565 445.573 413.725 448.259 
622.98 442.454 507.627 445.362 413.859 447.632 
623.051 442.473 507.689 444.917 413.92 446.437 
623.131 442.476 507.748 444.662 413.918 446.009 
623.172 442.493 507.787 444.522 413.947 445.738 
623.223 442.5 507.836 444.534 413.955 445.684 
623.237 442.505 507.845 444.592 413.976 445.779 
623.215 442.492 507.834 444.708 413.992 446.073 
623.178 442.469 507.772 445.206 413.923 447.189 
623.155 442.462 507.746 445.286 413.927 447.39 
623.133 442.456 507.718 445.377 413.948 447.663 
623.048 442.461 507.668 445.461 413.937 447.959 
623.071 442.472 507.647 445.507 413.878 448.087 
623.081 442.46 507.661 445.651 413.884 448.286 
623.089 442.46 507.647 445.709 413.952 448.627 
623.094 442.459 507.647 445.743 413.948 448.848 
623.094 442.456 507.633 445.755 413.976 448.985 
623.06 442.408 507.61 445.838 414.042 449.371 
623.057 442.396 507.607 445.885 414.051 449.501 
623.045 442.381 507.57 446.083 414.038 450.417 
623.03 442.37 507.49 446.343 414.015 451.017 
623.033 442.376 507.411 446.671 414.049 452.73 
623.036 442.39 507.345 446.9 414.082 453.28 
623.039 442.378 507.277 447.216 414.219 454.747 
623.001 442.382 507.101 448.122 414.188 457.308 
622.988 442.382 507.036 448.471 414.261 458.26 
622.946 442.372 506.836 448.839 414.322 459.874 
622.907 442.37 506.619 449.209 414.358 461.599 
622.882 442.38 506.57 449.527 414.396 462.667 
622.862 442.399 506.465 449.675 414.617 463.485 
622.856 442.422 506.375 449.842 414.789 465.27 
622.845 442.42 506.326 449.952 414.831 466.146 
622.846 442.439 506.26 450.178 415.03 467.522 
622.784 442.525 506.036 450.607 415.57 470.295 
622.774 442.521 505.995 450.753 415.819 471.748 
622.751 442.508 505.882 451.049 416.324 473.698 
622.709 442.51 505.684 451.476 417.018 477.033 
622.664 442.5 505.592 451.891 417.496 479.166 
622.631 442.49 505.517 452.313 418.148 481.8 
622.583 442.475 505.367 452.526 418.733 483.389 
622.56 442.48 505.264 453.085 419.492 486.088 
622.552 442.49 505.249 453.242 419.649 486.957 
622.572 442.493 505.221 453.5 420.135 488.37 
622.566 442.522 505.242 453.686 420.524 489.79 
622.588 442.537 505.236 453.719 420.594 489.967 
622.581 442.565 505.162 453.912 421.161 491.289 
622.593 442.572 505.137 453.965 421.486 492.216 
622.592 442.586 504.951 454.162 422.764 494.635 
622.588 442.583 504.9 454.247 423.397 495.765 
622.561 442.604 504.767 454.476 424.946 498.667 
622.518 442.597 504.555 454.967 426.758 502.198 
622.47 442.584 504.422 455.42 428.357 504.807 
622.421 442.574 504.329 455.933 429.941 507.387 
622.309 442.501 504.23 456.403 432.062 510.502 
622.295 442.496 504.241 456.787 433.478 512.578 
622.284 442.494 504.265 457.004 434.953 514.494 
622.307 442.525 504.22 457.34 436.987 516.901 
622.313 442.542 504.228 457.584 438.065 517.842 
622.389 442.582 504.184 457.812 439.62 519.57 
622.393 442.567 504.195 458.009 440.934 520.92 
622.311 442.533 504.308 458.441 443.289 523.388 
622.297 442.528 504.306 458.56 444.133 524.306 
622.303 442.515 504.21 458.979 445.97 525.958 
622.283 442.511 504.231 459.221 448.62 528.125 
622.276 442.517 504.256 459.259 449.328 528.675 
622.251 442.53 504.292 459.513 452.344 530.933 
622.253 442.518 504.429 459.714 454.978 532.793 
622.225 442.524 504.572 460.141 457.844 534.855 
622.207 442.525 504.575 460.299 459.379 535.823 
622.222 442.518 504.616 460.665 462.606 537.685 
622.191 442.518 504.7 460.926 466.544 539.824 
622.171 442.516 504.738 460.994 468.174 540.536 
622.104 442.517 504.794 460.977 471.127 541.859 
621.979 442.519 504.796 460.904 473.388 542.685 
621.797 442.37 504.804 460.765 476.928 543.726 
621.757 442.366 504.793 460.707 478.262 544.059 
621.687 442.364 504.768 460.637 480.152 544.704 
621.59 442.354 504.689 460.645 482.979 545.718 
621.561 442.357 504.664 460.69 484.003 546.048 
621.472 442.343 504.613 460.736 485.369 546.637 
621.4 442.317 504.559 460.881 487.005 547.396 
621.374 442.317 504.544 460.971 487.498 547.516 
621.339 442.317 504.544 461.013 487.794 547.555 
621.287 442.346 504.516 461.023 487.688 547.491 
621.243 442.382 504.502 461.004 487.513 547.382 
621.227 442.524 504.481 460.971 487.227 547.101 
621.164 442.617 504.436 460.93 486.525 546.646 
621.147 442.638 504.438 460.953 486.405 546.578 
621.134 442.655 504.432 460.994 486.368 546.526 
621.12 442.671 504.43 461.088 486.643 546.527 
621.121 442.671 504.427 461.113 486.827 546.57 
621.108 442.666 504.417 461.147 487.08 546.651 
621.088 442.655 504.413 461.22 487.684 546.888 
621.078 442.652 504.398 461.249 487.718 547.126 
621.065 442.654 504.408 461.298 488.144 547.346 
621.07 442.648 504.432 461.346 488.205 547.469 
621.055 442.63 504.419 461.305 488.144 547.47 
621.037 442.626 504.42 461.269 487.892 547.437 
621.044 442.448 504.431 461.24 487.529 547.298 
621.099 442.536 504.441 461.203 487.386 547.265 
621.127 442.401 504.454 461.206 486.987 547.226 
621.27 442.224 504.462 461.175 486.558 546.97 
621.305 442.173 504.48 461.164 486.418 546.939 
621.358 442.055 504.486 461.164 486.281 546.896 
621.426 441.896 504.5 461.195 486.193 546.879 
621.413 441.738 504.493 461.186 486.204 546.888 
621.424 441.643 504.486 461.202 486.246 546.918 
621.345 441.483 504.48 461.253 486.421 547.051 
621.233 441.441 504.482 461.283 486.282 547.187 
