598.964 456.297 486.09 485.829 434.813 589.007 
598.888 456.367 485.969 485.85 433.848 588.867 
598.944 456.382 485.917 485.799 432.524 588.228 
598.919 456.371 485.871 485.683 429.775 587.346 
598.924 456.372 485.855 485.656 428.427 587.156 
598.9 456.38 485.806 485.586 426.726 586.306 
598.896 456.366 485.677 485.411 423.46 585.144 
598.902 456.379 485.622 485.347 422.253 584.431 
598.892 456.384 485.678 485.207 420.016 583.944 
598.949 456.396 485.622 484.934 417.09 582.034 
598.958 456.393 485.608 484.858 415.625 581.61 
598.98 456.383 485.62 484.738 413.917 580.418 
598.995 456.395 485.615 484.441 410.627 578.592 
599.019 456.387 485.601 484.341 409.372 577.837 
599.035 456.396 485.494 484.127 407.409 576.604 
599.077 456.34 485.445 483.902 404.502 574.17 
599.102 456.333 485.424 483.835 403.446 573.279 
599.101 456.378 485.412 483.769 401.624 572.139 
599.156 456.323 485.31 483.625 398.81 569.859 
599.168 456.32 485.273 483.554 398.226 569.116 
599.174 456.316 485.236 483.391 396.653 567.81 
599.218 456.277 485.105 483.109 394.086 565.427 
599.237 456.258 485.037 482.735 392.857 564.507 
599.235 456.231 484.99 482.341 391.341 562.448 
599.271 456.184 485.02 481.855 388.094 558.443 
599.291 456.166 485.03 481.698 386.651 556.591 
599.382 456.164 485.017 481.325 384.506 553.468 
599.453 456.177 484.984 480.722 380.968 548.183 
599.492 456.174 485.019 480.508 379.92 546.065 
599.606 456.164 485.061 480.098 377.822 543.356 
599.623 456.153 485.038 479.596 375.344 538.308 
599.724 456.017 484.988 479.418 374.44 536.433 
599.704 455.999 484.988 478.972 373.086 533.786 
599.747 455.975 484.848 478.319 371.174 528.625 
599.751 455.979 484.907 478.017 370.312 526.685 
599.776 455.983 484.891 477.738 369.196 523.659 
599.896 455.999 484.956 477.127 367.114 518.367 
599.917 456.02 484.944 476.847 366.768 516.227 
599.973 456.018 485.042 476.345 366.355 513.183 
600.098 455.995 485.229 475.614 365.112 509.055 
600.112 456.013 485.249 475.423 364.612 507.636 
600.143 456.008 485.391 474.81 364.328 505.483 
600.162 455.992 485.523 473.946 363.78 501.315 
600.159 455.987 485.813 473.57 363.807 499.291 
600.175 455.997 485.911 473.075 363.478 496.464 
600.339 456.159 486.16 471.852 363.089 491.245 
600.392 456.182 486.175 471.422 363.189 489.292 
600.501 456.214 486.266 470.769 363.232 486.926 
600.6 456.41 486.316 470.182 363.319 484.596 
600.64 456.423 486.292 470.056 363.419 484.17 
600.675 456.434 486.321 469.974 363.187 483.949 
600.665 456.262 486.407 469.689 363.376 483.896 
600.627 456.252 486.424 469.557 363.437 483.748 
600.566 456.221 486.403 469.341 363.339 483.244 
600.523 456.211 486.501 468.695 363.392 480.557 
600.555 456.226 486.536 467.971 363.766 478.791 
600.622 456.277 486.653 467.262 362.84 476.879 
600.685 456.537 486.679 466.338 363.195 473.626 
600.787 456.527 486.915 465.932 363.162 472.925 
600.891 456.617 487.115 465.474 363.642 472.051 
600.982 456.608 487.296 465.434 364.023 471.756 
600.977 456.599 487.332 465.582 364.111 471.75 
601.006 456.564 487.417 465.524 364.25 471.779 
601.014 456.428 487.501 465.491 364.304 471.749 
601.015 456.445 487.47 465.314 364.315 471.676 
601.021 456.478 487.507 465.194 364.35 471.402 
601.053 456.595 487.475 464.963 364.594 470.267 
601.177 456.595 487.533 464.717 364.137 469.798 
601.207 456.596 487.592 464.154 364.277 469.098 
601.315 456.565 487.832 463.137 364.527 466.972 
601.343 456.56 487.909 462.832 364.294 466.118 
601.382 456.557 488.017 462.417 364.522 464.851 
601.338 456.792 488.229 461.415 365.132 462.864 
601.383 456.817 488.291 461.211 365.162 462.504 
601.47 456.824 488.414 461.101 365.587 461.855 
601.512 456.843 488.505 461.221 365.43 462.365 
601.58 456.832 488.473 461.446 365.405 462.722 
601.529 456.824 488.465 461.833 365.518 463.508 
601.51 456.807 488.554 462.42 365.864 464.777 
601.486 456.789 488.461 462.69 365.866 465.15 
601.478 456.776 488.428 462.929 365.86 466.317 
601.488 456.84 488.365 463.076 365.875 466.912 
601.501 456.854 488.336 463.121 365.887 466.987 
601.591 456.853 488.274 463.18 365.786 467.05 
601.625 456.897 488.14 463.069 365.282 467.091 
601.636 456.907 488.1 463.012 365.222 467.032 
601.658 456.899 488.058 463.015 365.158 467.042 
601.836 456.816 487.995 463.134 365.183 467.322 
601.825 456.822 487.991 463.234 365.173 467.552 
601.662 456.899 487.907 463.551 364.917 468.539 
601.64 456.868 487.788 464.278 365.377 469.797 
601.651 456.858 487.765 464.512 364.703 470.63 
601.657 456.843 487.725 465.141 364.95 472.599 
601.659 456.833 487.466 466.285 364.444 476.374 
601.664 456.823 487.421 466.51 364.86 477.068 
601.648 456.673 487.174 467.733 364.718 480.461 
601.608 456.563 486.935 468.868 364.84 484.82 
601.55 456.544 486.919 469.029 364.805 485.381 
601.502 456.394 486.81 469.595 364.599 488.518 
601.426 456.332 486.627 470.308 364.974 491.481 
601.42 456.319 486.593 470.39 365.006 491.944 
601.378 456.299 486.467 470.679 365.127 493.988 
601.356 456.324 486.206 471.231 364.972 497.148 
601.406 456.331 486.154 471.298 365.059 498.036 
601.373 456.347 485.996 471.522 366.092 500.838 
601.365 456.327 485.587 472.359 366.635 506.111 
601.352 456.331 485.541 472.513 366.454 507.119 
601.329 456.319 485.268 473.229 367.117 511.57 
601.3 456.3 484.988 474.031 368.977 517.17 
601.318 456.254 484.964 474.145 369.215 518.293 
601.28 456.251 484.964 474.717 371.296 522.467 
601.221 456.236 484.863 475.604 372.819 527.44 
601.232 456.219 484.846 475.733 373.161 528.337 
601.243 456.181 484.822 476.316 374.773 531.557 
601.246 456.18 484.807 476.743 376.015 533.772 
601.263 456.185 484.891 477.212 377.559 537.472 
601.261 456.177 484.992 477.412 378.364 538.896 
601.246 456.19 484.995 477.599 379.427 540.811 
601.214 456.182 485.072 477.94 381.401 544.199 
601.207 456.171 485.108 478.07 382.206 545.452 
601.199 456.166 485.154 478.351 383.689 547.587 
601.22 456.048 485.162 478.906 386.247 551.333 
601.225 456.038 485.054 479.301 387.253 553.045 
601.2 456.045 485.226 479.572 389.222 555.267 
601.194 456.031 485.173 480.27 392.648 559.136 
601.213 456.028 485.166 480.494 394.047 561.057 
601.193 456.043 485.184 480.83 396.461 563.468 
601.214 456.027 485.253 481.514 401.016 567.402 
601.221 456.02 485.259 481.673 402.707 569.036 
601.229 456.021 485.345 481.875 405.954 571.142 
601.209 456.041 485.485 482.42 411.45 575.035 
601.196 456.025 485.524 482.577 413.767 576.455 
601.175 456.027 485.645 482.832 417.653 578.639 
601.159 456.015 485.878 483.45 424.2 581.938 
601.147 456.011 485.962 483.623 426.941 583.01 
601.115 455.991 486.047 483.95 431.038 584.38 
600.94 456.113 486.364 484.327 437.04 586.274 
600.897 456.118 486.459 484.407 438.896 586.658 
600.708 456.036 486.504 484.535 441.553 587.296 
600.539 456.042 486.537 484.651 444.532 587.894 
600.618 455.978 486.45 484.61 445.583 587.833 
600.546 455.994 486.167 484.534 446.542 587.955 
600.392 456.01 485.794 484.317 447.832 587.821 
600.341 456.012 485.76 484.189 448.43 587.68 
600.156 456.044 485.719 484.094 449.127 587.683 
600.064 456.032 485.597 484.362 450.728 587.79 
600.027 456.039 485.578 484.413 451.621 587.895 
599.943 456.05 485.435 484.524 452.812 587.955 
599.939 455.972 485.383 484.456 454.762 588.331 
599.893 455.958 485.35 484.453 455.296 588.451 
599.85 455.951 485.332 484.306 456.243 588.503 
599.803 455.927 485.294 484.301 457.81 588.645 
599.745 455.924 485.268 484.327 458.325 588.838 
599.635 455.917 485.189 484.318 458.661 588.81 
599.551 455.925 484.912 484.27 459.801 588.578 
599.462 455.933 484.794 484.233 460.088 588.508 
599.332 456.052 484.66 484.233 460.713 588.347 
599.247 456.036 484.502 484.326 461.836 588.265 
599.237 456.042 484.522 484.397 462.262 588.426 
599.246 456.046 484.546 484.519 462.451 588.545 
599.274 456.054 484.71 484.726 462.052 588.74 
599.298 456.071 484.72 484.733 461.139 588.853 
599.383 456.091 484.671 484.529 459.793 588.845 
599.646 455.984 484.846 484.397 457.094 588.855 
599.756 455.99 484.923 484.402 455.948 588.835 
599.857 455.981 485.072 484.442 453.979 589.026 
599.966 455.988 485.294 484.513 450.453 588.759 
599.989 455.986 485.43 484.359 449.073 588.425 
600.054 455.979 485.509 484.504 446.939 588.361 
600.069 455.993 485.659 485.012 443.119 588.189 
600.086 455.984 485.755 485.12 441.571 587.906 
600.094 455.991 485.929 485.237 438.578 587.803 
600.174 455.987 486.007 485.314 433.318 586.722 
600.321 455.948 486.086 485.233 430.852 585.987 
600.37 455.949 486.085 485.16 427.051 584.838 
600.467 455.946 486.067 485.003 420.365 582.083 
600.524 455.959 486.035 484.965 417.737 580.864 
600.581 455.981 485.892 484.949 414.018 578.833 
600.586 456.132 485.788 484.392 408.223 575.586 
600.613 456.209 485.686 484.126 406.37 574.095 
600.617 456.192 485.524 483.898 403.207 571.953 
600.63 456.003 485.28 483.546 398.807 568.365 
600.64 456.07 485.251 483.384 397.369 566.993 
600.629 456.077 485.193 483.088 395.115 564.598 
600.669 456.073 485.151 482.605 391.647 560.894 
600.676 456.061 485.141 482.432 390.169 559.375 
600.662 456.192 485.214 482.101 388.559 557.021 
600.755 456.194 485.308 481.7 386.021 553.373 
600.78 456.188 485.306 481.525 385.028 552.07 
600.827 456.164 485.34 481.044 383.88 549.788 
600.786 456.172 485.408 480.612 381.586 546.382 
600.793 456.1 485.476 480.429 380.755 544.775 
600.832 456.083 485.541 480.031 379.219 542.347 
600.945 455.93 485.4 479.495 377.22 537.499 
601.033 455.917 485.442 479.278 376.163 535.587 
600.958 455.931 485.515 478.925 375.091 532.257 
601.062 455.931 485.59 478.217 373.007 527.601 
601.067 455.948 485.608 478.029 372.349 525.675 
601.11 455.934 485.663 477.674 371.233 523.2 
601.149 455.931 485.717 477.258 370.133 519.013 
601.169 455.928 485.673 477.008 369.686 517.348 
601.195 455.909 485.627 476.759 368.433 515.364 
601.263 455.895 485.721 476.1 367.9 511.185 
601.283 455.895 485.827 475.728 367.296 509.539 
601.322 455.909 485.828 475.408 366.845 507.013 
601.392 455.923 485.966 474.574 366.161 502.737 
601.423 455.926 485.871 474.277 366.199 500.866 
601.458 455.944 485.865 473.769 365.527 498.769 
601.535 455.974 485.784 473.09 365.163 495.897 
601.519 456.052 485.665 472.764 365.298 494.406 
601.52 456.076 485.695 472.303 364.868 493.157 
601.522 456.097 485.796 471.241 364.631 490.392 
601.496 456.111 485.905 470.723 364.893 488.724 
601.506 456.12 485.974 470.046 364.989 486.351 
601.481 456.395 485.978 469.205 364.801 482.945 
601.59 456.644 485.982 468.984 365.119 481.689 
601.846 456.659 485.967 468.547 364.632 480.623 
601.96 456.735 485.961 468.246 364.521 479.897 
602.016 456.723 485.972 468.309 364.53 480.11 
601.997 456.716 485.905 468.568 364.658 480.28 
601.919 456.683 485.925 468.635 364.797 480.497 
601.89 456.671 485.953 468.635 364.848 480.508 
601.845 456.667 485.959 468.448 364.869 480.32 
601.834 456.716 486.224 467.753 365.096 478.552 
601.862 456.739 486.269 467.547 365.035 478.043 
601.907 456.754 486.428 467.264 364.936 476.523 
602.034 456.801 486.535 466.568 364.742 475.011 
602.081 456.807 486.631 466.365 364.972 474.331 
602.143 456.802 486.74 466.219 365.068 473.958 
602.172 456.816 486.924 465.961 365.748 473.448 
602.147 456.822 486.938 465.92 365.787 473.359 
602.137 456.804 486.949 465.804 365.83 473.174 
602.099 456.814 486.965 465.36 365.462 472.537 
602.095 456.816 486.961 465.286 365.434 472.237 
602.107 456.832 486.996 465.153 365.579 471.456 
602.161 456.857 487.054 464.846 365.577 471.04 
602.242 456.872 487.091 464.818 365.75 470.691 
602.28 456.875 487.164 464.801 365.847 470.623 
602.341 456.87 487.289 464.894 365.904 470.96 
602.345 456.865 487.297 464.948 365.911 471.051 
602.343 456.848 487.292 465.094 365.943 471.227 
602.305 456.862 487.237 465.191 366.366 471.47 
602.296 456.857 487.219 465.266 365.558 472.179 
602.274 456.861 487.133 465.425 365.552 472.491 
602.261 456.866 486.991 465.855 365.725 473.386 
602.271 456.874 486.947 466.031 365.26 474.061 
602.308 456.87 486.856 466.423 365.448 475.124 
602.326 456.885 486.681 467.258 365.001 478.177 
602.339 456.869 486.598 467.514 364.988 479.414 
602.309 456.866 486.225 468.238 364.676 481.684 
602.223 456.851 486.019 469.158 364.632 485.265 
602.152 456.825 485.912 469.364 364.907 486.438 
602.086 456.789 485.73 469.626 364.894 488.448 
602.03 456.779 485.639 469.998 364.894 491.652 
602.013 456.785 485.51 470.323 364.817 492.972 
601.998 456.789 485.414 470.644 365.286 495.096 
601.932 456.82 485.087 471.18 365.638 500.249 
601.888 456.809 485.007 471.709 366.186 502.321 
601.831 456.78 484.827 472.524 366.654 505.573 
601.586 456.85 484.775 473.847 367.704 510.361 
601.512 456.83 484.822 474.11 367.825 512.013 
601.503 456.807 485.031 474.464 368.961 513.422 
601.586 456.814 485.137 474.76 369.63 515.086 
601.607 456.846 485.171 474.827 369.805 515.403 
601.663 456.885 485.17 474.915 370.425 516.026 
601.885 456.843 485.221 474.744 371.193 517.913 
601.909 456.839 485.16 474.809 371.584 519.005 
601.897 456.834 485.022 475.1 372.383 521.163 
601.671 456.895 484.737 475.763 373.708 526.228 
601.637 456.87 484.595 476.01 374.59 528.597 
601.501 456.84 484.385 476.631 376.09 531.949 
601.378 456.779 484.281 477.493 378.442 537.75 
601.346 456.779 484.229 477.711 379.547 540.022 
601.323 456.763 484.197 478.08 381.272 542.995 
601.348 456.768 484.354 478.802 384.314 547.822 
601.378 456.793 484.434 479.047 385.409 549.637 
601.388 456.826 484.538 479.58 387.327 551.95 
601.441 456.813 484.661 480.175 390.485 555.517 
601.446 456.811 484.703 480.475 391.305 557.026 
601.447 456.829 484.808 480.755 393.169 558.769 
601.447 456.812 484.987 481.17 395.929 561.826 
601.428 456.811 484.983 481.445 396.958 563.046 
601.382 456.814 485.06 481.679 398.444 564.587 
601.392 456.635 485.054 481.972 400.849 566.659 
601.365 456.637 485.078 482.056 401.515 567.68 
601.444 456.592 485.102 482.219 402.724 568.747 
601.38 456.55 485.011 482.712 404.461 570.559 
601.371 456.543 485.044 482.803 405.52 571.043 
601.373 456.566 485.181 483.037 407.053 572.175 
601.353 456.575 485.33 483.405 409.968 574.153 
601.352 456.572 485.355 483.507 411.541 575.075 
601.347 456.552 485.409 483.678 413.753 576.508 
601.329 456.527 485.591 484.01 418.295 579.086 
601.309 456.514 485.654 484.146 420.172 580.217 
601.26 456.502 485.58 484.591 423.626 581.706 
601.173 456.448 485.717 485.006 429.106 583.999 
601.104 456.428 485.749 485.029 431.432 584.558 
601.031 456.416 485.725 485.005 434.714 585.527 
600.793 456.417 485.762 484.637 439.624 586.31 
600.751 456.417 485.72 484.531 441.436 586.726 
600.707 456.425 485.78 484.264 444.253 586.787 
600.596 456.487 485.672 484.055 448.447 587.037 
600.558 456.484 485.576 484.037 449.897 587.141 
600.496 456.501 485.437 484.089 451.774 587.161 
600.365 456.477 485.304 484.146 454.227 587.402 
600.342 456.346 485.246 484.166 455.105 587.299 
600.37 456.308 485.198 484.148 455.681 587.227 
600.168 456.423 485.07 484.022 456.01 587.128 
600.149 456.439 485.075 483.993 456.088 587.002 
600.146 456.436 485.048 483.958 456.272 586.681 
600.119 456.45 485.096 484.075 456.348 586.561 
600.116 456.458 485.116 484.114 456.384 586.544 
600.094 456.474 485.149 484.264 456.923 586.703 
600.076 456.457 485.145 484.55 457.658 586.955 
600.06 456.467 485.133 484.568 457.822 586.982 
599.999 456.453 485.124 484.688 458.153 587.091 
599.991 456.456 485.188 484.755 457.984 587.292 
599.995 456.452 485.197 484.761 457.868 587.335 
600.016 456.457 485.235 484.738 457.307 587.448 
600.126 456.479 485.27 484.722 455.588 587.467 
600.153 456.478 485.286 484.729 455.092 587.534 
600.397 456.412 485.336 484.762 453.012 587.566 
600.438 456.579 485.337 484.777 448.975 587.52 
600.463 456.586 485.318 484.778 448.133 587.487 
600.564 456.596 485.316 484.744 443.702 586.994 
600.693 456.583 485.271 484.867 437.151 585.879 
600.671 456.571 485.27 484.831 435.579 585.576 
600.739 456.587 485.372 484.679 429.804 583.88 
600.785 456.501 485.254 484.29 422.495 581.049 
600.778 456.494 485.218 484.247 420.81 580.688 
600.802 456.499 484.987 484.05 415.556 577.821 
600.801 456.487 484.634 483.89 409.305 574.513 
600.802 456.486 484.572 483.85 408.068 573.862 
600.831 456.524 484.384 483.594 403.778 570.921 
600.883 456.529 484.196 482.686 398.824 566.687 
600.891 456.533 484.172 482.57 397.686 565.684 
600.926 456.544 484.069 482.201 394.02 562.055 
600.974 456.525 483.899 481.52 389.458 556.953 
600.996 456.525 483.892 481.388 388.653 555.71 
601.171 456.565 483.935 480.798 385.444 551.45 
601.2 456.589 484.121 479.966 381.717 545.671 
601.184 456.605 484.132 479.8 381.116 544.55 
601.252 456.573 484.146 479.031 378.647 539.849 
601.308 456.542 484.249 478.224 375.919 533.774 
601.326 456.528 484.25 478.095 375.283 532.633 
601.324 456.531 484.383 477.447 373.658 527.567 
601.362 456.509 484.561 476.4 371.309 521.235 
601.378 456.518 484.658 476.142 371.013 519.694 
601.401 456.554 484.742 475.657 369.146 514.519 
601.468 456.597 484.968 474.629 367.429 508.226 
601.481 456.602 484.981 474.476 367.233 506.967 
601.552 456.614 485.009 473.732 366.3 502.485 
601.426 456.834 485.171 473.111 365.953 499.202 
601.558 456.875 485.276 471.906 365.663 493.96 
601.602 456.876 485.427 471.464 365.715 491.989 
601.628 456.915 485.468 470.757 365.716 489.238 
601.682 456.948 485.796 469.32 365.167 485.102 
601.684 456.947 485.887 468.669 365.301 483.3 
601.703 456.956 485.901 467.93 365.406 481.128 
601.889 456.892 486.014 467.158 365.505 478.281 
601.903 456.917 486.001 466.987 365.206 477.83 
601.967 456.908 486.021 466.639 365.229 476.788 
601.992 456.926 486.03 466.424 365.431 476.107 
602.0 456.902 486.033 466.391 365.46 476.058 
601.977 456.89 486.085 466.316 365.703 475.879 
601.722 456.975 486.208 465.929 365.886 475.112 
601.693 456.96 486.289 465.593 365.794 474.674 
601.694 456.955 486.459 465.284 366.099 473.519 
601.961 456.909 486.65 464.631 366.467 471.507 
602.016 456.934 486.726 464.442 366.41 471.082 
602.102 456.959 486.863 464.194 366.138 470.51 
602.234 456.97 486.998 464.334 366.632 470.258 
602.271 456.98 487.008 464.487 366.632 470.703 
602.282 456.949 487.106 464.666 366.776 471.077 
602.172 456.887 487.019 465.178 366.615 472.369 
602.117 456.878 486.941 465.369 366.483 473.005 
602.078 456.871 486.811 465.75 366.508 473.529 
602.08 456.868 486.567 466.031 366.084 474.536 
602.065 456.87 486.488 466.11 366.009 474.75 
602.081 456.858 486.379 466.275 365.922 475.355 
602.096 456.874 486.183 466.51 365.314 476.176 
602.104 456.858 486.13 466.587 365.3 476.434 
602.075 456.847 485.982 466.764 365.517 476.959 
602.013 456.839 485.837 467.055 364.798 478.102 
602.018 456.837 485.835 467.255 364.796 478.287 
602.014 456.837 485.83 467.366 364.799 478.511 
602.06 456.856 485.878 467.557 365.171 479.157 
602.084 456.865 485.874 467.642 365.204 479.599 
602.141 456.876 485.883 467.814 365.349 480.486 
602.233 456.89 485.58 468.605 365.625 482.802 
602.227 456.895 485.592 468.987 365.31 484.15 
602.167 456.887 485.513 469.451 365.148 486.227 
602.057 456.858 485.387 470.242 364.943 490.18 
601.999 456.86 485.303 470.507 365.113 491.628 
601.949 456.846 485.075 470.89 365.462 493.688 
601.894 456.826 484.84 471.345 365.782 496.374 
601.875 456.829 484.77 471.544 365.657 497.563 
601.861 456.835 484.687 471.608 365.852 499.13 
601.84 456.839 484.54 471.728 366.61 501.567 
601.687 456.938 484.517 471.881 366.684 502.631 
601.671 456.951 484.424 472.038 366.989 504.469 
601.633 456.96 484.243 472.342 367.702 507.829 
601.62 456.959 484.187 472.472 367.727 509.307 
601.611 456.962 484.143 472.68 368.46 511.397 
601.562 456.968 484.138 473.13 369.594 515.118 
601.549 456.969 484.049 473.347 369.735 516.901 
601.469 456.975 484.001 473.657 371.0 518.827 
601.457 456.988 483.979 474.074 372.363 522.532 
601.459 456.992 483.937 474.276 372.96 523.908 
601.461 456.986 483.912 474.696 373.835 525.935 
601.44 456.988 483.889 475.201 375.11 529.211 
601.43 457.011 483.92 475.371 375.685 530.631 
601.507 457.001 483.753 475.762 376.512 532.55 
601.503 457.034 483.789 476.05 378.303 535.754 
601.503 457.037 483.751 476.182 379.027 537.188 
601.491 457.035 483.713 476.457 380.365 539.75 
601.413 457.051 483.645 477.172 382.951 544.246 
601.368 457.037 483.608 477.421 384.171 546.002 
601.335 457.03 483.619 477.933 385.567 548.764 
601.373 456.959 483.546 478.567 388.13 552.524 
601.352 456.943 483.534 478.834 388.98 553.456 
601.351 456.944 483.537 479.065 390.458 554.871 
601.358 456.974 483.589 479.17 392.533 557.289 
601.392 457.006 483.648 479.224 393.574 558.125 
601.423 457.033 483.649 479.485 394.807 559.685 
601.478 457.02 483.668 480.133 397.21 562.494 
601.43 457.062 483.655 480.302 398.48 563.483 
601.469 457.016 483.642 480.521 400.231 565.32 
601.397 457.01 483.517 481.025 403.646 568.075 
601.377 456.985 483.476 481.151 404.78 569.078 
601.332 456.973 483.486 481.319 406.755 570.543 
601.317 456.974 483.667 481.749 410.064 572.955 
601.31 456.977 483.744 481.861 411.388 573.77 
601.325 456.969 483.861 482.033 413.224 575.024 
601.367 456.963 484.078 482.305 416.786 576.91 
601.379 456.975 484.165 482.446 417.991 577.915 
601.401 456.948 484.316 482.817 420.404 579.041 
601.375 456.954 484.328 483.458 424.036 580.98 
601.368 456.946 484.345 483.539 425.712 581.623 
601.323 456.941 484.355 483.652 428.282 582.617 
601.248 456.779 484.422 483.842 432.466 584.187 
601.111 456.787 484.434 483.938 433.967 584.524 
601.02 456.773 484.463 484.062 436.023 585.323 
600.831 456.75 484.507 484.246 439.229 586.049 
600.796 456.736 484.524 484.326 440.251 586.179 
600.715 456.712 484.524 484.356 441.554 586.583 
600.649 456.706 484.461 484.29 443.441 586.442 
600.636 456.699 484.407 484.221 443.877 586.465 
600.615 456.684 484.203 484.148 444.698 586.694 
600.465 456.695 484.074 483.992 446.349 586.652 
600.417 456.678 484.069 483.969 447.385 586.564 
600.345 456.683 484.068 483.93 448.813 586.745 
600.286 456.66 484.052 483.889 451.872 586.749 
600.352 456.575 484.04 483.933 452.987 587.166 
600.379 456.421 484.019 484.063 454.738 587.232 
600.355 456.372 484.028 484.299 456.801 587.7 
600.339 456.361 484.028 484.373 457.423 587.685 
600.159 456.437 484.01 484.467 457.672 587.69 
600.132 456.451 484.006 484.486 456.9 587.694 
600.133 456.46 483.999 484.456 456.21 587.729 
600.161 456.476 484.015 484.425 455.093 587.519 
600.387 456.409 484.092 484.417 452.323 587.552 
600.377 456.527 484.23 484.442 451.262 587.39 
600.441 456.532 484.28 484.531 449.001 587.426 
600.458 456.601 484.416 485.008 444.963 587.283 
600.473 456.6 484.452 485.124 442.953 587.352 
600.518 456.622 484.502 485.25 440.199 587.048 
600.575 456.619 484.479 485.193 435.175 585.771 
600.6 456.606 484.428 485.136 432.998 585.083 
600.652 456.615 484.354 485.007 429.17 584.197 
600.729 456.616 484.119 484.599 422.409 582.053 
600.773 456.558 483.914 484.502 419.56 580.605 
600.778 456.615 483.759 484.301 415.328 578.744 
600.809 456.621 483.521 483.896 408.76 574.343 
600.811 456.635 483.447 483.706 406.162 572.665 
600.833 456.662 483.399 483.052 402.495 569.971 
600.862 456.655 483.185 482.379 396.975 565.204 
600.909 456.663 483.183 482.097 395.016 563.297 
600.953 456.641 482.967 481.556 392.285 560.218 
600.981 456.654 482.938 480.762 388.005 555.349 
600.987 456.664 482.903 480.551 386.496 553.484 
601.01 456.665 482.872 480.235 384.553 550.494 
601.056 456.681 483.01 479.492 381.482 546.167 
601.075 456.67 483.046 479.278 380.618 544.276 
601.183 456.683 483.074 478.985 379.092 541.44 
601.254 456.649 483.144 478.237 376.729 536.93 
601.268 456.638 483.174 477.999 375.744 534.986 
601.335 456.62 483.224 477.583 374.549 531.682 
601.38 456.607 483.558 476.478 372.537 526.171 
601.405 456.595 483.64 476.237 371.838 523.618 
601.437 456.608 483.618 475.917 370.841 519.875 
601.495 456.624 483.851 474.799 368.72 514.259 
601.503 456.635 483.875 474.358 367.466 512.195 
601.52 456.623 483.88 473.916 366.864 508.783 
601.522 456.616 483.848 473.134 365.794 503.186 
601.515 456.617 483.935 472.638 364.844 501.575 
601.418 456.685 483.969 472.161 364.858 498.534 
601.404 456.823 484.133 471.308 363.955 494.185 
601.436 456.846 484.257 471.048 364.493 492.059 
601.505 456.88 484.527 470.583 364.454 489.664 
601.687 456.932 485.012 469.697 364.227 485.732 
601.89 456.875 485.076 469.424 364.167 484.443 
601.983 456.908 485.543 468.662 364.349 482.637 
602.081 456.932 485.831 467.724 364.923 479.499 
602.11 456.944 485.911 467.462 365.012 478.44 
602.152 456.947 485.971 467.08 365.156 477.092 
602.148 456.964 486.083 466.37 365.354 475.604 
602.16 456.96 486.098 466.253 365.465 475.038 
602.18 456.95 486.14 466.176 365.483 474.775 
602.164 456.97 486.102 466.119 365.46 474.806 
602.147 456.973 486.058 466.169 365.457 474.903 
602.14 456.956 485.961 466.372 365.428 475.207 
602.108 456.958 485.836 466.488 365.384 475.94 
602.082 456.953 485.805 466.476 364.856 476.199 
602.05 456.946 485.767 466.433 364.808 476.178 
602.013 456.945 485.857 466.086 365.166 475.438 
602.023 456.932 485.915 465.835 365.315 474.763 
602.051 456.938 486.001 465.586 365.069 473.965 
602.127 456.955 486.154 465.063 365.439 472.435 
602.218 456.954 486.25 464.762 365.358 471.892 
602.265 456.97 486.327 464.598 365.369 471.546 
602.318 456.976 486.428 464.608 365.429 471.476 
602.32 456.981 486.413 464.675 365.528 471.595 
602.302 456.968 486.418 464.811 365.594 471.966 
602.247 456.946 486.282 465.396 365.193 473.396 
602.225 456.939 486.24 465.489 365.208 473.651 
602.216 456.933 486.2 465.598 365.333 473.995 
602.115 456.943 486.087 465.699 365.285 474.374 
602.142 456.953 486.044 465.754 365.068 474.542 
602.162 456.94 485.991 465.921 364.982 474.797 
602.167 456.94 485.928 465.991 364.6 475.234 
602.157 456.938 485.91 466.031 364.548 475.517 
602.151 456.936 485.875 466.045 364.566 475.689 
602.106 456.887 485.812 466.144 364.749 476.175 
602.095 456.874 485.802 466.199 364.776 476.339 
602.07 456.858 485.745 466.432 364.023 477.518 
602.047 456.848 485.615 466.739 364.461 478.274 
602.034 456.855 485.53 467.125 364.413 480.453 
602.033 456.869 485.558 467.395 364.551 481.15 
602.053 456.856 485.506 467.766 364.746 483.006 
602.017 456.861 485.214 468.834 364.994 486.26 
602.018 456.862 485.207 469.242 365.178 487.464 
601.978 456.853 485.023 469.681 365.12 489.514 
601.938 456.853 485.017 470.121 364.971 491.71 
601.915 456.865 484.93 470.495 364.932 493.067 
601.903 456.885 484.844 470.674 365.49 494.083 
601.908 456.909 484.761 470.873 365.628 496.34 
601.897 456.908 484.708 471.004 365.481 497.455 
601.9 456.928 484.59 471.273 365.674 499.188 
601.716 457.023 484.444 471.784 366.585 502.658 
601.706 457.019 484.415 471.956 366.808 504.484 
601.678 457.007 484.236 472.309 367.728 506.903 
601.625 457.011 484.014 472.819 367.975 511.087 
601.58 457.002 483.915 473.309 368.655 513.742 
601.536 456.993 483.77 473.806 369.016 517.028 
601.467 456.979 483.87 474.059 370.593 518.954 
601.448 456.985 483.812 474.717 371.852 522.278 
601.443 456.996 483.843 474.9 372.235 523.355 
601.508 456.998 483.952 475.201 373.045 525.081 
601.452 457.03 484.115 475.413 373.818 526.823 
601.523 457.044 484.132 475.451 373.962 527.037 
601.515 457.074 484.223 475.678 374.875 528.635 
601.541 457.081 484.241 475.741 375.344 529.766 
601.55 457.095 484.033 475.982 376.48 532.685 
601.553 457.092 483.985 476.084 377.308 534.033 
601.52 457.115 483.824 476.36 378.808 537.516 
601.487 457.11 483.553 476.948 381.175 541.726 
601.388 457.099 483.559 477.481 382.794 544.813 
601.336 457.09 483.454 478.086 384.629 547.845 
601.413 457.016 483.397 478.641 387.105 551.467 
601.396 457.011 483.402 479.089 388.878 553.866 
601.387 457.009 483.529 479.338 390.379 556.067 
601.429 457.041 483.621 479.731 393.566 558.751 
601.432 457.059 483.648 480.015 394.361 559.792 
601.318 457.1 483.848 480.279 396.317 561.714 
601.331 457.084 483.908 480.507 397.981 563.196 
601.428 457.049 483.896 481.006 400.671 565.917 
601.416 457.045 483.907 481.145 401.775 566.924 
601.409 457.031 483.897 481.639 403.843 568.698 
601.386 457.028 483.983 481.919 406.979 570.974 
601.385 457.034 484.045 481.961 407.645 571.553 
601.36 457.049 484.157 482.254 411.102 573.875 
601.364 457.036 484.403 482.477 414.294 575.746 
601.336 457.043 484.385 482.969 417.697 577.82 
601.321 457.045 484.553 483.149 419.284 578.773 
601.335 457.038 484.739 483.571 423.048 580.532 
601.311 457.039 484.957 483.867 427.773 582.496 
601.292 457.038 485.037 483.943 429.521 583.105 
601.211 457.042 485.153 483.918 433.11 584.221 
601.055 457.049 485.181 483.832 435.737 584.852 
600.894 456.899 485.22 483.669 439.639 585.543 
600.858 456.897 485.2 483.602 441.176 585.727 
600.778 456.897 485.146 483.523 443.314 586.195 
600.695 456.891 484.983 483.539 446.537 586.95 
600.664 456.896 484.903 483.595 447.882 587.168 
600.661 456.884 484.825 483.652 449.309 587.654 
600.574 456.859 484.776 483.824 451.184 588.291 
600.562 456.861 484.731 483.931 451.737 588.354 
600.541 456.861 484.794 483.978 452.119 588.349 
600.515 456.894 484.776 483.993 451.785 588.302 
600.491 456.934 484.737 483.971 451.384 588.212 
600.523 457.084 484.643 483.936 450.859 587.937 
600.444 457.186 484.581 483.892 449.742 587.528 
600.424 457.209 484.588 483.918 449.472 587.474 
600.415 457.227 484.618 483.966 449.228 587.429 
600.416 457.244 484.679 484.074 449.311 587.399 
600.416 457.245 484.687 484.103 449.539 587.419 
600.412 457.239 484.679 484.144 449.876 587.471 
600.397 457.229 484.667 484.23 450.73 587.645 
600.394 457.226 484.676 484.264 451.135 587.903 
600.386 457.228 484.715 484.32 451.103 588.123 
600.383 457.222 484.762 484.373 451.355 588.249 
600.366 457.204 484.747 484.327 451.358 588.257 
600.233 457.201 484.733 484.285 451.358 588.243 
600.277 457.013 484.731 484.251 450.958 588.136 
600.238 457.105 484.74 484.206 450.763 588.121 
600.221 456.96 484.724 484.21 450.255 588.143 
600.348 456.768 484.73 484.174 449.74 587.909 
600.373 456.712 484.766 484.159 449.651 587.892 
600.406 456.585 484.787 484.158 449.506 587.862 
600.455 456.415 484.794 484.193 449.391 587.857 
600.481 456.247 484.799 484.183 449.384 587.867 
600.484 456.147 484.79 484.203 449.466 587.894 
600.334 455.982 484.796 484.262 449.663 588.023 
600.216 455.943 484.818 484.296 450.097 588.175 
