666.615 466.674 572.183 481.69 554.487 555.144 
666.838 466.748 572.362 481.713 554.121 554.89 
666.88 466.766 572.395 481.672 552.94 554.114 
666.869 466.755 572.388 481.578 551.247 552.947 
666.874 466.755 572.391 481.556 550.792 552.609 
666.879 466.763 572.399 481.5 549.487 551.631 
666.872 466.749 572.395 481.355 547.662 550.204 
666.873 466.761 572.389 481.302 546.591 549.417 
666.862 466.765 572.206 481.182 545.802 548.738 
666.885 466.779 572.194 480.964 543.397 546.74 
666.88 466.777 572.19 480.903 542.819 546.216 
666.892 466.77 572.228 480.812 541.509 545.016 
666.938 466.783 572.224 480.578 539.574 543.137 
666.948 466.777 572.238 480.5 538.779 542.375 
666.95 466.786 572.379 480.336 537.641 541.162 
666.946 466.735 572.386 480.157 535.754 538.915 
666.96 466.73 572.401 480.104 534.785 538.062 
666.986 466.774 572.407 480.052 533.909 536.98 
666.996 466.724 572.448 479.937 532.405 534.93 
666.99 466.722 572.468 479.88 531.685 534.264 
666.995 466.718 572.479 479.751 531.089 533.133 
667.046 466.686 572.577 479.53 529.597 531.056 
667.05 466.669 572.616 479.235 529.113 530.25 
667.082 466.645 572.593 478.921 527.805 528.523 
667.133 466.605 572.647 478.544 525.838 525.23 
667.157 466.59 572.718 478.425 524.986 523.728 
667.225 466.594 572.885 478.142 523.748 521.25 
667.274 466.612 572.968 477.672 521.696 517.098 
667.287 466.611 573.003 477.507 520.685 515.45 
667.359 466.609 572.992 477.186 520.082 513.372 
667.369 466.6 573.14 476.799 518.521 509.57 
667.35 466.475 573.188 476.659 518.221 508.193 
667.344 466.457 573.241 476.312 517.521 506.222 
667.35 466.437 573.554 475.811 516.39 502.463 
667.353 466.44 573.61 475.58 516.13 501.062 
667.38 466.446 573.67 475.363 515.562 498.88 
667.399 466.467 573.862 474.896 514.959 495.105 
667.411 466.488 573.993 474.683 514.397 493.583 
667.445 466.49 574.057 474.296 514.134 491.469 
667.466 466.474 574.145 473.733 513.802 488.576 
667.48 466.492 574.216 473.588 513.69 487.581 
667.496 466.49 574.283 473.115 513.523 486.094 
667.461 466.473 574.631 472.46 513.218 483.221 
667.458 466.469 574.777 472.184 513.064 481.84 
667.452 466.478 574.876 471.803 512.93 479.902 
667.417 466.635 575.036 470.857 512.643 476.334 
667.434 466.659 575.066 470.521 512.519 475.009 
667.447 466.695 575.079 470.009 512.42 473.405 
667.548 466.889 575.177 469.554 512.462 471.835 
667.536 466.902 575.213 469.456 512.54 471.555 
667.547 466.914 575.26 469.395 512.854 471.416 
667.445 466.746 575.287 469.175 512.931 471.392 
667.426 466.734 575.33 469.074 512.937 471.294 
667.421 466.702 575.565 468.915 512.996 470.953 
667.417 466.692 575.701 468.416 512.988 469.138 
667.419 466.707 575.649 467.843 512.848 467.947 
667.407 466.757 575.69 467.291 513.039 466.635 
667.641 467.016 575.823 466.568 512.91 464.439 
667.69 467.013 575.773 466.254 512.925 463.966 
667.741 467.104 575.748 465.898 512.84 463.385 
667.881 467.107 575.948 465.884 512.827 463.196 
667.924 467.1 576.023 466.005 512.834 463.195 
667.986 467.072 576.077 465.966 512.844 463.22 
668.086 466.948 576.129 465.945 512.868 463.202 
668.082 466.964 576.061 465.801 512.895 463.154 
668.083 466.995 576.109 465.709 512.95 462.973 
668.064 467.106 576.143 465.528 512.958 462.213 
668.136 467.115 576.168 465.337 513.269 461.898 
668.166 467.118 576.214 464.896 513.393 461.435 
668.278 467.098 576.535 464.116 513.459 460.007 
668.322 467.096 576.619 463.882 513.741 459.436 
668.407 467.1 576.701 463.562 513.717 458.583 
668.752 467.338 576.713 462.777 513.619 457.25 
668.781 467.364 576.717 462.618 513.661 457.009 
668.835 467.377 576.697 462.534 513.614 456.578 
668.921 467.401 576.685 462.632 513.627 456.92 
668.903 467.392 576.748 462.811 513.568 457.158 
668.94 467.384 576.765 463.118 513.593 457.695 
668.984 467.37 576.714 463.583 513.266 458.547 
668.983 467.352 576.674 463.791 513.25 458.8 
668.982 467.339 576.615 463.976 513.314 459.593 
668.957 467.399 576.596 464.089 513.268 459.994 
668.965 467.413 576.579 464.123 513.267 460.045 
668.95 467.415 576.563 464.167 513.317 460.088 
668.953 467.458 576.632 464.078 513.451 460.108 
668.956 467.468 576.632 464.031 513.498 460.069 
668.962 467.461 576.659 464.034 513.558 460.076 
668.925 467.388 576.703 464.129 513.82 460.279 
668.926 467.393 576.693 464.206 513.82 460.435 
669.021 467.464 576.682 464.454 513.887 461.1 
669.012 467.434 576.638 465.022 513.594 461.95 
669.034 467.426 576.657 465.207 513.889 462.51 
669.064 467.413 576.389 465.69 513.579 463.834 
669.111 467.406 576.289 466.58 513.704 466.382 
669.118 467.397 576.247 466.754 513.448 466.851 
669.17 467.257 576.238 467.711 513.573 469.152 
669.18 467.153 576.027 468.587 513.804 472.124 
669.242 467.136 575.975 468.711 513.795 472.502 
669.249 466.992 575.875 469.148 514.036 474.637 
669.226 466.929 575.592 469.689 514.233 476.673 
669.215 466.916 575.563 469.75 514.222 476.988 
669.187 466.895 575.467 469.968 514.37 478.39 
669.165 466.916 575.348 470.387 514.692 480.551 
669.078 466.92 575.335 470.437 514.779 481.164 
669.07 466.933 575.266 470.604 515.002 483.129 
669.054 466.914 575.218 471.245 515.692 486.794 
669.04 466.916 575.183 471.363 516.085 487.502 
669.024 466.903 574.935 471.902 516.85 490.628 
669.008 466.883 574.692 472.508 517.505 494.602 
668.94 466.837 574.647 472.595 517.616 495.392 
668.895 466.83 574.334 473.027 518.145 498.41 
668.862 466.813 574.235 473.716 519.16 502.001 
668.859 466.797 574.212 473.815 519.294 502.65 
668.882 466.762 574.136 474.269 519.762 505.005 
668.902 466.762 574.11 474.603 520.192 506.649 
668.919 466.768 574.0 474.969 521.235 509.403 
668.941 466.762 573.874 475.123 521.595 510.476 
668.944 466.774 573.773 475.264 521.891 511.902 
668.946 466.765 573.693 475.531 523.217 514.521 
668.935 466.755 573.63 475.631 523.468 515.473 
668.939 466.749 573.551 475.849 524.049 517.124 
668.827 466.633 573.298 476.271 525.685 520.097 
668.819 466.623 573.459 476.587 526.691 521.48 
668.793 466.627 573.219 476.793 527.482 523.272 
668.78 466.614 573.179 477.337 529.484 526.485 
668.793 466.613 573.123 477.51 530.716 528.095 
668.789 466.626 573.105 477.774 532.333 530.185 
668.789 466.612 573.101 478.315 534.703 533.644 
668.812 466.606 573.101 478.441 536.145 535.131 
668.794 466.606 573.078 478.602 538.005 537.149 
668.783 466.624 573.094 479.039 541.825 540.926 
668.778 466.608 573.079 479.163 543.332 542.36 
668.782 466.609 573.085 479.369 545.81 544.632 
668.749 466.596 573.156 479.871 550.056 548.236 
668.731 466.59 573.151 480.011 551.741 549.52 
668.705 466.569 573.181 480.275 554.206 551.274 
668.654 466.676 573.219 480.589 557.503 553.743 
668.623 466.677 573.21 480.656 559.119 554.444 
668.509 466.587 573.164 480.756 560.879 555.443 
668.342 466.578 573.088 480.843 563.414 556.559 
668.099 466.509 573.073 480.806 563.948 556.697 
668.027 466.517 572.988 480.728 565.183 557.064 
667.919 466.522 572.974 480.538 566.729 557.315 
667.89 466.52 572.815 480.426 567.168 557.331 
667.893 466.544 572.715 480.342 568.213 557.554 
667.832 466.525 572.764 480.551 569.8 558.029 
667.817 466.53 572.768 480.59 570.217 558.262 
667.804 466.536 572.903 480.68 571.125 558.563 
667.609 466.454 572.746 480.613 572.066 559.193 
667.579 466.437 572.732 480.609 572.544 559.411 
667.531 466.426 572.654 480.487 572.929 559.607 
667.439 466.397 572.638 480.48 573.479 559.962 
667.396 466.39 572.613 480.497 573.738 560.204 
667.27 466.373 572.591 480.485 574.336 560.305 
667.149 466.371 572.567 480.433 575.008 560.342 
667.081 466.373 572.56 480.398 575.464 560.385 
667.04 466.478 572.555 480.392 576.096 560.417 
666.928 466.454 572.519 480.455 577.143 560.624 
666.924 466.46 572.495 480.51 577.649 560.869 
666.926 466.463 572.489 480.607 577.801 561.004 
666.976 466.474 572.353 480.768 576.563 560.935 
667.012 466.493 572.386 480.776 576.517 560.918 
667.092 466.519 572.544 480.625 575.477 560.617 
667.216 466.435 572.588 480.531 573.158 560.003 
667.337 466.45 572.583 480.538 571.915 559.687 
667.413 466.449 572.597 480.578 570.377 559.404 
667.529 466.465 572.665 480.649 567.765 558.453 
667.576 466.466 572.595 480.529 566.631 557.891 
667.632 466.465 572.676 480.652 565.104 557.403 
667.796 466.487 572.669 481.059 562.178 556.463 
667.83 466.481 572.669 481.148 560.81 555.896 
667.861 466.49 572.65 481.247 558.912 555.246 
667.907 466.491 572.649 481.312 555.039 553.363 
667.87 466.458 572.614 481.249 553.307 552.329 
667.901 466.462 572.617 481.192 550.781 550.755 
667.978 466.466 572.587 481.065 546.08 547.444 
668.007 466.482 572.588 481.034 544.362 546.075 
668.012 466.506 572.608 481.016 541.976 543.935 
668.067 466.651 572.522 480.567 538.219 540.575 
668.05 466.724 572.549 480.354 536.789 539.155 
668.054 466.708 572.601 480.172 535.309 537.158 
668.005 466.528 572.674 479.888 532.637 533.895 
667.98 466.591 572.731 479.763 531.486 532.661 
667.982 466.597 572.805 479.532 530.2 530.625 
668.007 466.595 572.954 479.16 527.808 527.453 
668.008 466.585 572.957 479.023 527.161 526.195 
668.088 466.711 572.931 478.764 525.862 524.271 
668.147 466.72 573.035 478.46 524.116 521.335 
668.173 466.717 573.081 478.325 523.712 520.308 
668.194 466.697 573.113 477.95 522.576 518.512 
668.363 466.711 573.158 477.615 521.372 515.856 
668.385 466.644 573.223 477.479 520.641 514.608 
668.425 466.632 573.215 477.167 519.999 512.758 
668.406 466.491 573.536 476.76 518.439 509.124 
668.467 466.484 573.566 476.592 518.018 507.699 
668.422 466.493 573.673 476.324 516.934 505.238 
668.512 466.501 573.64 475.768 516.103 501.842 
668.517 466.517 573.69 475.624 515.627 500.442 
668.514 466.506 573.789 475.352 515.201 498.648 
668.564 466.507 573.906 475.034 514.474 495.665 
668.56 466.504 574.037 474.843 514.296 494.49 
668.577 466.488 574.073 474.648 514.223 493.067 
668.602 466.479 574.213 474.14 513.889 490.168 
668.623 466.481 574.19 473.85 513.757 489.008 
668.666 466.497 574.266 473.603 513.661 487.261 
668.703 466.516 574.469 472.963 513.438 484.308 
668.708 466.52 574.665 472.736 513.358 483.034 
668.728 466.539 574.779 472.343 513.666 481.603 
668.771 466.573 574.995 471.816 513.786 479.648 
668.747 466.645 575.145 471.564 513.742 478.639 
668.737 466.667 575.261 471.208 514.1 477.798 
668.715 466.685 575.381 470.38 514.085 475.911 
668.718 466.698 575.426 469.979 513.988 474.784 
668.7 466.706 575.477 469.451 513.9 473.174 
668.799 466.97 575.707 468.8 514.11 470.87 
668.83 467.211 575.742 468.627 513.854 470.014 
668.774 467.232 575.719 468.281 514.244 469.298 
668.77 467.309 575.862 468.051 514.443 468.813 
668.775 467.299 575.853 468.1 514.456 468.959 
668.777 467.292 575.922 468.306 514.443 469.078 
668.755 467.257 575.937 468.361 514.408 469.228 
668.746 467.244 575.936 468.362 514.382 469.235 
668.713 467.237 576.022 468.219 514.367 469.108 
668.712 467.282 575.895 467.673 514.21 467.908 
668.725 467.306 575.914 467.514 514.23 467.562 
668.761 467.324 575.904 467.295 514.161 466.524 
668.833 467.376 576.065 466.758 514.443 465.509 
668.874 467.386 576.115 466.604 514.369 465.051 
668.94 467.387 576.162 466.495 514.396 464.802 
669.012 467.405 576.219 466.3 514.441 464.48 
669.021 467.41 576.24 466.27 514.458 464.422 
669.025 467.393 576.248 466.179 514.458 464.298 
669.002 467.4 576.235 465.828 514.444 463.854 
668.984 467.4 576.225 465.769 514.426 463.648 
668.98 467.416 576.254 465.667 514.372 463.121 
668.993 467.443 576.259 465.427 514.378 462.839 
669.066 467.464 576.276 465.406 514.342 462.605 
669.106 467.47 576.302 465.397 514.345 462.563 
669.179 467.471 576.346 465.477 514.404 462.796 
669.218 467.469 576.34 465.52 514.42 462.858 
669.223 467.453 576.325 465.634 514.39 462.977 
669.2 467.463 576.296 465.707 514.322 463.151 
669.173 467.457 576.274 465.765 514.421 463.613 
669.153 467.458 576.22 465.885 514.393 463.823 
669.139 467.463 576.216 466.219 514.422 464.437 
669.151 467.471 576.184 466.355 514.424 464.88 
669.151 467.469 576.187 466.661 514.513 465.611 
669.174 467.484 576.015 467.305 514.711 467.678 
669.178 467.47 575.98 467.502 514.787 468.522 
669.176 467.466 576.085 468.066 514.944 470.06 
669.149 467.447 575.922 468.776 515.133 472.499 
669.113 467.418 575.871 468.932 515.256 473.314 
669.083 467.38 575.793 469.128 515.419 474.689 
669.079 467.367 575.465 469.399 515.655 476.881 
669.072 467.373 575.469 469.651 515.775 477.782 
669.055 467.375 575.396 469.896 515.92 479.255 
669.002 467.399 575.163 470.293 516.286 482.802 
668.978 467.386 575.01 470.698 516.421 484.246 
668.917 467.353 574.915 471.328 516.592 486.496 
668.916 467.41 574.671 472.354 516.828 489.831 
668.927 467.389 574.581 472.557 516.926 490.972 
668.927 467.367 574.33 472.831 516.856 491.985 
668.896 467.375 574.21 473.06 516.671 493.142 
668.912 467.406 574.188 473.114 516.634 493.364 
668.939 467.447 574.155 473.181 516.731 493.83 
668.917 467.415 574.107 473.045 517.09 495.192 
668.916 467.412 574.107 473.095 517.268 495.977 
668.923 467.408 574.088 473.316 517.648 497.532 
668.97 467.458 574.034 473.824 519.003 501.205 
668.963 467.433 573.979 474.009 519.454 502.927 
668.948 467.398 573.964 474.488 520.115 505.389 
668.855 467.332 573.701 475.146 521.699 509.698 
668.841 467.33 573.637 475.312 522.162 511.39 
668.825 467.313 573.547 475.595 523.281 513.682 
668.816 467.318 573.217 476.149 524.861 517.418 
668.818 467.343 573.141 476.34 525.414 518.822 
668.844 467.376 573.105 476.762 526.421 520.688 
668.866 467.367 573.003 477.229 527.777 523.576 
668.88 467.366 573.018 477.467 528.685 524.803 
668.879 467.383 572.982 477.691 529.355 526.251 
668.879 467.367 572.941 478.023 531.047 528.826 
668.85 467.364 572.942 478.239 531.88 529.872 
668.821 467.363 572.758 478.415 532.679 531.181 
668.707 467.189 572.736 478.643 534.241 533.043 
668.686 467.188 572.708 478.708 534.91 533.909 
668.472 467.139 572.695 478.837 535.747 534.876 
668.45 467.095 572.889 479.233 537.048 536.483 
668.46 467.089 572.889 479.306 537.391 536.964 
668.441 467.109 572.762 479.489 538.355 538.032 
668.417 467.117 572.7 479.781 540.336 539.966 
668.421 467.113 572.671 479.86 541.069 540.866 
668.41 467.094 572.664 479.997 542.583 542.3 
668.397 467.069 572.662 480.266 545.662 544.999 
668.383 467.055 572.655 480.376 547.04 546.185 
668.367 467.041 572.888 480.739 549.11 547.883 
668.317 466.984 572.801 481.066 552.555 550.575 
668.288 466.961 572.797 481.085 554.12 551.433 
668.23 466.944 572.791 481.065 556.19 552.767 
668.03 466.927 572.777 480.776 560.073 554.389 
668.007 466.924 572.897 480.698 561.578 555.097 
667.971 466.928 572.738 480.481 563.548 555.708 
667.926 466.979 572.652 480.305 566.747 556.781 
667.903 466.974 572.649 480.287 567.895 557.174 
667.843 466.985 572.645 480.32 569.4 557.598 
667.737 466.952 572.61 480.357 571.2 558.296 
667.643 466.823 572.587 480.368 571.669 558.375 
667.459 466.779 572.581 480.352 572.116 558.444 
667.448 466.88 572.536 480.243 572.935 558.518 
667.429 466.893 572.519 480.22 573.074 558.449 
667.395 466.889 572.505 480.19 573.247 558.244 
667.349 466.898 572.441 480.28 573.995 558.266 
667.332 466.905 572.42 480.31 574.183 558.283 
667.306 466.918 572.383 480.428 574.694 558.536 
667.277 466.9 572.255 480.644 575.523 558.927 
667.278 466.908 572.258 480.658 575.603 558.977 
667.301 466.894 572.255 480.751 575.718 559.113 
667.309 466.897 572.258 480.807 575.398 559.205 
667.308 466.894 572.247 480.811 575.282 559.21 
667.335 466.9 572.269 480.797 574.612 559.142 
667.367 466.927 572.271 480.786 573.163 558.769 
667.389 466.928 572.287 480.793 572.888 558.73 
667.405 466.875 572.29 480.822 571.22 558.297 
667.716 467.05 572.33 480.836 568.117 557.4 
667.732 467.059 572.336 480.836 567.244 557.164 
667.828 467.076 572.365 480.812 563.991 555.871 
667.932 467.074 572.525 480.917 559.281 553.705 
667.938 467.062 572.527 480.889 558.466 553.207 
668.0 467.083 572.372 480.764 554.254 550.788 
668.004 467.004 572.488 480.46 549.307 547.319 
667.983 466.996 572.482 480.423 548.668 546.808 
667.998 467.002 572.508 480.26 544.701 543.696 
667.988 466.991 572.576 480.122 540.967 540.249 
667.984 466.99 572.575 480.088 540.266 539.579 
667.971 467.026 572.626 479.881 537.575 536.751 
668.016 467.035 572.575 479.155 534.393 532.915 
668.021 467.04 572.585 479.064 533.914 532.05 
668.036 467.052 572.663 478.774 531.538 528.896 
668.049 467.037 572.905 478.246 528.757 524.62 
668.073 467.038 572.929 478.144 528.045 523.605 
668.17 467.088 572.999 477.687 525.853 520.14 
668.188 467.112 573.12 477.048 523.603 515.606 
668.169 467.125 573.151 476.92 523.335 514.758 
668.246 467.102 573.128 476.315 521.658 511.161 
668.292 467.077 573.502 475.708 519.77 506.604 
668.291 467.065 573.521 475.607 519.558 505.759 
668.322 467.069 573.68 475.112 518.099 502.04 
668.359 467.051 573.774 474.302 516.828 497.451 
668.375 467.061 573.778 474.103 516.609 496.361 
668.388 467.097 574.023 473.74 515.782 492.656 
668.431 467.142 574.116 472.945 515.176 488.232 
668.439 467.148 574.154 472.827 515.038 487.355 
668.449 467.162 574.475 472.262 514.71 484.237 
668.716 467.379 574.656 471.789 514.522 481.976 
668.75 467.424 574.822 470.853 514.258 478.386 
668.751 467.427 574.942 470.517 514.149 477.042 
668.775 467.466 575.135 469.973 514.148 475.175 
668.798 467.5 575.33 468.863 514.376 472.362 
668.808 467.5 575.385 468.356 514.32 471.141 
668.808 467.509 575.627 467.787 514.333 469.672 
668.751 467.453 575.823 467.192 514.383 467.747 
668.772 467.478 575.871 467.059 514.675 467.448 
668.773 467.473 575.996 466.792 514.689 466.743 
668.793 467.491 576.071 466.626 514.678 466.287 
668.798 467.469 576.094 466.602 514.701 466.256 
668.782 467.457 576.157 466.548 514.713 466.142 
668.849 467.53 576.226 466.25 514.692 465.627 
668.849 467.515 576.185 465.986 514.671 465.326 
668.853 467.51 576.156 465.746 514.564 464.546 
668.832 467.476 576.144 465.237 514.436 463.185 
668.848 467.503 576.158 465.091 514.46 462.896 
668.893 467.532 576.142 464.899 514.445 462.499 
668.979 467.552 576.142 465.014 514.378 462.34 
669.026 467.565 576.176 465.137 514.429 462.644 
669.059 467.538 576.201 465.283 514.41 462.901 
669.063 467.475 576.229 465.686 514.462 463.776 
669.043 467.463 576.183 465.832 514.519 464.207 
669.016 467.453 576.209 466.13 514.518 464.563 
668.995 467.45 576.231 466.344 514.67 465.241 
668.986 467.451 576.223 466.403 514.715 465.387 
668.981 467.439 576.246 466.53 514.845 465.802 
669.01 467.457 576.277 466.711 515.319 466.365 
669.013 467.442 576.291 466.771 515.362 466.542 
669.009 467.431 576.297 466.905 515.191 466.896 
668.989 467.419 576.293 467.129 515.579 467.67 
668.982 467.417 576.305 467.288 515.561 467.795 
668.993 467.418 576.29 467.375 515.5 467.943 
669.006 467.438 576.13 467.518 515.18 468.376 
669.019 467.448 576.089 467.583 515.167 468.676 
669.03 467.462 576.028 467.716 515.197 469.285 
669.079 467.481 576.087 468.332 515.244 470.87 
669.069 467.485 575.93 468.626 515.342 471.78 
669.037 467.473 575.81 468.982 515.447 473.191 
668.98 467.439 575.493 469.584 515.645 475.881 
668.961 467.438 575.443 469.786 515.691 476.875 
668.941 467.421 575.319 470.073 515.831 478.299 
668.919 467.4 575.27 470.419 515.973 480.149 
668.915 467.401 575.255 470.573 516.137 480.964 
668.916 467.406 575.204 470.617 516.319 482.052 
668.889 467.408 575.153 470.703 516.498 483.758 
668.951 467.499 574.972 470.812 516.578 484.492 
668.934 467.509 574.909 470.929 516.763 485.772 
668.926 467.517 574.824 471.156 517.094 488.123 
668.904 467.514 574.782 471.254 517.501 489.165 
668.889 467.516 574.704 471.412 517.726 490.647 
668.846 467.517 574.383 471.748 518.176 493.286 
668.836 467.517 574.356 471.913 518.434 494.536 
668.847 467.52 574.309 472.152 518.619 495.938 
668.818 467.53 574.186 472.472 519.101 498.598 
668.787 467.533 574.109 472.625 519.295 499.594 
668.788 467.527 574.079 472.953 519.535 501.059 
668.766 467.527 573.976 473.343 520.237 503.453 
668.733 467.547 573.943 473.476 520.536 504.495 
668.729 467.54 573.734 473.764 521.03 505.917 
668.701 467.57 573.584 473.983 521.676 508.305 
668.707 467.573 573.529 474.083 522.308 509.406 
668.678 467.57 573.419 474.29 523.176 511.357 
668.666 467.581 573.116 474.831 524.819 514.826 
668.661 467.566 573.079 475.023 525.332 516.187 
668.627 467.556 573.05 475.424 526.571 518.347 
668.39 467.479 572.929 475.912 528.019 521.326 
668.366 467.461 572.944 476.122 528.465 522.092 
668.352 467.461 572.929 476.302 529.027 523.26 
668.346 467.49 572.868 476.384 530.46 525.284 
668.365 467.523 572.86 476.428 530.952 526.011 
668.353 467.549 572.802 476.63 532.092 527.342 
668.385 467.54 572.648 477.13 533.822 529.73 
668.557 467.586 572.629 477.261 534.38 530.602 
668.382 467.535 572.623 477.432 535.742 532.218 
668.362 467.527 572.818 477.835 537.764 534.72 
668.344 467.501 572.784 477.93 538.768 535.66 
668.333 467.487 572.785 478.062 539.855 537.018 
668.322 467.487 572.632 478.399 541.736 539.285 
668.321 467.49 572.612 478.489 542.477 540.087 
668.324 467.483 572.589 478.628 543.758 541.325 
668.348 467.48 572.589 478.852 545.698 543.273 
668.366 467.493 572.596 478.966 546.544 544.23 
668.36 467.468 572.724 479.273 547.793 545.443 
668.336 467.471 572.755 479.78 550.434 547.564 
668.321 467.462 572.742 479.844 551.361 548.323 
668.286 467.454 572.752 479.934 552.983 549.527 
668.183 467.294 572.738 480.085 555.702 551.476 
668.106 467.292 572.72 480.16 556.886 552.039 
668.053 467.272 572.696 480.257 558.43 553.055 
667.943 467.238 572.635 480.4 560.59 554.225 
667.906 467.222 572.625 480.463 561.632 554.571 
667.874 467.194 572.593 480.484 562.732 555.164 
667.832 467.184 572.577 480.429 564.049 555.434 
667.829 467.177 572.573 480.372 564.814 555.603 
667.788 467.159 572.516 480.301 565.406 555.945 
667.728 467.162 572.529 480.173 566.779 556.276 
667.703 467.142 572.519 480.154 567.223 556.378 
667.665 467.142 572.535 480.125 568.442 556.835 
667.638 467.117 572.539 480.092 570.325 557.422 
667.518 467.034 572.54 480.126 571.357 558.006 
667.392 466.883 572.514 480.225 572.499 558.403 
667.325 466.832 572.444 480.407 574.113 559.213 
667.31 466.821 572.428 480.464 574.576 559.334 
667.334 466.887 572.408 480.535 574.791 559.395 
667.331 466.899 572.399 480.55 574.557 559.283 
667.346 466.908 572.403 480.526 574.162 559.18 
667.377 466.926 572.419 480.504 573.27 558.772 
667.394 466.872 572.422 480.501 571.431 558.245 
667.501 466.988 572.483 480.531 570.412 557.864 
667.549 466.998 572.485 480.604 569.022 557.459 
667.718 467.072 572.332 480.975 566.142 556.524 
667.763 467.073 572.342 481.068 564.939 556.201 
667.774 467.097 572.338 481.17 562.892 555.401 
667.824 467.099 572.352 481.124 559.077 553.398 
667.847 467.089 572.353 481.077 557.487 552.445 
667.876 467.1 572.374 480.974 555.071 551.074 
667.936 467.107 572.536 480.653 550.652 548.232 
667.944 467.054 572.487 480.564 548.759 546.643 
667.967 467.11 572.502 480.399 545.925 544.511 
667.973 467.117 572.515 480.071 541.346 540.126 
667.979 467.131 572.513 479.918 539.714 538.479 
667.994 467.158 572.466 479.399 537.564 535.959 
668.007 467.153 572.599 478.87 534.197 531.684 
667.999 467.161 572.625 478.649 532.864 530.012 
667.994 467.142 572.85 478.23 531.124 527.412 
668.025 467.158 572.9 477.608 528.811 523.389 
668.032 467.167 572.936 477.443 527.939 521.871 
668.023 467.168 573.011 477.198 526.738 519.504 
668.076 467.188 573.091 476.625 524.983 516.081 
668.068 467.178 573.111 476.46 523.978 514.601 
668.154 467.199 573.18 476.235 523.215 512.45 
668.191 467.171 573.506 475.671 521.619 509.013 
668.221 467.163 573.566 475.489 521.186 507.566 
668.284 467.152 573.656 475.169 520.245 505.124 
668.345 467.143 573.708 474.317 519.2 501.116 
668.379 467.135 573.774 474.135 518.596 499.269 
668.392 467.149 573.957 473.894 517.817 496.579 
668.446 467.169 574.147 473.035 517.34 492.585 
668.43 467.18 574.167 472.69 517.212 491.101 
668.437 467.169 574.331 472.353 516.936 488.721 
668.437 467.162 574.674 471.756 516.456 484.82 
668.446 467.163 574.764 471.374 516.417 483.678 
668.61 467.232 574.901 471.007 516.137 481.59 
668.701 467.367 575.159 470.357 515.83 478.575 
668.727 467.391 575.222 470.16 515.406 477.124 
668.759 467.427 575.249 469.806 515.232 475.485 
668.787 467.485 575.355 469.132 515.11 472.801 
668.767 467.437 575.568 468.931 515.076 471.922 
668.807 467.474 575.475 468.343 514.992 470.698 
668.865 467.505 575.735 467.627 514.819 468.579 
668.881 467.517 575.809 467.427 514.717 467.858 
668.899 467.523 575.875 467.132 514.674 466.946 
668.925 467.54 576.006 466.583 514.619 465.939 
668.937 467.537 576.023 466.491 514.589 465.558 
668.926 467.528 576.076 466.435 514.619 465.381 
668.938 467.547 576.115 466.391 514.687 465.406 
668.941 467.549 576.14 466.43 514.713 465.473 
668.943 467.533 576.105 466.585 514.747 465.68 
668.925 467.533 576.164 466.675 514.869 466.183 
668.916 467.526 576.159 466.664 515.206 466.36 
668.917 467.519 576.186 466.631 515.239 466.345 
668.914 467.516 576.255 466.364 514.987 465.841 
668.929 467.505 576.22 466.166 514.939 465.386 
668.96 467.513 576.257 465.974 515.241 464.853 
669.013 467.535 576.252 465.566 515.145 463.821 
669.069 467.541 576.278 465.334 515.185 463.452 
669.098 467.559 576.287 465.207 515.22 463.219 
669.138 467.569 576.294 465.219 515.2 463.172 
669.158 467.574 576.316 465.272 515.178 463.255 
669.136 467.56 576.296 465.379 515.164 463.508 
669.122 467.536 576.29 465.835 515.267 464.472 
669.102 467.528 576.278 465.907 515.263 464.645 
669.075 467.521 576.262 465.99 515.227 464.881 
669.018 467.523 576.261 466.066 515.234 465.137 
669.033 467.535 576.257 466.108 515.264 465.246 
669.033 467.523 576.309 466.241 515.315 465.418 
669.042 467.524 576.328 466.295 515.593 465.718 
669.059 467.523 576.339 466.326 515.612 465.909 
669.064 467.52 576.34 466.336 515.639 466.028 
669.045 467.471 576.346 466.412 515.632 466.363 
669.048 467.459 576.349 466.456 515.629 466.476 
669.049 467.443 576.329 466.636 515.983 467.271 
669.044 467.432 576.294 466.872 515.73 467.784 
669.059 467.439 576.233 467.171 515.788 469.265 
669.065 467.452 576.121 467.379 515.758 469.741 
669.053 467.441 576.054 467.666 515.832 471.013 
669.021 467.443 575.98 468.493 515.652 473.221 
669.0 467.442 575.89 468.81 515.65 474.046 
668.965 467.43 575.717 469.14 515.75 475.443 
668.933 467.427 575.412 469.47 515.862 476.936 
668.911 467.436 575.394 469.76 515.924 477.862 
668.89 467.454 575.296 469.892 515.931 478.576 
668.875 467.477 575.219 470.042 516.078 480.127 
668.867 467.474 575.182 470.141 516.202 480.887 
668.866 467.493 575.16 470.347 516.359 482.086 
668.912 467.578 574.93 470.731 516.598 484.507 
668.904 467.574 574.888 470.863 516.807 485.777 
668.891 467.561 574.837 471.131 516.999 487.485 
668.865 467.561 574.689 471.515 517.772 490.414 
668.829 467.549 574.618 471.893 518.048 492.286 
668.81 467.538 574.598 472.277 518.714 494.609 
668.789 467.521 574.323 472.464 518.681 496.009 
668.768 467.525 574.21 472.973 519.034 498.389 
668.759 467.535 574.168 473.116 519.043 499.151 
668.739 467.538 574.061 473.35 519.267 500.402 
668.775 467.568 573.99 473.52 519.382 501.654 
668.752 467.583 573.971 473.55 519.4 501.812 
668.747 467.611 573.809 473.722 519.68 502.991 
668.746 467.618 573.762 473.77 519.867 503.816 
668.738 467.632 573.625 473.943 520.969 506.002 
668.729 467.628 573.582 474.018 521.381 507.024 
668.711 467.648 573.491 474.223 522.656 509.654 
668.67 467.64 573.354 474.666 523.832 512.85 
668.671 467.626 573.16 475.073 525.116 515.241 
668.634 467.613 573.091 475.54 526.269 517.607 
668.394 467.534 572.983 475.967 527.804 520.486 
668.385 467.529 572.993 476.319 528.765 522.406 
668.375 467.526 572.948 476.518 529.951 524.201 
668.378 467.558 572.827 476.823 530.996 526.458 
668.386 467.575 572.82 477.047 532.023 527.376 
668.597 467.62 572.633 477.252 533.075 529.016 
668.594 467.605 572.612 477.432 533.959 530.307 
668.385 467.566 572.778 477.835 535.698 532.675 
668.373 467.561 572.768 477.943 536.245 533.553 
668.388 467.548 572.636 478.322 537.619 535.166 
668.373 467.543 572.612 478.545 539.518 537.306 
668.363 467.549 572.609 478.581 540.119 537.856 
668.343 467.561 572.589 478.815 542.342 540.12 
668.344 467.549 572.632 479.004 544.188 542.002 
668.321 467.554 572.844 479.404 546.235 544.093 
668.304 467.554 572.744 479.547 547.462 545.099 
668.317 467.548 572.687 479.884 549.804 547.056 
668.287 467.546 572.67 480.125 552.586 549.334 
668.269 467.544 572.675 480.189 553.855 550.129 
668.226 467.542 572.683 480.175 555.914 551.593 
668.151 467.54 572.668 480.108 557.557 552.552 
667.988 467.384 572.656 479.981 560.253 553.836 
667.952 467.379 572.653 479.927 561.23 554.266 
667.903 467.373 572.652 479.862 562.637 555.035 
667.815 467.359 572.639 479.866 564.726 556.232 
667.793 467.362 572.653 479.907 565.378 556.629 
667.653 467.343 572.628 479.947 566.463 557.302 
667.607 467.315 572.582 480.077 567.664 558.156 
667.575 467.314 572.588 480.16 568.034 558.316 
667.536 467.312 572.55 480.197 568.227 558.379 
667.473 467.338 572.52 480.206 568.273 558.315 
667.422 467.373 572.524 480.187 568.263 558.203 
667.371 467.513 572.552 480.157 568.169 557.923 
667.333 467.604 572.527 480.118 567.838 557.446 
667.322 467.625 572.525 480.139 567.828 557.375 
667.309 467.64 572.498 480.176 567.92 557.329 
667.284 467.656 572.457 480.261 568.259 557.362 
667.288 467.656 572.448 480.284 568.384 557.419 
667.269 467.65 572.439 480.315 568.543 557.516 
667.249 467.639 572.441 480.382 568.893 557.789 
667.235 467.635 572.414 480.407 568.701 558.001 
667.221 467.636 572.403 480.452 569.322 558.256 
667.231 467.631 572.409 480.497 569.259 558.37 
667.221 467.613 572.4 480.459 569.17 558.364 
667.298 467.609 572.409 480.426 568.814 558.302 
667.274 467.431 572.426 480.4 568.539 558.139 
667.392 467.523 572.436 480.367 568.451 558.095 
667.451 467.389 572.463 480.37 568.187 558.021 
667.579 467.218 572.471 480.343 567.886 557.745 
667.615 467.168 572.475 480.333 567.74 557.702 
667.674 467.053 572.47 480.333 567.632 557.648 
667.745 466.897 572.486 480.362 567.576 557.624 
667.704 466.738 572.473 480.353 567.596 557.634 
667.719 466.644 572.468 480.368 567.606 557.665 
667.712 466.483 572.455 480.414 567.737 557.803 
667.626 466.437 572.445 480.442 567.285 557.9 
