1.2086 -0.65282 -1.28515 0.785226 -0.554628 -1.61831 0.703331 -0.148558 -1.78596 
1.20982 -0.65238 -1.2859 0.786205 -0.554382 -1.61932 0.701553 -0.149315 -1.78914 
1.20998 -0.652309 -1.28569 0.786396 -0.554552 -1.61965 0.695458 -0.153193 -1.79142 
1.20995 -0.652356 -1.2858 0.786374 -0.555012 -1.61985 0.686859 -0.158283 -1.79841 
1.20997 -0.652354 -1.28578 0.786394 -0.555116 -1.61993 0.68465 -0.159237 -1.80297 
1.21002 -0.652306 -1.28591 0.786449 -0.555379 -1.62018 0.677921 -0.163985 -1.80646 
1.20999 -0.652371 -1.28592 0.786469 -0.556057 -1.62077 0.668636 -0.170177 -1.81519 
1.20999 -0.652317 -1.28589 0.786459 -0.556302 -1.62101 0.663061 -0.174188 -1.81715 
1.20994 -0.652296 -1.28592 0.785481 -0.557015 -1.62029 0.659145 -0.176503 -1.8245 
1.21 -0.652248 -1.28567 0.785437 -0.558105 -1.62054 0.646621 -0.186605 -1.82974 
1.20997 -0.652264 -1.28562 0.78542 -0.558414 -1.6206 0.643697 -0.188626 -1.83431 
1.21001 -0.652307 -1.28553 0.785616 -0.55887 -1.62066 0.636868 -0.194657 -1.83761 
1.21023 -0.65224 -1.28553 0.785598 -0.560067 -1.6207 0.626845 -0.203525 -1.84576 
1.21026 -0.652276 -1.28543 0.785678 -0.560454 -1.62081 0.622707 -0.207215 -1.84866 
1.21025 -0.652239 -1.28535 0.786456 -0.561186 -1.62169 0.616785 -0.213023 -1.85352 
1.21019 -0.652502 -1.28514 0.786506 -0.562076 -1.62195 0.606918 -0.224231 -1.86004 
1.21024 -0.652532 -1.28504 0.786592 -0.562329 -1.62209 0.601807 -0.228742 -1.86143 
1.21037 -0.652318 -1.28508 0.786632 -0.562588 -1.62217 0.597238 -0.233814 -1.86644 
1.21037 -0.652577 -1.28483 0.786876 -0.563114 -1.62275 0.58936 -0.243834 -1.87367 
1.21033 -0.652594 -1.28476 0.786997 -0.563379 -1.62298 0.58554 -0.247531 -1.8738 
1.21035 -0.652613 -1.28474 0.787066 -0.564015 -1.62319 0.582428 -0.252882 -1.87864 
1.21057 -0.652776 -1.28461 0.787625 -0.56505 -1.62407 0.574553 -0.263304 -1.88474 
1.21057 -0.652866 -1.28452 0.787855 -0.566513 -1.62452 0.572015 -0.267117 -1.88842 
1.21074 -0.652972 -1.28459 0.787748 -0.568106 -1.62471 0.565064 -0.276324 -1.89056 
1.21097 -0.653166 -1.2845 0.78803 -0.570029 -1.62477 0.554616 -0.293272 -1.89792 
1.21107 -0.65324 -1.28444 0.788403 -0.570616 -1.62493 0.55008 -0.301022 -1.90124 
1.21133 -0.653244 -1.2841 0.78929 -0.571996 -1.62547 0.543478 -0.313873 -1.90628 
1.21151 -0.653182 -1.28382 0.78974 -0.574359 -1.6259 0.532503 -0.335508 -1.91447 
1.21154 -0.653201 -1.28365 0.789918 -0.575207 -1.62586 0.527093 -0.344485 -1.91549 
1.2118 -0.653242 -1.2832 0.789849 -0.576874 -1.62568 0.523834 -0.354869 -1.92242 
1.21183 -0.65329 -1.28313 0.790641 -0.578791 -1.62623 0.515434 -0.375091 -1.9277 
1.21164 -0.653935 -1.28261 0.790909 -0.579464 -1.6266 0.513802 -0.382251 -1.93059 
1.21163 -0.654012 -1.2827 0.791194 -0.581226 -1.62679 0.510014 -0.392659 -1.93398 
1.21162 -0.654128 -1.2825 0.792894 -0.583614 -1.62832 0.503889 -0.412806 -1.93836 
1.21163 -0.654112 -1.28248 0.793173 -0.584808 -1.62823 0.502457 -0.420145 -1.9412 
1.21174 -0.654089 -1.2824 0.793494 -0.585891 -1.62849 0.499363 -0.43182 -1.94407 
1.21172 -0.65404 -1.28183 0.794491 -0.588244 -1.62877 0.496024 -0.451753 -1.95105 
1.21176 -0.653945 -1.28174 0.795189 -0.589285 -1.6292 0.492991 -0.46025 -1.95062 
1.21188 -0.653952 -1.28152 0.795504 -0.591289 -1.62898 0.491546 -0.47178 -1.95167 
1.21186 -0.65408 -1.28093 0.795912 -0.594226 -1.62844 0.48968 -0.487234 -1.95601 
1.21192 -0.653997 -1.28088 0.796282 -0.594955 -1.62856 0.489047 -0.492527 -1.95781 
1.21197 -0.654018 -1.28075 0.796599 -0.597421 -1.62816 0.488125 -0.500652 -1.95858 
1.21177 -0.654113 -1.2806 0.7984 -0.600716 -1.62857 0.486433 -0.516358 -1.96013 
1.21176 -0.654134 -1.28061 0.799079 -0.602207 -1.62768 0.485595 -0.524045 -1.95964 
1.21171 -0.654099 -1.28052 0.799579 -0.604167 -1.62755 0.484841 -0.534631 -1.96078 
1.21136 -0.653431 -1.27962 0.800353 -0.60907 -1.62697 0.483243 -0.554243 -1.96183 
1.21139 -0.653335 -1.27938 0.800512 -0.61079 -1.62703 0.482568 -0.561636 -1.96114 
1.21135 -0.65321 -1.27885 0.800556 -0.613447 -1.62672 0.482023 -0.570533 -1.96082 
1.21176 -0.652312 -1.2785 0.801061 -0.615771 -1.62681 0.482233 -0.57919 -1.96084 
1.21166 -0.652271 -1.27828 0.801262 -0.616254 -1.62703 0.48265 -0.580734 -1.96076 
1.21168 -0.652227 -1.27812 0.801501 -0.616562 -1.62703 0.484311 -0.581273 -1.96292 
1.21117 -0.653043 -1.27802 0.801621 -0.617718 -1.62674 0.484734 -0.581443 -1.96243 
1.21111 -0.653087 -1.27818 0.801842 -0.61823 -1.62679 0.484766 -0.582002 -1.96221 
1.21115 -0.653211 -1.27848 0.803092 -0.618957 -1.62753 0.485072 -0.583817 -1.96289 
1.21117 -0.653244 -1.27869 0.803783 -0.621513 -1.62751 0.485011 -0.593849 -1.9629 
1.21115 -0.653187 -1.27853 0.803504 -0.624486 -1.62729 0.484266 -0.600605 -1.96099 
1.21102 -0.652981 -1.27817 0.803691 -0.627356 -1.62694 0.485225 -0.607433 -1.96574 
1.21215 -0.651721 -1.27822 0.804394 -0.631031 -1.62727 0.484525 -0.619721 -1.96409 
1.2123 -0.65177 -1.27779 0.804056 -0.632753 -1.62611 0.484597 -0.622318 -1.96435 
1.21245 -0.651373 -1.27734 0.803861 -0.634666 -1.62518 0.48416 -0.625717 -1.96212 
1.21308 -0.651371 -1.27712 0.80486 -0.634747 -1.62489 0.484108 -0.626889 -1.96052 
1.21331 -0.65139 -1.27722 0.805241 -0.634114 -1.62491 0.48415 -0.626923 -1.96018 
1.2136 -0.651524 -1.27718 0.805501 -0.634333 -1.62467 0.484213 -0.626828 -1.95964 
1.21411 -0.65209 -1.27732 0.805748 -0.634455 -1.62443 0.484344 -0.626935 -1.95951 
1.21409 -0.652018 -1.27731 0.805401 -0.635204 -1.62441 0.484486 -0.62719 -1.95957 
1.21409 -0.65187 -1.27728 0.805644 -0.635673 -1.62438 0.484781 -0.628181 -1.95966 
1.21395 -0.651364 -1.27707 0.805834 -0.636583 -1.62464 0.484822 -0.632449 -1.95878 
1.2142 -0.651361 -1.27657 0.805952 -0.637576 -1.62447 0.486461 -0.633915 -1.96189 
1.21432 -0.65135 -1.27647 0.806179 -0.639846 -1.62438 0.487123 -0.636469 -1.96184 
1.21479 -0.651467 -1.27612 0.807807 -0.64384 -1.62424 0.487471 -0.644402 -1.96125 
1.21499 -0.651479 -1.27605 0.808227 -0.645047 -1.62414 0.488965 -0.647375 -1.96336 
1.21539 -0.651461 -1.276 0.808629 -0.646706 -1.62391 0.488835 -0.65216 -1.96244 
1.2172 -0.650232 -1.27677 0.808633 -0.650809 -1.62308 0.488321 -0.659739 -1.95972 
1.2173 -0.65012 -1.27659 0.808635 -0.651647 -1.62283 0.488544 -0.661063 -1.95979 
1.21749 -0.650086 -1.27624 0.80849 -0.652127 -1.62223 0.488309 -0.663582 -1.95791 
1.21789 -0.64997 -1.27617 0.808394 -0.651665 -1.62177 0.488374 -0.661644 -1.95856 
1.21773 -0.650048 -1.2758 0.808736 -0.650713 -1.62206 0.488063 -0.660345 -1.95841 
1.21797 -0.650053 -1.27612 0.808823 -0.649132 -1.6221 0.488207 -0.657412 -1.95796 
1.21822 -0.650101 -1.27629 0.808516 -0.646794 -1.6215 0.486485 -0.652934 -1.95518 
1.21824 -0.650177 -1.27641 0.808335 -0.645703 -1.62179 0.486407 -0.65155 -1.95508 
1.21824 -0.650234 -1.27645 0.80803 -0.64476 -1.62176 0.486756 -0.647156 -1.95523 
1.2181 -0.64996 -1.27635 0.807951 -0.644163 -1.62198 0.486515 -0.644968 -1.95494 
1.21813 -0.649898 -1.2763 0.807868 -0.643982 -1.62206 0.486509 -0.644689 -1.95488 
1.21796 -0.649933 -1.27582 0.807809 -0.643739 -1.6223 0.486772 -0.644406 -1.95548 
1.21794 -0.649742 -1.27565 0.808219 -0.644122 -1.6231 0.487466 -0.644086 -1.95807 
1.21794 -0.6497 -1.2756 0.808232 -0.644348 -1.62329 0.487714 -0.644265 -1.9585 
1.21795 -0.649739 -1.2755 0.808386 -0.644311 -1.62355 0.488034 -0.644179 -1.95899 
1.21758 -0.650177 -1.27455 0.808643 -0.643788 -1.62394 0.489435 -0.642971 -1.95984 
1.2176 -0.650148 -1.27461 0.808587 -0.643391 -1.62392 0.489439 -0.642107 -1.95986 
1.21825 -0.649714 -1.27558 0.808553 -0.64209 -1.62424 0.489792 -0.638335 -1.96108 
1.21823 -0.64985 -1.27568 0.808356 -0.639143 -1.62459 0.488254 -0.633906 -1.95795 
1.21833 -0.649887 -1.27566 0.80846 -0.638178 -1.62472 0.489811 -0.630485 -1.96178 
1.21848 -0.649945 -1.27568 0.807049 -0.635772 -1.62413 0.488177 -0.623387 -1.9594 
1.21872 -0.649969 -1.27575 0.806599 -0.631135 -1.62493 0.488852 -0.609118 -1.96161 
1.21875 -0.650011 -1.27574 0.80639 -0.630238 -1.625 0.487513 -0.606784 -1.95886 
1.21904 -0.650656 -1.27592 0.80641 -0.625231 -1.62597 0.488202 -0.594003 -1.95959 
1.21914 -0.651133 -1.27615 0.805364 -0.620706 -1.62638 0.489476 -0.577581 -1.95952 
1.21952 -0.651174 -1.27655 0.80509 -0.620082 -1.6263 0.489431 -0.575486 -1.95958 
1.21961 -0.651834 -1.27682 0.804593 -0.617827 -1.62647 0.490735 -0.563542 -1.96103 
1.21957 -0.652104 -1.27717 0.803152 -0.615071 -1.62648 0.491832 -0.552386 -1.95992 
1.21952 -0.652165 -1.27718 0.803011 -0.614751 -1.62655 0.491778 -0.550673 -1.9597 
1.21942 -0.652255 -1.27735 0.802541 -0.613615 -1.62684 0.492593 -0.542934 -1.95955 
1.21933 -0.65215 -1.27742 0.80199 -0.611395 -1.62765 0.494336 -0.530816 -1.96109 
1.21883 -0.652172 -1.27702 0.801942 -0.611119 -1.62785 0.494808 -0.527437 -1.96096 
1.21882 -0.652095 -1.27717 0.801623 -0.610222 -1.62836 0.496069 -0.51697 -1.95721 
1.21875 -0.652188 -1.27719 0.801498 -0.606775 -1.63 0.499826 -0.496712 -1.95699 
1.21869 -0.652173 -1.27723 0.801326 -0.606163 -1.6301 0.50193 -0.492521 -1.95911 
1.21863 -0.65223 -1.27732 0.800098 -0.603366 -1.63061 0.506089 -0.475228 -1.95874 
1.21858 -0.652314 -1.27744 0.798895 -0.600216 -1.63115 0.509695 -0.453967 -1.95281 
1.21821 -0.652557 -1.27724 0.798664 -0.599779 -1.63113 0.510306 -0.449693 -1.95211 
1.21802 -0.652583 -1.27736 0.797006 -0.597666 -1.63024 0.513222 -0.43394 -1.94491 
1.21791 -0.652649 -1.2776 0.796508 -0.594126 -1.63034 0.518724 -0.414501 -1.94173 
1.21788 -0.652729 -1.27754 0.796387 -0.593616 -1.63034 0.519453 -0.411059 -1.94069 
1.21799 -0.652894 -1.27753 0.795991 -0.591303 -1.63019 0.522004 -0.398813 -1.93529 
1.21809 -0.652891 -1.27755 0.795853 -0.589592 -1.63014 0.524338 -0.39029 -1.9314 
1.21816 -0.652865 -1.27749 0.795242 -0.587793 -1.62942 0.529956 -0.37551 -1.92829 
1.21828 -0.652889 -1.27754 0.794545 -0.58709 -1.62861 0.531897 -0.369915 -1.92605 
1.21831 -0.652823 -1.27762 0.794009 -0.586405 -1.62831 0.533494 -0.362612 -1.92243 
1.21835 -0.652852 -1.27778 0.793557 -0.5851 -1.62771 0.540607 -0.348699 -1.91849 
1.2183 -0.652902 -1.2778 0.793214 -0.584629 -1.62737 0.541952 -0.343868 -1.91585 
1.21833 -0.652924 -1.27785 0.792779 -0.583559 -1.62692 0.545061 -0.335462 -1.91142 
1.21774 -0.653509 -1.27757 0.791437 -0.581492 -1.62616 0.553797 -0.31987 -1.90597 
1.21769 -0.653561 -1.27753 0.792317 -0.579765 -1.62703 0.559168 -0.312333 -1.90506 
1.21758 -0.653536 -1.27761 0.790996 -0.578877 -1.62559 0.563365 -0.303407 -1.89922 
1.21752 -0.653601 -1.27762 0.790794 -0.576081 -1.62565 0.573985 -0.286971 -1.89117 
1.21757 -0.653612 -1.27755 0.790501 -0.575212 -1.62551 0.580534 -0.278365 -1.88925 
1.21757 -0.653542 -1.27764 0.7904 -0.573877 -1.62535 0.589087 -0.267628 -1.88421 
1.21755 -0.653618 -1.27754 0.790347 -0.57114 -1.62495 0.601523 -0.250607 -1.87227 
1.21766 -0.653642 -1.27754 0.790346 -0.570497 -1.62491 0.609144 -0.242789 -1.86968 
1.21756 -0.653648 -1.27747 0.790196 -0.569722 -1.62444 0.618862 -0.233026 -1.86165 
1.21752 -0.653557 -1.27755 0.790233 -0.567546 -1.62379 0.638847 -0.214158 -1.85003 
1.21751 -0.653629 -1.27761 0.790139 -0.566933 -1.62356 0.646687 -0.207183 -1.84471 
1.21755 -0.653614 -1.27772 0.790133 -0.565931 -1.623 0.65952 -0.196294 -1.83552 
1.2174 -0.653677 -1.27775 0.790429 -0.563446 -1.62207 0.681409 -0.179249 -1.81996 
1.21732 -0.653703 -1.27778 0.790375 -0.562772 -1.62166 0.690028 -0.173447 -1.81305 
1.21722 -0.653794 -1.2779 0.790501 -0.561454 -1.62132 0.702569 -0.165758 -1.80245 
1.21713 -0.653222 -1.27868 0.7906 -0.559984 -1.61995 0.719124 -0.155427 -1.78567 
1.21701 -0.653202 -1.27884 0.790519 -0.55969 -1.61949 0.727437 -0.152089 -1.78228 
1.21662 -0.653574 -1.27961 0.790262 -0.559219 -1.61915 0.736323 -0.147832 -1.77564 
1.21593 -0.653581 -1.28018 0.789852 -0.558816 -1.61879 0.749285 -0.142639 -1.76983 
1.2146 -0.654001 -1.27938 0.789803 -0.55897 -1.61915 0.751904 -0.142464 -1.76669 
1.2143 -0.653944 -1.27962 0.789445 -0.55927 -1.62021 0.758336 -0.14041 -1.76606 
1.2139 -0.65388 -1.28021 0.78949 -0.560065 -1.62188 0.766364 -0.139025 -1.76487 
1.2138 -0.653871 -1.28042 0.788665 -0.560686 -1.62163 0.768577 -0.13914 -1.76348 
1.214 -0.653676 -1.28135 0.788152 -0.561133 -1.62156 0.774046 -0.137762 -1.76344 
1.21378 -0.653736 -1.28171 0.788444 -0.559989 -1.62221 0.782199 -0.135481 -1.76086 
1.21374 -0.653699 -1.28187 0.788471 -0.559777 -1.6223 0.784201 -0.134773 -1.758 
1.21376 -0.653636 -1.28227 0.789222 -0.559198 -1.62329 0.788772 -0.133592 -1.75523 
1.21276 -0.654073 -1.28197 0.788414 -0.559573 -1.62312 0.79328 -0.131411 -1.74901 
1.21265 -0.65414 -1.28215 0.788349 -0.559586 -1.62323 0.795704 -0.130393 -1.74795 
1.21245 -0.654181 -1.28229 0.787946 -0.56023 -1.62312 0.797497 -0.129978 -1.74472 
1.21202 -0.65432 -1.28237 0.787874 -0.560254 -1.62325 0.799982 -0.129203 -1.7391 
1.21186 -0.654339 -1.28259 0.787751 -0.560163 -1.6233 0.801217 -0.128235 -1.73746 
1.21132 -0.6544 -1.28293 0.78766 -0.560196 -1.6236 0.804349 -0.127542 -1.73766 
1.21078 -0.654397 -1.28315 0.787618 -0.56034 -1.62479 0.807627 -0.12791 -1.73439 
1.21052 -0.654367 -1.28348 0.787619 -0.560464 -1.62531 0.810006 -0.127593 -1.7344 
1.21043 -0.653818 -1.28405 0.787636 -0.560437 -1.6259 0.813228 -0.127515 -1.73337 
1.20994 -0.65392 -1.28429 0.787494 -0.560052 -1.62651 0.818533 -0.126678 -1.73122 
1.20993 -0.65389 -1.28433 0.787362 -0.559788 -1.62635 0.821129 -0.125409 -1.73069 
1.20993 -0.653877 -1.28429 0.787318 -0.559306 -1.62621 0.82189 -0.124767 -1.73024 
1.21016 -0.653825 -1.28423 0.786552 -0.558612 -1.62509 0.815304 -0.125765 -1.72848 
1.21032 -0.653737 -1.28417 0.786721 -0.558563 -1.62513 0.815364 -0.124979 -1.73256 
1.21065 -0.653634 -1.28388 0.787573 -0.559254 -1.62579 0.810169 -0.126077 -1.73576 
1.21103 -0.654123 -1.28278 0.787749 -0.559797 -1.62513 0.798466 -0.128557 -1.74143 
1.21154 -0.65407 -1.28243 0.787702 -0.5598 -1.62477 0.792088 -0.130123 -1.74305 
1.21183 -0.654103 -1.28205 0.787725 -0.559665 -1.62413 0.78435 -0.130965 -1.74752 
1.21232 -0.654047 -1.2817 0.788015 -0.559379 -1.6233 0.771234 -0.13471 -1.75591 
1.21254 -0.654042 -1.28166 0.787607 -0.560084 -1.62252 0.765487 -0.137276 -1.75885 
1.21276 -0.654063 -1.28143 0.788008 -0.55946 -1.62236 0.757798 -0.139076 -1.76397 
1.21359 -0.653927 -1.28163 0.787918 -0.557456 -1.62161 0.742954 -0.142852 -1.77243 
1.21375 -0.653958 -1.2816 0.787889 -0.557046 -1.62117 0.735942 -0.145527 -1.77528 
1.2139 -0.653912 -1.28161 0.787735 -0.556629 -1.62032 0.726383 -0.147752 -1.78294 
1.21406 -0.653933 -1.28129 0.787705 -0.556338 -1.61996 0.706604 -0.156098 -1.79461 
1.21372 -0.654163 -1.28049 0.787495 -0.55671 -1.61952 0.697748 -0.160778 -1.80026 
1.21383 -0.654155 -1.2803 0.787512 -0.557002 -1.61954 0.684832 -0.167814 -1.8093 
1.21413 -0.654162 -1.27994 0.787364 -0.55765 -1.61956 0.66059 -0.18344 -1.82407 
1.21422 -0.654105 -1.2797 0.787381 -0.557792 -1.61971 0.651718 -0.189888 -1.83018 
1.21419 -0.654017 -1.27942 0.787529 -0.557808 -1.62041 0.639366 -0.200107 -1.83888 
1.21446 -0.653316 -1.27947 0.787112 -0.56009 -1.62071 0.61981 -0.216344 -1.85203 
1.21434 -0.652986 -1.2793 0.787287 -0.561117 -1.62127 0.612306 -0.223598 -1.85544 
1.21436 -0.653062 -1.27929 0.787616 -0.561955 -1.62216 0.604623 -0.232975 -1.86437 
1.2141 -0.653936 -1.27916 0.788077 -0.563262 -1.62349 0.590598 -0.249202 -1.87464 
1.21396 -0.653647 -1.27906 0.788387 -0.563867 -1.62379 0.58451 -0.255649 -1.87702 
1.21398 -0.653613 -1.27912 0.788799 -0.564991 -1.62428 0.577733 -0.265917 -1.88251 
1.21407 -0.653632 -1.27896 0.789599 -0.566822 -1.62491 0.56506 -0.282309 -1.88943 
1.21407 -0.653684 -1.27893 0.789616 -0.567515 -1.62498 0.561638 -0.288529 -1.89363 
1.21449 -0.653058 -1.27912 0.789463 -0.568884 -1.62462 0.554726 -0.298758 -1.89618 
1.2147 -0.653046 -1.27875 0.789985 -0.570449 -1.62451 0.545427 -0.314167 -1.90118 
1.21481 -0.653065 -1.27867 0.790225 -0.571121 -1.62466 0.543271 -0.319345 -1.90409 
1.21487 -0.653175 -1.27847 0.790388 -0.573045 -1.62464 0.537208 -0.329118 -1.90516 
1.21578 -0.65305 -1.27896 0.790609 -0.574771 -1.6245 0.530764 -0.342865 -1.9109 
1.21589 -0.653368 -1.27897 0.79093 -0.575477 -1.62438 0.526852 -0.349611 -1.91195 
1.21606 -0.653435 -1.27884 0.790872 -0.577104 -1.62411 0.523402 -0.359125 -1.91636 
1.21585 -0.654161 -1.27826 0.792614 -0.579008 -1.62565 0.515026 -0.378696 -1.91963 
1.21608 -0.654216 -1.27792 0.792759 -0.579876 -1.62556 0.512749 -0.386092 -1.92273 
1.21592 -0.654151 -1.27822 0.793305 -0.581241 -1.62555 0.506931 -0.399553 -1.92363 
1.21628 -0.65414 -1.27785 0.793114 -0.584137 -1.6252 0.502408 -0.417393 -1.92977 
1.2163 -0.654063 -1.27783 0.79337 -0.584865 -1.62527 0.499838 -0.424956 -1.93097 
1.21624 -0.654138 -1.27761 0.793877 -0.586245 -1.62532 0.497514 -0.434399 -1.93431 
1.21646 -0.654139 -1.2775 0.794483 -0.587856 -1.62543 0.493566 -0.450532 -1.93664 
1.21642 -0.65416 -1.27739 0.795188 -0.588769 -1.626 0.492588 -0.456824 -1.93801 
1.21648 -0.654244 -1.27729 0.795397 -0.589739 -1.62633 0.492127 -0.464012 -1.94314 
1.21654 -0.654311 -1.27699 0.79611 -0.592331 -1.62634 0.490293 -0.479804 -1.94454 
1.21663 -0.654307 -1.27693 0.795958 -0.593872 -1.62584 0.489545 -0.485937 -1.94672 
1.21681 -0.654237 -1.2768 0.796364 -0.595112 -1.62607 0.488995 -0.495344 -1.94849 
1.21693 -0.654172 -1.27651 0.797399 -0.598382 -1.62607 0.487735 -0.511342 -1.95092 
1.21692 -0.654165 -1.27636 0.798467 -0.599435 -1.62705 0.487293 -0.518393 -1.95065 
1.21699 -0.654084 -1.27622 0.799075 -0.601412 -1.62743 0.488886 -0.525791 -1.95479 
1.21713 -0.65395 -1.2759 0.800249 -0.604003 -1.62844 0.489487 -0.536322 -1.95703 
1.21702 -0.653607 -1.27593 0.801081 -0.605199 -1.62941 0.489245 -0.541948 -1.95645 
1.21697 -0.653503 -1.27591 0.801687 -0.606998 -1.62963 0.49113 -0.546218 -1.9597 
1.21685 -0.653422 -1.27586 0.8023 -0.611247 -1.6296 0.491014 -0.556512 -1.9609 
1.21689 -0.653349 -1.27599 0.80251 -0.613339 -1.62928 0.490494 -0.562869 -1.95961 
1.21679 -0.653322 -1.27591 0.802761 -0.616063 -1.62917 0.490009 -0.571815 -1.95911 
1.21731 -0.652034 -1.27617 0.803986 -0.619331 -1.62985 0.491093 -0.584337 -1.96101 
1.21735 -0.650927 -1.27565 0.804173 -0.620206 -1.62995 0.489729 -0.589282 -1.95885 
1.2168 -0.650955 -1.27427 0.804057 -0.621989 -1.63 0.491786 -0.592879 -1.96244 
1.21666 -0.650646 -1.27368 0.804822 -0.62312 -1.63044 0.492841 -0.595424 -1.96372 
1.21663 -0.650714 -1.27341 0.804767 -0.622874 -1.63036 0.492916 -0.594618 -1.96371 
1.21666 -0.650739 -1.27351 0.805151 -0.621768 -1.63082 0.492848 -0.594017 -1.96311 
1.21663 -0.650876 -1.27387 0.805226 -0.62149 -1.63076 0.492671 -0.593257 -1.96238 
1.21661 -0.650927 -1.274 0.805212 -0.621495 -1.63063 0.492533 -0.593244 -1.96207 
1.21649 -0.650948 -1.27417 0.805667 -0.622203 -1.63085 0.492451 -0.593963 -1.96194 
1.21649 -0.650727 -1.27422 0.804911 -0.625155 -1.62938 0.491608 -0.600727 -1.96058 
1.21653 -0.650625 -1.2741 0.805 -0.625986 -1.62925 0.491708 -0.602602 -1.96096 
1.21667 -0.650552 -1.27393 0.804895 -0.627173 -1.62853 0.491322 -0.608317 -1.96126 
1.21691 -0.650342 -1.27341 0.80572 -0.629924 -1.62854 0.492811 -0.613733 -1.96327 
1.21707 -0.650307 -1.27324 0.805956 -0.630739 -1.62826 0.492419 -0.616369 -1.9621 
1.21735 -0.650315 -1.27304 0.806168 -0.631326 -1.6279 0.492568 -0.617761 -1.96184 
1.21769 -0.650226 -1.27301 0.806411 -0.632378 -1.62724 0.492832 -0.619752 -1.95922 
1.21776 -0.65019 -1.27315 0.806518 -0.632535 -1.62724 0.492925 -0.620082 -1.95913 
1.21779 -0.650267 -1.27321 0.806558 -0.633001 -1.62722 0.492924 -0.620779 -1.95897 
1.21771 -0.650221 -1.27336 0.80649 -0.634814 -1.62716 0.492827 -0.623109 -1.96051 
1.21762 -0.650221 -1.27335 0.806436 -0.635119 -1.62716 0.492728 -0.62424 -1.96059 
1.21759 -0.650153 -1.27328 0.80658 -0.635649 -1.62709 0.49244 -0.627219 -1.95986 
1.2176 -0.650047 -1.27303 0.806589 -0.636901 -1.62687 0.492468 -0.628771 -1.95993 
1.21789 -0.649967 -1.27274 0.806668 -0.637016 -1.62675 0.492282 -0.630128 -1.95911 
1.21806 -0.649948 -1.27262 0.80678 -0.637082 -1.62649 0.492301 -0.630396 -1.95872 
1.21837 -0.64995 -1.27243 0.806973 -0.636708 -1.62603 0.492618 -0.629107 -1.95867 
1.21857 -0.649956 -1.27248 0.806939 -0.636491 -1.62597 0.492706 -0.628758 -1.95869 
1.2186 -0.65003 -1.2725 0.806858 -0.635908 -1.62594 0.492549 -0.628125 -1.95843 
1.21852 -0.649969 -1.27265 0.80672 -0.63552 -1.6261 0.492203 -0.627334 -1.95639 
1.21839 -0.649999 -1.27265 0.806612 -0.635225 -1.62612 0.492707 -0.62448 -1.96006 
1.21831 -0.649987 -1.27273 0.80635 -0.634593 -1.62635 0.492559 -0.623331 -1.95995 
1.21825 -0.649965 -1.27277 0.806373 -0.632821 -1.62694 0.492729 -0.619993 -1.95925 
1.2183 -0.649929 -1.27274 0.806219 -0.632119 -1.62704 0.492724 -0.617391 -1.96113 
1.21826 -0.649955 -1.27255 0.80626 -0.630509 -1.62742 0.493218 -0.613384 -1.96058 
1.21836 -0.649884 -1.2725 0.805398 -0.627188 -1.62767 0.494285 -0.601745 -1.96289 
1.21837 -0.649954 -1.27244 0.80524 -0.626154 -1.62793 0.494701 -0.597057 -1.96311 
1.21839 -0.649961 -1.27259 0.80591 -0.623075 -1.62983 0.495549 -0.588386 -1.96478 
1.21834 -0.65002 -1.27298 0.805111 -0.619398 -1.63024 0.496585 -0.57483 -1.96532 
1.21823 -0.650132 -1.27328 0.804872 -0.618572 -1.63057 0.497268 -0.570391 -1.96452 
1.21814 -0.650291 -1.27356 0.804515 -0.617517 -1.63116 0.498156 -0.562728 -1.96499 
1.21818 -0.650326 -1.27384 0.80281 -0.616192 -1.63067 0.49945 -0.550528 -1.96556 
1.21816 -0.650296 -1.27391 0.802868 -0.614845 -1.63123 0.500098 -0.545469 -1.9662 
1.21809 -0.650282 -1.27396 0.802512 -0.613572 -1.63144 0.500909 -0.537475 -1.96457 
1.21788 -0.650149 -1.2742 0.801381 -0.611473 -1.63225 0.502929 -0.517903 -1.96396 
1.2178 -0.650197 -1.27438 0.800589 -0.609413 -1.63215 0.503684 -0.510125 -1.96196 
1.21755 -0.650341 -1.27457 0.800138 -0.606135 -1.63263 0.504646 -0.497868 -1.96032 
1.21779 -0.649962 -1.27579 0.798852 -0.600924 -1.63208 0.505978 -0.479911 -1.95632 
1.21792 -0.650028 -1.27618 0.798359 -0.599932 -1.6316 0.506522 -0.473646 -1.95601 
1.21793 -0.650126 -1.27623 0.796966 -0.598707 -1.62995 0.506187 -0.468689 -1.95085 
1.21769 -0.650135 -1.27576 0.796292 -0.597615 -1.62912 0.505232 -0.462792 -1.9472 
1.21775 -0.649989 -1.27568 0.796166 -0.597365 -1.6289 0.505041 -0.461685 -1.9463 
1.21783 -0.649815 -1.27544 0.795994 -0.59703 -1.62881 0.505581 -0.459392 -1.944 
1.21749 -0.650074 -1.27429 0.795726 -0.597764 -1.62847 0.507536 -0.452123 -1.94192 
1.21746 -0.650096 -1.27417 0.795745 -0.597486 -1.62874 0.508511 -0.447931 -1.94083 
1.21751 -0.650112 -1.27424 0.795682 -0.596296 -1.62928 0.510578 -0.439624 -1.93866 
1.21798 -0.649759 -1.27545 0.795483 -0.593588 -1.63036 0.517888 -0.419444 -1.93754 
1.21798 -0.649863 -1.27561 0.795234 -0.592595 -1.63083 0.520332 -0.410247 -1.93524 
1.21804 -0.649971 -1.27627 0.795219 -0.590049 -1.63168 0.523913 -0.397254 -1.93099 
1.21769 -0.650255 -1.27674 0.793851 -0.586722 -1.63136 0.532445 -0.374129 -1.92621 
1.21765 -0.650251 -1.27688 0.793528 -0.58587 -1.6314 0.53494 -0.365283 -1.92298 
1.21759 -0.650325 -1.27697 0.79306 -0.584435 -1.63127 0.540943 -0.353132 -1.91939 
1.21752 -0.650315 -1.27683 0.791268 -0.581782 -1.62961 0.549399 -0.333699 -1.91163 
1.2175 -0.650207 -1.27668 0.79084 -0.580866 -1.62902 0.552354 -0.326413 -1.90875 
1.21762 -0.650051 -1.27667 0.790611 -0.578765 -1.6284 0.557714 -0.316866 -1.90391 
1.21768 -0.650112 -1.27644 0.790032 -0.576467 -1.62751 0.564904 -0.302423 -1.89484 
1.21775 -0.650118 -1.27644 0.790094 -0.575257 -1.62733 0.569743 -0.295699 -1.89435 
1.21774 -0.650035 -1.27643 0.789868 -0.574175 -1.62673 0.573269 -0.288703 -1.88853 
1.21774 -0.650111 -1.27643 0.789595 -0.572573 -1.62577 0.582217 -0.275541 -1.88224 
1.21761 -0.650126 -1.27648 0.789597 -0.571464 -1.62576 0.586629 -0.27003 -1.88056 
1.21751 -0.650115 -1.27666 0.788603 -0.570668 -1.6249 0.590833 -0.263471 -1.87675 
1.21692 -0.650972 -1.27644 0.788484 -0.569504 -1.62484 0.599057 -0.254066 -1.8715 
1.21684 -0.650968 -1.27654 0.788329 -0.569193 -1.62465 0.6026 -0.249401 -1.87079 
1.21566 -0.65129 -1.27579 0.788254 -0.568551 -1.62449 0.607007 -0.244482 -1.86829 
1.21561 -0.651473 -1.27608 0.789299 -0.566406 -1.62536 0.613851 -0.236185 -1.86497 
1.21567 -0.651495 -1.27614 0.789289 -0.566047 -1.6252 0.615602 -0.234164 -1.86148 
1.21557 -0.651403 -1.2761 0.788573 -0.565225 -1.62422 0.620646 -0.228889 -1.85794 
1.21547 -0.651366 -1.27616 0.7882 -0.563825 -1.62335 0.631001 -0.219292 -1.85165 
1.21549 -0.65138 -1.27617 0.788038 -0.563441 -1.62315 0.634771 -0.215167 -1.84712 
1.21544 -0.651474 -1.27618 0.787982 -0.562769 -1.62287 0.642653 -0.208103 -1.84229 
1.21539 -0.651586 -1.27625 0.787915 -0.561478 -1.62201 0.658634 -0.195006 -1.83216 
1.21534 -0.651645 -1.27633 0.787856 -0.560949 -1.62169 0.665784 -0.189162 -1.82824 
1.21531 -0.651693 -1.27655 0.789099 -0.558971 -1.62259 0.676404 -0.181411 -1.81949 
1.21514 -0.651937 -1.27691 0.788598 -0.557398 -1.6217 0.694025 -0.169106 -1.80589 
1.21506 -0.652021 -1.27721 0.788565 -0.557318 -1.62154 0.702028 -0.165344 -1.8004 
1.21484 -0.652085 -1.27748 0.788543 -0.55741 -1.62164 0.712533 -0.15954 -1.7921 
1.21405 -0.652106 -1.27834 0.788459 -0.558911 -1.62147 0.732423 -0.152252 -1.78198 
1.21397 -0.652107 -1.27851 0.789103 -0.559242 -1.62199 0.740132 -0.148949 -1.77838 
1.21383 -0.652075 -1.27867 0.788252 -0.560444 -1.62133 0.750089 -0.146728 -1.77163 
1.21371 -0.651792 -1.27915 0.787835 -0.561322 -1.62161 0.766296 -0.142393 -1.76221 
1.21363 -0.651805 -1.2793 0.78785 -0.561373 -1.62204 0.772113 -0.14076 -1.75903 
1.21338 -0.651738 -1.27951 0.787872 -0.561136 -1.62265 0.779727 -0.139087 -1.75494 
1.21297 -0.651862 -1.27999 0.787726 -0.560899 -1.62315 0.788751 -0.136304 -1.74901 
1.21251 -0.652488 -1.27996 0.787625 -0.560822 -1.62335 0.791029 -0.136352 -1.74638 
1.21154 -0.652749 -1.27952 0.787608 -0.560888 -1.62355 0.793275 -0.136181 -1.74506 
1.21168 -0.652184 -1.2805 0.787408 -0.561399 -1.62402 0.797616 -0.135429 -1.74597 
1.2116 -0.652118 -1.28056 0.78732 -0.561528 -1.62396 0.798351 -0.13575 -1.74604 
1.21143 -0.652144 -1.28052 0.787256 -0.56167 -1.62405 0.799232 -0.136855 -1.74574 
1.21122 -0.652096 -1.28058 0.786903 -0.56126 -1.62365 0.803276 -0.13619 -1.74761 
1.21113 -0.65207 -1.28056 0.786786 -0.561121 -1.6235 0.804285 -0.135979 -1.748 
1.21102 -0.652002 -1.28063 0.78658 -0.560551 -1.62324 0.806891 -0.134761 -1.747 
1.21089 -0.652088 -1.28067 0.785905 -0.559494 -1.62289 0.811157 -0.132743 -1.74601 
1.21091 -0.65204 -1.28075 0.785924 -0.559415 -1.62295 0.811536 -0.13258 -1.74548 
1.21109 -0.652076 -1.2811 0.785912 -0.558933 -1.62297 0.81205 -0.132097 -1.74427 
1.21114 -0.652057 -1.28115 0.785905 -0.558678 -1.62268 0.81036 -0.131717 -1.74409 
1.21113 -0.652073 -1.28113 0.785844 -0.558665 -1.62261 0.809771 -0.131674 -1.74428 
1.21125 -0.652046 -1.28107 0.785949 -0.558749 -1.6225 0.806308 -0.132037 -1.74489 
1.2113 -0.65196 -1.28057 0.785951 -0.558821 -1.62235 0.798986 -0.133514 -1.74855 
1.21139 -0.651961 -1.28047 0.786029 -0.558783 -1.62232 0.79765 -0.133464 -1.75002 
1.21123 -0.652317 -1.27928 0.786029 -0.55866 -1.6221 0.789231 -0.135097 -1.75464 
1.21278 -0.651434 -1.27958 0.786241 -0.558572 -1.6222 0.773573 -0.138504 -1.76387 
1.21284 -0.651399 -1.27948 0.786278 -0.558559 -1.6223 0.769075 -0.13967 -1.76509 
1.21323 -0.651339 -1.27913 0.786431 -0.558672 -1.62239 0.752625 -0.144979 -1.77546 
1.21364 -0.651384 -1.27866 0.787284 -0.558052 -1.623 0.728708 -0.154234 -1.79073 
1.21369 -0.651428 -1.27878 0.787294 -0.558194 -1.62301 0.724651 -0.156099 -1.79531 
1.21394 -0.651346 -1.27854 0.786451 -0.558943 -1.62216 0.703065 -0.167183 -1.80817 
1.21392 -0.651741 -1.27833 0.7871 -0.560396 -1.62304 0.677653 -0.183258 -1.82521 
1.21382 -0.65178 -1.27833 0.787081 -0.560567 -1.62319 0.674469 -0.185044 -1.83065 
1.21387 -0.651758 -1.27823 0.787289 -0.561284 -1.62432 0.653833 -0.200424 -1.84121 
1.21382 -0.651815 -1.27822 0.787756 -0.561798 -1.62611 0.63447 -0.21673 -1.85661 
1.2138 -0.651821 -1.27821 0.787772 -0.561943 -1.62639 0.630828 -0.21988 -1.85974 
1.2137 -0.651667 -1.27804 0.7881 -0.562893 -1.6274 0.61675 -0.23379 -1.86968 
1.21388 -0.651637 -1.27785 0.787897 -0.566541 -1.62821 0.600014 -0.253101 -1.88076 
1.2139 -0.651616 -1.27782 0.78796 -0.566996 -1.62836 0.597516 -0.257274 -1.88414 
1.21394 -0.651569 -1.27767 0.788404 -0.568405 -1.62907 0.584951 -0.273397 -1.89211 
1.21396 -0.651661 -1.27745 0.78974 -0.570938 -1.63055 0.570201 -0.295337 -1.90251 
1.21406 -0.651659 -1.27738 0.789867 -0.57145 -1.63066 0.566402 -0.300795 -1.90358 
1.21438 -0.651479 -1.27666 0.790226 -0.573788 -1.63071 0.554715 -0.318979 -1.90997 
1.21444 -0.651372 -1.27654 0.790816 -0.577102 -1.63028 0.542679 -0.342736 -1.91838 
1.21436 -0.651305 -1.27659 0.790976 -0.577754 -1.63033 0.54124 -0.347151 -1.92008 
1.21469 -0.651429 -1.27638 0.79086 -0.580872 -1.63029 0.532237 -0.36632 -1.92498 
1.21487 -0.651564 -1.27618 0.792809 -0.583895 -1.6309 0.522076 -0.390756 -1.93027 
1.21485 -0.651629 -1.27609 0.792906 -0.584404 -1.63096 0.520926 -0.395133 -1.93229 
1.21501 -0.651602 -1.27615 0.793713 -0.586945 -1.63085 0.513065 -0.415424 -1.93432 
1.21516 -0.651693 -1.27602 0.794162 -0.591149 -1.6304 0.506169 -0.439991 -1.94014 
1.21523 -0.651649 -1.27597 0.794152 -0.592208 -1.63 0.504981 -0.445924 -1.94073 
1.21527 -0.651488 -1.27587 0.795427 -0.594024 -1.63032 0.50046 -0.465722 -1.946 
1.21542 -0.651294 -1.2756 0.795852 -0.598165 -1.62965 0.497111 -0.489473 -1.95155 
1.21545 -0.651271 -1.27555 0.796052 -0.598764 -1.62971 0.496356 -0.494268 -1.95198 
1.21543 -0.65123 -1.27521 0.797743 -0.601568 -1.63051 0.494527 -0.511126 -1.95509 
1.21692 -0.650083 -1.27626 0.798653 -0.604001 -1.63032 0.493481 -0.523492 -1.95616 
1.21696 -0.649921 -1.27565 0.799507 -0.608792 -1.63041 0.492014 -0.543239 -1.9569 
1.21692 -0.649927 -1.27543 0.800098 -0.610539 -1.63009 0.49142 -0.550701 -1.95647 
1.21702 -0.649746 -1.27534 0.801111 -0.613286 -1.63049 0.491391 -0.560973 -1.95673 
1.21708 -0.649605 -1.2751 0.80205 -0.619057 -1.62967 0.492552 -0.576136 -1.96027 
1.21713 -0.649605 -1.27511 0.802317 -0.621679 -1.62947 0.492244 -0.582939 -1.95968 
1.21711 -0.649568 -1.27501 0.803598 -0.624528 -1.63012 0.4923 -0.591064 -1.9595 
1.21663 -0.649932 -1.27399 0.804606 -0.627565 -1.63021 0.492549 -0.601686 -1.95955 
1.21672 -0.649815 -1.27395 0.804864 -0.628229 -1.63041 0.494096 -0.603105 -1.96193 
1.21666 -0.64987 -1.27363 0.805524 -0.62957 -1.63069 0.494163 -0.606997 -1.96199 
1.21674 -0.649787 -1.27354 0.805922 -0.630399 -1.63087 0.494109 -0.609587 -1.96117 
1.21676 -0.649896 -1.27351 0.806042 -0.630521 -1.63092 0.494233 -0.609757 -1.96114 
1.2167 -0.649948 -1.2736 0.806357 -0.630798 -1.63086 0.494304 -0.610464 -1.96019 
1.2173 -0.649468 -1.27498 0.806687 -0.632353 -1.63052 0.494191 -0.613377 -1.95942 
1.21733 -0.649528 -1.27513 0.806448 -0.633755 -1.63008 0.494075 -0.615016 -1.95977 
1.21735 -0.649551 -1.27513 0.806238 -0.635064 -1.62926 0.493504 -0.619464 -1.95821 
1.21697 -0.649836 -1.27376 0.806121 -0.637756 -1.62843 0.492818 -0.627137 -1.95639 
1.217 -0.64973 -1.27351 0.806171 -0.638533 -1.62814 0.492944 -0.628698 -1.95676 
1.21714 -0.649621 -1.27315 0.806043 -0.639574 -1.6275 0.492845 -0.630803 -1.95789 
1.21745 -0.649565 -1.27263 0.805994 -0.639036 -1.62687 0.492509 -0.63187 -1.95561 
1.21765 -0.649511 -1.27252 0.806168 -0.638397 -1.6269 0.492785 -0.630172 -1.95576 
1.21781 -0.649636 -1.27252 0.806266 -0.637677 -1.6265 0.492692 -0.628813 -1.95505 
1.21795 -0.649882 -1.27309 0.80644 -0.635568 -1.62692 0.492973 -0.62392 -1.95579 
1.2179 -0.649919 -1.27333 0.806221 -0.634802 -1.62713 0.493277 -0.62148 -1.95649 
1.2178 -0.649955 -1.27348 0.806396 -0.633214 -1.62775 0.493273 -0.619527 -1.95633 
1.21769 -0.649977 -1.27344 0.806593 -0.632011 -1.62889 0.494077 -0.615583 -1.95857 
1.21766 -0.649967 -1.2735 0.806577 -0.631677 -1.62922 0.494318 -0.614737 -1.95903 
1.21762 -0.65003 -1.27341 0.806733 -0.630974 -1.62976 0.495018 -0.612366 -1.95982 
1.21775 -0.649945 -1.27338 0.806959 -0.629961 -1.63071 0.497538 -0.608848 -1.96405 
1.21776 -0.650019 -1.27335 0.80705 -0.629627 -1.63098 0.497773 -0.607849 -1.96425 
1.21777 -0.650061 -1.27349 0.807131 -0.628877 -1.63165 0.496869 -0.606044 -1.96265 
1.21773 -0.650094 -1.27377 0.807152 -0.627667 -1.63227 0.498932 -0.601351 -1.967 
1.21769 -0.650107 -1.27373 0.807215 -0.626848 -1.63229 0.498833 -0.60067 -1.96692 
1.21775 -0.650101 -1.27377 0.807137 -0.626404 -1.63226 0.498511 -0.599876 -1.96666 
1.21777 -0.650022 -1.27356 0.806274 -0.625736 -1.6316 0.496812 -0.597759 -1.96384 
1.21781 -0.649981 -1.27346 0.806055 -0.625413 -1.6315 0.496746 -0.596121 -1.96361 
1.21781 -0.649941 -1.27319 0.805728 -0.624757 -1.63128 0.496918 -0.592804 -1.96303 
1.21797 -0.64988 -1.27281 0.806132 -0.621447 -1.63273 0.497203 -0.584145 -1.96183 
1.21792 -0.649861 -1.27282 0.805294 -0.619994 -1.63222 0.497725 -0.578964 -1.96338 
1.21782 -0.649896 -1.27307 0.80468 -0.61817 -1.63221 0.4983 -0.571073 -1.96425 
1.21764 -0.650022 -1.27353 0.803035 -0.615132 -1.63186 0.499382 -0.556064 -1.96546 
1.2176 -0.650006 -1.27379 0.802795 -0.614074 -1.63208 0.499648 -0.550631 -1.96478 
1.21755 -0.650067 -1.27401 0.802212 -0.612549 -1.63275 0.500427 -0.542864 -1.96364 
1.21749 -0.650149 -1.27425 0.802024 -0.610686 -1.63364 0.501222 -0.532737 -1.96257 
1.21749 -0.650134 -1.27434 0.801969 -0.609871 -1.6339 0.502109 -0.528111 -1.96359 
1.21751 -0.650104 -1.27441 0.801722 -0.609628 -1.63413 0.503105 -0.522112 -1.9633 
1.21739 -0.650092 -1.27447 0.801501 -0.609142 -1.63465 0.504108 -0.512966 -1.96055 
1.21786 -0.649577 -1.27533 0.800548 -0.608633 -1.63426 0.504546 -0.508918 -1.96043 
1.21779 -0.649524 -1.27538 0.800246 -0.608017 -1.6345 0.50556 -0.501915 -1.95966 
1.21779 -0.649474 -1.27556 0.799847 -0.606801 -1.63506 0.507387 -0.489145 -1.95757 
1.21769 -0.649485 -1.27559 0.799646 -0.606289 -1.63519 0.509583 -0.483202 -1.95883 
1.21762 -0.649477 -1.27561 0.799245 -0.605487 -1.63516 0.510822 -0.475292 -1.95638 
1.21745 -0.649457 -1.27578 0.797545 -0.603868 -1.63428 0.513291 -0.461109 -1.95291 
1.21741 -0.649456 -1.27583 0.797429 -0.602988 -1.63459 0.514694 -0.454173 -1.95309 
1.21755 -0.649403 -1.27625 0.797192 -0.601757 -1.63465 0.515724 -0.447032 -1.94826 
1.21741 -0.649354 -1.27626 0.796544 -0.600146 -1.63438 0.518364 -0.432902 -1.94393 
1.21725 -0.649351 -1.2762 0.796146 -0.599367 -1.63434 0.519421 -0.427659 -1.94199 
1.21725 -0.649377 -1.27619 0.795994 -0.597684 -1.63433 0.520733 -0.419979 -1.93898 
1.21716 -0.649374 -1.27626 0.795452 -0.595707 -1.63411 0.524534 -0.407174 -1.93584 
1.217 -0.649283 -1.27625 0.795264 -0.595047 -1.63386 0.526151 -0.401623 -1.93436 
1.2169 -0.649352 -1.27586 0.79421 -0.593569 -1.63402 0.528819 -0.394027 -1.93247 
1.21676 -0.649214 -1.27583 0.793404 -0.592515 -1.63343 0.532306 -0.381645 -1.92692 
1.21679 -0.649197 -1.27584 0.793126 -0.592007 -1.63344 0.535701 -0.375662 -1.92599 
1.21665 -0.649216 -1.27585 0.792553 -0.590963 -1.63329 0.540366 -0.365281 -1.92319 
1.21667 -0.649131 -1.27622 0.790971 -0.588263 -1.63272 0.549174 -0.346916 -1.91764 
1.21669 -0.649181 -1.27644 0.790784 -0.587278 -1.63276 0.551915 -0.339947 -1.9141 
1.21655 -0.64922 -1.27655 0.790623 -0.585235 -1.63258 0.558547 -0.328262 -1.91227 
1.21529 -0.649661 -1.27597 0.789999 -0.582744 -1.63252 0.566266 -0.312794 -1.90606 
1.21519 -0.64974 -1.27604 0.790082 -0.581654 -1.63259 0.568637 -0.308898 -1.9039 
1.21512 -0.649743 -1.27602 0.789998 -0.580734 -1.63251 0.571603 -0.30319 -1.8994 
1.21508 -0.649611 -1.27597 0.789659 -0.580363 -1.6321 0.579219 -0.292639 -1.89526 
1.21514 -0.649467 -1.27583 0.789599 -0.580166 -1.63181 0.58181 -0.289088 -1.89241 
1.21505 -0.649358 -1.27565 0.789289 -0.579151 -1.63162 0.587876 -0.281926 -1.8909 
1.21516 -0.64942 -1.27543 0.788466 -0.576653 -1.63106 0.597042 -0.269487 -1.88622 
1.21609 -0.649138 -1.27595 0.78837 -0.575983 -1.63105 0.599962 -0.265303 -1.88255 
1.21515 -0.649437 -1.27547 0.788339 -0.575098 -1.63107 0.607164 -0.256862 -1.87944 
1.21512 -0.64945 -1.2758 0.789404 -0.572904 -1.6321 0.617776 -0.24444 -1.87121 
1.21505 -0.649569 -1.27587 0.789235 -0.572411 -1.63218 0.623078 -0.239484 -1.86956 
1.21504 -0.649615 -1.27608 0.789234 -0.571735 -1.63212 0.628746 -0.232884 -1.86446 
1.215 -0.649612 -1.27614 0.788366 -0.570151 -1.63085 0.638528 -0.221878 -1.85603 
1.215 -0.649594 -1.27617 0.788241 -0.569732 -1.63044 0.64237 -0.218064 -1.85261 
1.215 -0.649635 -1.2761 0.788082 -0.569084 -1.62983 0.649052 -0.21191 -1.84866 
1.21508 -0.649664 -1.27593 0.788012 -0.568037 -1.62882 0.659043 -0.202891 -1.83917 
1.21516 -0.649603 -1.2759 0.788019 -0.567487 -1.62843 0.663433 -0.198115 -1.83651 
1.21511 -0.649733 -1.27578 0.788645 -0.565936 -1.62805 0.669811 -0.192683 -1.82979 
1.21501 -0.649711 -1.27587 0.788799 -0.563336 -1.62801 0.683482 -0.182358 -1.82201 
1.21494 -0.649752 -1.27588 0.788725 -0.563022 -1.62789 0.688196 -0.179024 -1.81746 
1.21481 -0.649778 -1.27605 0.788771 -0.562562 -1.62786 0.696494 -0.173563 -1.81108 
1.21436 -0.650532 -1.27627 0.788677 -0.561822 -1.6275 0.710362 -0.164726 -1.80079 
1.2141 -0.650496 -1.27683 0.788578 -0.561453 -1.62739 0.716453 -0.162119 -1.79774 
1.21392 -0.650562 -1.2772 0.788441 -0.560977 -1.62718 0.724357 -0.157336 -1.79323 
1.21355 -0.650666 -1.27797 0.788104 -0.56029 -1.6268 0.735314 -0.152316 -1.78539 
1.21339 -0.650734 -1.27808 0.788046 -0.559981 -1.62669 0.740711 -0.150564 -1.78397 
1.21331 -0.650837 -1.27844 0.787874 -0.559884 -1.6266 0.746348 -0.147741 -1.7814 
1.21316 -0.650865 -1.2787 0.787809 -0.560143 -1.62685 0.753014 -0.146983 -1.77689 
1.21316 -0.650893 -1.27876 0.787806 -0.560412 -1.62709 0.757051 -0.145859 -1.77724 
1.21297 -0.650977 -1.2788 0.787572 -0.560698 -1.62787 0.760041 -0.144344 -1.77528 
1.21281 -0.650912 -1.27945 0.78768 -0.561288 -1.6285 0.767053 -0.143018 -1.77193 
1.21273 -0.650991 -1.27965 0.78763 -0.561386 -1.6285 0.769173 -0.143097 -1.76855 
1.21261 -0.650966 -1.27995 0.787714 -0.561531 -1.62855 0.775391 -0.141037 -1.76568 
1.21253 -0.651063 -1.2802 0.787742 -0.56169 -1.62864 0.78472 -0.139327 -1.7573 
1.21185 -0.651518 -1.27968 0.787748 -0.561507 -1.62869 0.789988 -0.136483 -1.75521 
1.21118 -0.652277 -1.27935 0.787616 -0.561001 -1.6287 0.795647 -0.135155 -1.75053 
1.21086 -0.652522 -1.27936 0.787243 -0.560101 -1.62845 0.803757 -0.131587 -1.74573 
1.2108 -0.652572 -1.27942 0.78716 -0.559817 -1.6284 0.806071 -0.131182 -1.74422 
1.2111 -0.652174 -1.28035 0.78706 -0.559449 -1.62842 0.807159 -0.13093 -1.7437 
1.21111 -0.652105 -1.28048 0.787011 -0.559375 -1.62841 0.806138 -0.13095 -1.74658 
1.21119 -0.652057 -1.2805 0.787038 -0.559493 -1.62846 0.804214 -0.131137 -1.7486 
1.21132 -0.65198 -1.28041 0.787116 -0.559608 -1.62843 0.799727 -0.132921 -1.75115 
1.21118 -0.652333 -1.27931 0.787108 -0.559658 -1.62809 0.790591 -0.134523 -1.75844 
1.21174 -0.651749 -1.27953 0.787387 -0.559547 -1.62763 0.785371 -0.136346 -1.76029 
1.21192 -0.651723 -1.27929 0.787383 -0.559198 -1.6274 0.778484 -0.137454 -1.76649 
1.21277 -0.651338 -1.27948 0.786529 -0.557423 -1.62633 0.763965 -0.140926 -1.77625 
1.21299 -0.651327 -1.27948 0.78657 -0.556957 -1.62618 0.757964 -0.141735 -1.78173 
1.213 -0.651234 -1.27927 0.78653 -0.556464 -1.62593 0.747552 -0.145083 -1.78799 
1.2132 -0.651239 -1.27907 0.786614 -0.556678 -1.62608 0.72805 -0.154203 -1.79902 
1.21329 -0.651293 -1.27898 0.786636 -0.556895 -1.62632 0.719912 -0.158586 -1.80392 
1.21339 -0.651254 -1.27877 0.786768 -0.557382 -1.62672 0.707613 -0.164409 -1.81357 
1.21362 -0.651244 -1.27848 0.787696 -0.558851 -1.62825 0.684933 -0.177208 -1.82983 
1.21362 -0.651512 -1.27828 0.787506 -0.559227 -1.62906 0.675163 -0.184769 -1.8365 
1.21373 -0.651245 -1.27829 0.787632 -0.559989 -1.62982 0.660469 -0.19488 -1.84614 
1.21373 -0.651222 -1.27814 0.78778 -0.561553 -1.63097 0.636572 -0.216637 -1.86028 
1.21376 -0.651156 -1.27814 0.787794 -0.562303 -1.63132 0.628049 -0.224689 -1.86634 
1.21381 -0.651034 -1.27805 0.787564 -0.56496 -1.63148 0.616805 -0.237048 -1.87533 
1.21385 -0.651069 -1.27793 0.788337 -0.567525 -1.63287 0.599089 -0.258487 -1.88824 
1.21376 -0.651051 -1.27768 0.788475 -0.568644 -1.63298 0.59203 -0.267081 -1.89229 
1.21369 -0.651164 -1.27745 0.789735 -0.570612 -1.63461 0.582812 -0.280465 -1.89833 
1.21382 -0.651095 -1.27736 0.790015 -0.573771 -1.63496 0.570538 -0.300945 -1.90909 
1.21385 -0.65105 -1.27734 0.79022 -0.574589 -1.63524 0.565894 -0.30878 -1.91266 
1.21378 -0.651057 -1.27721 0.790627 -0.575804 -1.63561 0.559482 -0.321187 -1.91701 
1.21401 -0.650972 -1.27707 0.791016 -0.578779 -1.63528 0.550088 -0.339032 -1.92427 
1.21395 -0.651028 -1.27696 0.79111 -0.579638 -1.63519 0.544693 -0.347237 -1.92453 
1.21428 -0.650961 -1.27656 0.791468 -0.580779 -1.63528 0.540593 -0.358511 -1.92855 
1.2144 -0.651114 -1.27627 0.793176 -0.58359 -1.63591 0.532005 -0.376877 -1.93324 
1.21454 -0.651154 -1.27625 0.793483 -0.584517 -1.63596 0.529667 -0.384473 -1.93603 
1.2148 -0.651221 -1.27602 0.793949 -0.586146 -1.63602 0.524589 -0.397726 -1.93798 
1.21507 -0.651267 -1.2759 0.794131 -0.590652 -1.63476 0.518923 -0.419156 -1.94319 
1.21522 -0.65131 -1.27583 0.794453 -0.591599 -1.63459 0.515653 -0.429256 -1.94417 
1.21525 -0.651255 -1.27569 0.795432 -0.592767 -1.63521 0.511431 -0.443917 -1.94587 
1.21547 -0.651174 -1.27549 0.796372 -0.597212 -1.63478 0.508781 -0.465001 -1.95357 
1.21538 -0.651131 -1.27542 0.796471 -0.598987 -1.63477 0.508046 -0.472598 -1.95856 
1.2154 -0.651188 -1.27535 0.797345 -0.600667 -1.63523 0.506521 -0.485541 -1.9604 
1.2154 -0.65122 -1.27534 0.799176 -0.603602 -1.63637 0.503866 -0.506766 -1.96365 
1.21545 -0.65121 -1.27539 0.799631 -0.60557 -1.63627 0.503619 -0.512646 -1.96765 
1.21639 -0.650801 -1.27614 0.800345 -0.607425 -1.63653 0.50209 -0.524309 -1.96684 
1.21687 -0.650134 -1.27635 0.801666 -0.61075 -1.63656 0.500377 -0.540705 -1.9699 
1.21697 -0.650026 -1.27623 0.801962 -0.611793 -1.63619 0.4981 -0.549139 -1.96626 
1.21706 -0.64988 -1.27593 0.802026 -0.613715 -1.63509 0.497149 -0.558245 -1.96601 
1.21702 -0.649679 -1.27506 0.802437 -0.617346 -1.63326 0.49645 -0.573021 -1.96688 
1.21671 -0.650003 -1.27401 0.803546 -0.618333 -1.63356 0.496255 -0.577864 -1.96713 
1.21682 -0.64986 -1.27361 0.802906 -0.621577 -1.63127 0.495799 -0.584723 -1.96623 
1.21702 -0.649748 -1.27321 0.804195 -0.625285 -1.63075 0.494869 -0.596704 -1.96349 
1.21707 -0.649696 -1.27309 0.804565 -0.62632 -1.63061 0.494317 -0.600756 -1.96284 
1.21712 -0.649684 -1.27291 0.804894 -0.62784 -1.63055 0.494084 -0.605857 -1.96221 
1.21726 -0.649597 -1.27297 0.805557 -0.630666 -1.63046 0.493783 -0.611499 -1.96132 
1.21731 -0.649611 -1.27293 0.805647 -0.631136 -1.63045 0.493623 -0.613656 -1.9608 
1.21723 -0.649668 -1.27281 0.805915 -0.631424 -1.63041 0.493782 -0.614622 -1.96086 
1.21731 -0.649567 -1.27291 0.80613 -0.631626 -1.63069 0.494149 -0.614452 -1.96121 
1.21734 -0.649549 -1.273 0.806279 -0.631397 -1.63095 0.494288 -0.614071 -1.96131 
1.21736 -0.64962 -1.27304 0.806123 -0.630575 -1.63128 0.494473 -0.612904 -1.96153 
1.2173 -0.649613 -1.27317 0.806476 -0.630042 -1.63199 0.495128 -0.610065 -1.9621 
1.21728 -0.649634 -1.27329 0.806461 -0.630088 -1.63212 0.496916 -0.608764 -1.96554 
1.21732 -0.649655 -1.27345 0.806616 -0.630237 -1.63237 0.497092 -0.608811 -1.96587 
1.21734 -0.649652 -1.27363 0.806954 -0.631624 -1.63218 0.495747 -0.611823 -1.9635 
1.21741 -0.649705 -1.27361 0.806756 -0.632675 -1.63185 0.49549 -0.614409 -1.96276 
1.21754 -0.649671 -1.27352 0.806921 -0.633683 -1.63158 0.497097 -0.617144 -1.965 
1.21773 -0.649591 -1.27322 0.806853 -0.635838 -1.63093 0.496582 -0.623006 -1.96324 
1.21793 -0.649591 -1.27286 0.80696 -0.637064 -1.63059 0.496788 -0.624997 -1.96378 
1.21803 -0.649518 -1.27267 0.806981 -0.637743 -1.63028 0.496974 -0.626273 -1.9639 
1.21818 -0.649488 -1.27247 0.806986 -0.637719 -1.62984 0.496869 -0.626558 -1.96358 
1.21828 -0.649458 -1.27249 0.807106 -0.63743 -1.62996 0.496754 -0.626145 -1.96307 
1.21819 -0.649522 -1.27255 0.807001 -0.636892 -1.62987 0.496687 -0.624774 -1.96271 
1.21817 -0.649613 -1.2728 0.807004 -0.634495 -1.63041 0.497233 -0.619277 -1.96463 
1.21809 -0.649645 -1.27288 0.806956 -0.634112 -1.63056 0.497218 -0.618328 -1.96453 
1.21796 -0.649683 -1.27288 0.806884 -0.633674 -1.63069 0.497029 -0.617085 -1.96384 
1.21777 -0.64964 -1.27329 0.806915 -0.633241 -1.63119 0.497069 -0.615654 -1.96403 
1.21782 -0.649592 -1.27318 0.806908 -0.633011 -1.63137 0.497221 -0.614964 -1.96503 
1.2178 -0.649656 -1.27308 0.807197 -0.63229 -1.63173 0.497493 -0.61396 -1.96556 
1.21784 -0.649656 -1.27307 0.807319 -0.631983 -1.63206 0.498977 -0.612056 -1.96816 
1.21794 -0.649652 -1.27315 0.807386 -0.631811 -1.63217 0.499077 -0.610974 -1.96842 
1.21797 -0.64966 -1.27319 0.807403 -0.631744 -1.63233 0.499224 -0.610314 -1.96843 
1.21792 -0.649876 -1.27339 0.807455 -0.631326 -1.63262 0.499198 -0.608529 -1.96759 
1.21795 -0.64993 -1.27345 0.80747 -0.631098 -1.63267 0.499186 -0.607919 -1.96745 
1.21798 -0.649992 -1.27358 0.807381 -0.630155 -1.63285 0.501069 -0.603108 -1.97182 
1.21798 -0.650035 -1.27369 0.807238 -0.6289 -1.63332 0.499731 -0.600533 -1.96896 
1.21807 -0.649994 -1.27378 0.806937 -0.627351 -1.6335 0.50006 -0.592309 -1.96917 
1.2181 -0.649928 -1.27379 0.806334 -0.626329 -1.63305 0.499909 -0.589744 -1.96841 
1.21802 -0.649995 -1.27367 0.805993 -0.624853 -1.63307 0.500327 -0.582764 -1.96769 
1.21789 -0.649977 -1.2738 0.805684 -0.620506 -1.63409 0.499394 -0.570754 -1.96566 
1.21778 -0.649985 -1.27376 0.805208 -0.618902 -1.63384 0.499396 -0.566279 -1.96476 
1.21764 -0.650032 -1.2739 0.804348 -0.617188 -1.63417 0.49995 -0.558504 -1.96518 
1.21752 -0.650036 -1.27405 0.802728 -0.615592 -1.63334 0.500563 -0.550153 -1.96601 
1.21743 -0.649987 -1.27413 0.802659 -0.614069 -1.63365 0.500907 -0.545004 -1.96627 
1.21733 -0.6499 -1.27415 0.802168 -0.613389 -1.63376 0.500969 -0.5413 -1.96386 
1.21725 -0.6498 -1.2741 0.801783 -0.612612 -1.63391 0.501781 -0.53274 -1.96361 
1.21722 -0.649808 -1.27414 0.801604 -0.612094 -1.63404 0.50245 -0.528422 -1.96458 
1.21721 -0.64972 -1.27412 0.801524 -0.610992 -1.63449 0.503315 -0.521823 -1.96419 
1.21763 -0.649222 -1.27511 0.80035 -0.609034 -1.63449 0.504651 -0.508776 -1.96092 
1.2176 -0.649239 -1.27515 0.800135 -0.608358 -1.63449 0.505791 -0.501781 -1.96058 
1.21756 -0.649294 -1.27527 0.799919 -0.606925 -1.63513 0.50687 -0.492715 -1.9572 
1.21748 -0.649273 -1.27549 0.799204 -0.604906 -1.63569 0.511056 -0.476305 -1.95862 
1.21734 -0.649317 -1.27566 0.798854 -0.602946 -1.6359 0.512577 -0.466201 -1.95652 
1.21729 -0.649354 -1.27585 0.79879 -0.600916 -1.63645 0.516183 -0.453238 -1.95714 
1.21725 -0.649409 -1.27616 0.797301 -0.600093 -1.63524 0.516053 -0.446395 -1.95019 
1.21716 -0.649386 -1.27622 0.796715 -0.597492 -1.63513 0.517994 -0.43381 -1.94586 
1.21712 -0.64934 -1.27623 0.796486 -0.596785 -1.63486 0.518054 -0.429843 -1.94417 
1.21695 -0.649358 -1.27587 0.795879 -0.595666 -1.63405 0.519282 -0.423299 -1.94141 
1.21719 -0.649183 -1.27621 0.795453 -0.59489 -1.6331 0.51992 -0.416812 -1.9384 
1.217 -0.649151 -1.27581 0.795346 -0.594752 -1.63297 0.520022 -0.416019 -1.93784 
1.21698 -0.649015 -1.27584 0.794458 -0.593963 -1.6321 0.521547 -0.409918 -1.93486 
1.21695 -0.648992 -1.27571 0.794206 -0.593745 -1.63189 0.52256 -0.405566 -1.93345 
1.2169 -0.648933 -1.27565 0.793546 -0.592815 -1.63244 0.528494 -0.393583 -1.93237 
1.21685 -0.648954 -1.27562 0.79333 -0.59242 -1.63253 0.530711 -0.38823 -1.93023 
1.21679 -0.648848 -1.27575 0.792901 -0.591331 -1.63299 0.537569 -0.373945 -1.92814 
1.21661 -0.648881 -1.27585 0.792258 -0.588989 -1.63379 0.543889 -0.357213 -1.92191 
1.21672 -0.648904 -1.27635 0.791225 -0.586968 -1.63319 0.550775 -0.344351 -1.91931 
1.21658 -0.648948 -1.27655 0.790886 -0.58455 -1.63342 0.556942 -0.33188 -1.91529 
1.21527 -0.649414 -1.27577 0.79033 -0.582375 -1.63333 0.565139 -0.316807 -1.90979 
1.21524 -0.649435 -1.27584 0.79038 -0.580562 -1.63329 0.570254 -0.306907 -1.90535 
1.2152 -0.649446 -1.27587 0.7901 -0.579616 -1.63257 0.576575 -0.297357 -1.90285 
1.21517 -0.649313 -1.27566 0.78943 -0.578137 -1.63179 0.58205 -0.286635 -1.89253 
1.21521 -0.649229 -1.27566 0.789381 -0.577004 -1.63162 0.587532 -0.281475 -1.89257 
1.21641 -0.648918 -1.27658 0.788333 -0.576115 -1.63019 0.593081 -0.273251 -1.88758 
1.21638 -0.648993 -1.27651 0.788201 -0.575226 -1.62984 0.597732 -0.266841 -1.88329 
1.21521 -0.649274 -1.27568 0.789073 -0.573095 -1.63028 0.606898 -0.25477 -1.87732 
1.21516 -0.649294 -1.27572 0.789014 -0.572546 -1.63019 0.609754 -0.250465 -1.87429 
1.21524 -0.64935 -1.27578 0.788317 -0.570648 -1.62983 0.616978 -0.242315 -1.86979 
1.21519 -0.649365 -1.27587 0.788163 -0.569557 -1.62935 0.626908 -0.231787 -1.8623 
1.21514 -0.649339 -1.27586 0.78813 -0.569402 -1.62906 0.630076 -0.228886 -1.86135 
1.21506 -0.649277 -1.27595 0.787987 -0.568264 -1.62847 0.641673 -0.217763 -1.8534 
1.21506 -0.649336 -1.27593 0.788137 -0.567392 -1.62745 0.651235 -0.20883 -1.8453 
1.21497 -0.649305 -1.27603 0.789253 -0.565253 -1.62804 0.661811 -0.19885 -1.83681 
1.2149 -0.6493 -1.27608 0.788674 -0.564639 -1.627 0.668197 -0.193831 -1.8337 
1.21495 -0.649331 -1.27603 0.788309 -0.563025 -1.62596 0.680244 -0.184722 -1.82442 
1.21482 -0.649336 -1.2761 0.78815 -0.561897 -1.6249 0.694443 -0.174464 -1.8121 
1.21475 -0.649343 -1.27617 0.788155 -0.561607 -1.62455 0.700967 -0.170751 -1.80826 
1.21461 -0.649324 -1.2765 0.78816 -0.561731 -1.62405 0.711377 -0.164509 -1.79857 
1.21438 -0.649283 -1.27716 0.788073 -0.562093 -1.62389 0.719703 -0.160459 -1.79185 
1.21371 -0.64999 -1.27771 0.788 -0.562767 -1.6237 0.7334 -0.155022 -1.78256 
1.21356 -0.650006 -1.27783 0.787991 -0.563033 -1.62379 0.738316 -0.153367 -1.7786 
1.21339 -0.650007 -1.27815 0.788 -0.563341 -1.62404 0.745399 -0.150147 -1.77318 
1.21302 -0.650055 -1.27842 0.787986 -0.563246 -1.62474 0.755871 -0.14515 -1.76482 
1.21294 -0.650036 -1.27854 0.788082 -0.562993 -1.62513 0.75904 -0.1438 -1.76065 
1.21222 -0.650155 -1.27832 0.787975 -0.562762 -1.62541 0.76452 -0.140725 -1.75736 
1.21207 -0.650262 -1.27868 0.787743 -0.56209 -1.62549 0.77049 -0.137051 -1.75233 
1.21192 -0.650267 -1.27869 0.787791 -0.561645 -1.6257 0.772331 -0.136443 -1.7509 
1.21174 -0.650277 -1.27873 0.787568 -0.561497 -1.62531 0.773265 -0.136317 -1.74973 
1.21144 -0.650154 -1.27875 0.787419 -0.561456 -1.62531 0.773614 -0.136291 -1.7514 
1.2112 -0.649992 -1.27878 0.787452 -0.561531 -1.6255 0.773673 -0.1365 -1.75321 
1.2109 -0.64935 -1.27852 0.787627 -0.561632 -1.626 0.773317 -0.137535 -1.75536 
1.21078 -0.648891 -1.27884 0.787515 -0.561811 -1.62622 0.771841 -0.139235 -1.75952 
1.21074 -0.648787 -1.27892 0.787502 -0.561708 -1.62618 0.771864 -0.139357 -1.76073 
1.21068 -0.648711 -1.27894 0.787353 -0.561544 -1.62597 0.772435 -0.139286 -1.76213 
1.21055 -0.648644 -1.27889 0.787113 -0.561151 -1.62557 0.774246 -0.138906 -1.76277 
1.21057 -0.648641 -1.2789 0.787066 -0.561042 -1.62551 0.77486 -0.138723 -1.7621 
1.21048 -0.648672 -1.27889 0.78702 -0.560883 -1.62552 0.775627 -0.138403 -1.76103 
1.21039 -0.648726 -1.27893 0.787033 -0.560535 -1.62557 0.777277 -0.137504 -1.75815 
1.21032 -0.648746 -1.27892 0.786886 -0.56042 -1.62545 0.776117 -0.136945 -1.75569 
1.21026 -0.648737 -1.27894 0.786817 -0.560211 -1.62524 0.779492 -0.135057 -1.75767 
1.21031 -0.648762 -1.27897 0.786834 -0.560002 -1.62504 0.779074 -0.134759 -1.75631 
1.21028 -0.648842 -1.27904 0.786791 -0.560193 -1.62509 0.778592 -0.13487 -1.75603 
1.21081 -0.648782 -1.27984 0.786844 -0.560351 -1.62518 0.776663 -0.135493 -1.75497 
1.21065 -0.64965 -1.2796 0.786936 -0.560476 -1.62524 0.775287 -0.136192 -1.75599 
1.21129 -0.649172 -1.27998 0.786985 -0.560649 -1.62523 0.77487 -0.136308 -1.75662 
1.21162 -0.649787 -1.28018 0.787132 -0.560612 -1.62537 0.773582 -0.136428 -1.75815 
1.21216 -0.650624 -1.27978 0.787174 -0.560753 -1.62537 0.772099 -0.137627 -1.75963 
1.21232 -0.650865 -1.27972 0.78718 -0.560818 -1.62522 0.771334 -0.137892 -1.7596 
1.2126 -0.651415 -1.27967 0.787147 -0.560829 -1.62511 0.770788 -0.138124 -1.75994 
1.21292 -0.652162 -1.27956 0.787231 -0.560679 -1.62512 0.770521 -0.138185 -1.7603 
1.21269 -0.652938 -1.27938 0.78716 -0.56073 -1.62506 0.770628 -0.138108 -1.76039 
1.21277 -0.653382 -1.2794 0.787138 -0.560653 -1.62509 0.770658 -0.138021 -1.76004 
1.21289 -0.654086 -1.28016 0.787069 -0.560424 -1.62502 0.771311 -0.137374 -1.75952 
1.21257 -0.654271 -1.28061 0.787006 -0.560299 -1.62489 0.768744 -0.137666 -1.75617 
