575.934 427.249 424.724 450.809 377.699 575.959 
575.935 427.249 424.733 450.806 377.709 575.94 
575.949 427.243 424.726 450.801 377.718 575.954 
575.952 427.254 424.747 450.801 377.734 575.96 
575.979 427.259 424.731 450.818 377.705 576.009 
575.938 427.239 424.738 450.807 377.652 575.953 
575.926 427.242 424.734 450.799 377.541 575.928 
575.912 427.246 424.719 450.789 377.471 575.945 
575.912 427.256 424.725 450.788 377.415 575.94 
575.911 427.27 424.717 450.761 377.369 575.902 
575.923 427.25 424.732 450.753 377.391 575.876 
575.935 427.248 424.753 450.767 377.376 575.862 
575.917 427.258 424.742 450.771 377.387 575.854 
575.888 427.24 424.747 450.731 377.417 575.828 
575.88 427.237 424.734 450.717 377.423 575.81 
575.861 427.235 424.721 450.739 377.401 575.843 
575.831 427.248 424.735 450.74 377.366 575.818 
575.813 427.238 424.709 450.695 377.318 575.784 
575.788 427.229 424.701 450.642 377.233 575.576 
575.714 427.226 424.703 450.6 377.051 575.473 
575.634 427.246 424.777 450.527 376.131 574.828 
575.62 427.236 424.767 450.496 375.98 574.758 
575.592 427.29 424.778 450.302 375.275 574.493 
575.607 427.283 424.787 450.143 374.249 574.351 
575.641 427.305 424.787 450.026 371.925 572.943 
575.669 427.346 424.794 450.014 370.753 572.58 
575.717 427.393 424.825 449.967 368.865 571.379 
575.814 427.469 424.838 449.773 365.88 569.833 
575.904 427.535 424.909 449.727 363.55 568.328 
575.988 427.581 424.884 449.41 361.165 566.888 
576.095 427.671 424.933 449.272 358.763 565.338 
576.2 427.915 424.949 449.18 356.773 564.11 
576.257 427.965 424.985 449.148 355.128 562.983 
576.333 428.028 425.002 448.985 352.631 561.158 
576.341 428.059 425.013 448.941 351.586 560.23 
576.389 428.07 425.089 448.885 350.516 559.372 
576.416 428.066 425.086 448.871 348.991 558.045 
576.457 428.081 425.097 448.826 346.912 556.467 
576.448 428.279 425.123 448.788 345.806 555.693 
576.538 428.3 425.222 448.875 344.357 554.418 
576.746 428.531 425.26 448.793 341.381 552.098 
576.692 428.395 425.287 448.756 339.996 550.602 
576.753 428.396 425.309 448.518 338.288 549.353 
576.889 428.605 425.371 448.415 334.985 546.195 
576.89 428.602 425.38 448.34 333.746 544.631 
576.9 428.595 425.418 448.175 332.16 542.88 
576.912 428.604 425.5 447.748 329.327 539.845 
576.924 428.602 425.681 447.646 328.133 538.266 
577.008 428.459 425.709 447.639 326.727 536.763 
577.152 428.458 425.773 447.667 324.827 534.314 
577.166 428.569 425.865 447.386 323.112 531.802 
577.165 428.59 425.889 447.304 322.686 531.203 
577.183 428.617 425.931 446.849 321.509 529.27 
577.17 428.544 426.065 446.923 320.417 527.623 
577.263 428.567 426.109 446.842 318.765 525.15 
577.294 428.584 426.153 446.775 318.113 523.928 
577.328 428.576 426.191 446.618 317.107 522.335 
577.38 428.589 426.353 446.276 315.877 520.011 
577.429 428.616 426.391 446.214 314.923 518.589 
577.461 428.596 426.435 446.118 314.094 516.557 
577.572 428.703 426.569 445.771 312.406 513.428 
577.507 428.607 426.601 445.635 311.797 512.089 
577.66 428.805 426.614 445.361 310.766 510.06 
577.71 428.797 426.652 445.045 309.936 507.832 
577.8 428.71 426.904 444.647 308.356 504.051 
577.881 428.86 426.972 444.464 307.763 502.448 
577.933 428.855 427.055 444.093 307.014 500.232 
578.013 428.84 427.181 443.695 305.79 496.608 
578.056 428.839 427.31 443.537 305.391 494.891 
578.123 428.857 427.42 443.282 304.525 492.466 
578.312 428.862 427.713 442.821 303.78 489.635 
578.444 428.861 428.016 442.426 303.009 485.492 
578.475 428.853 428.064 442.345 302.755 484.85 
578.693 428.832 428.267 442.008 302.309 483.115 
578.771 428.807 428.579 441.353 301.715 479.167 
578.824 428.797 428.73 440.671 301.223 476.087 
578.828 428.785 428.761 440.613 300.992 475.43 
578.826 428.78 429.038 440.329 300.752 472.392 
578.81 428.786 429.115 439.706 300.648 470.609 
578.811 428.761 429.307 439.025 300.332 467.529 
578.8 428.767 429.343 438.845 300.343 466.281 
578.816 428.756 429.479 438.567 300.276 464.504 
578.856 428.784 429.654 437.934 300.071 462.279 
578.872 428.798 429.698 437.736 300.178 461.097 
578.901 428.812 429.758 437.481 300.155 460.034 
579.004 428.642 429.905 436.703 300.301 458.061 
579.06 428.709 429.951 436.546 300.341 457.089 
579.083 428.873 430.018 436.27 300.493 456.289 
579.066 428.918 430.121 435.768 300.647 454.039 
579.049 428.968 430.168 435.631 300.546 453.679 
579.042 428.991 430.193 435.439 300.572 452.106 
579.054 428.885 430.258 435.199 300.785 451.01 
579.069 428.885 430.348 435.089 300.705 450.092 
579.084 428.882 430.389 435.018 300.729 449.793 
579.106 428.984 430.399 435.014 300.736 449.647 
579.132 428.959 430.403 435.016 300.751 449.641 
579.177 429.003 430.405 435.16 300.772 449.644 
579.234 429.008 430.325 435.187 300.796 449.69 
579.289 429.05 430.36 435.245 300.874 449.648 
579.386 429.234 430.36 435.343 300.917 449.773 
579.471 429.485 430.463 435.67 301.028 449.912 
579.508 429.525 430.474 435.74 301.081 450.36 
579.588 429.621 430.495 436.031 301.066 451.051 
579.75 429.755 430.592 436.284 301.305 451.54 
579.819 429.773 430.547 436.43 301.399 452.117 
579.964 429.824 430.473 436.461 301.515 453.065 
580.539 430.067 430.544 437.205 301.603 454.451 
580.682 430.044 430.607 437.313 301.6 455.275 
580.909 430.28 430.669 437.465 301.71 455.546 
581.182 430.336 430.972 437.551 302.095 455.288 
581.283 430.318 431.056 437.496 302.172 455.46 
581.394 430.329 431.119 437.398 302.295 454.675 
581.527 430.41 431.221 437.088 302.471 453.314 
581.581 430.438 431.267 437.035 302.321 453.261 
581.672 430.469 431.296 436.967 302.54 452.832 
581.783 430.559 431.395 437.181 302.676 452.132 
582.046 430.888 431.385 437.33 302.773 452.071 
582.227 430.859 431.447 437.363 302.682 452.605 
582.358 430.848 431.533 437.492 302.731 452.711 
582.668 430.577 431.699 437.735 302.731 452.48 
582.843 430.469 431.83 437.841 302.831 452.379 
582.862 430.367 431.86 437.826 302.826 452.334 
582.941 430.332 431.93 437.641 302.807 452.112 
582.91 430.411 431.954 437.553 302.81 451.891 
582.935 430.394 432.087 437.4 302.837 451.839 
582.935 430.386 432.109 437.406 302.858 451.82 
582.936 430.408 432.072 437.248 302.771 451.46 
583.005 430.38 432.185 437.55 302.707 452.074 
583.248 430.305 432.155 438.055 302.719 453.161 
583.299 430.303 432.113 438.127 302.801 453.768 
583.355 430.25 432.127 438.085 302.905 453.858 
583.383 430.206 432.078 437.615 303.18 453.528 
583.4 430.221 432.144 437.491 303.312 453.188 
583.398 430.244 432.152 437.321 303.609 452.353 
583.427 430.29 432.229 437.077 303.61 452.203 
583.428 430.319 432.232 437.107 303.671 452.203 
583.473 430.357 432.162 437.347 303.482 453.08 
583.63 430.644 432.041 438.139 303.63 454.39 
583.649 430.722 431.987 438.335 303.55 455.374 
583.651 430.712 431.898 438.533 303.578 456.415 
583.574 430.466 431.71 438.774 303.619 457.812 
583.544 430.39 431.691 438.981 303.632 458.14 
583.505 430.369 431.666 439.012 303.673 458.676 
583.419 430.346 431.669 438.997 303.62 458.916 
583.416 430.356 431.659 439.003 303.613 459.028 
583.422 430.369 431.614 439.084 303.609 459.348 
583.418 430.334 431.513 439.257 303.584 461.432 
583.423 430.322 431.474 439.313 303.863 462.194 
583.405 430.351 431.348 439.579 303.922 463.906 
583.391 430.354 431.138 440.242 304.317 467.313 
583.353 430.346 431.047 440.409 304.507 468.817 
583.284 430.307 430.928 440.681 304.708 470.933 
583.168 430.247 430.692 441.313 304.802 473.811 
583.114 430.227 430.59 441.442 304.789 474.707 
583.023 430.163 430.501 441.534 304.926 475.673 
582.882 430.23 430.237 441.552 304.953 477.022 
582.832 430.235 430.153 441.54 305.164 477.669 
582.78 430.22 430.038 441.519 305.229 478.746 
582.709 430.197 429.892 441.66 305.943 480.619 
582.71 430.192 429.873 441.7 306.076 481.753 
582.716 430.156 429.824 441.825 306.272 482.61 
582.732 430.137 429.793 442.027 306.575 484.165 
582.76 430.12 429.793 442.177 306.97 485.628 
582.758 430.108 429.781 442.204 307.019 486.063 
582.763 430.126 429.622 442.059 307.265 486.965 
582.757 430.124 429.591 442.1 307.524 488.151 
582.755 430.143 429.507 442.27 307.94 489.536 
582.728 430.129 429.419 442.333 308.055 490.261 
582.698 430.111 429.378 442.338 308.386 491.267 
582.673 430.1 429.316 442.7 308.978 493.158 
582.659 430.098 429.275 442.82 309.059 493.773 
582.608 430.072 429.225 442.926 309.395 495.232 
582.543 430.08 429.183 443.009 309.564 495.868 
582.406 429.895 429.13 443.118 309.984 497.02 
582.382 429.9 429.084 443.124 310.076 497.519 
582.336 429.903 429.034 443.104 310.227 498.17 
582.292 429.928 428.928 443.249 310.837 500.178 
582.288 429.925 428.855 443.363 311.17 501.084 
582.229 429.922 428.751 443.538 311.937 503.03 
582.044 429.729 428.615 443.803 313.002 506.071 
582.037 429.729 428.538 443.888 313.472 507.031 
582.001 429.679 428.49 444.111 313.921 508.66 
581.948 429.635 428.418 444.252 314.676 510.688 
581.944 429.626 428.402 444.285 314.962 511.088 
581.919 429.633 428.355 444.317 315.282 511.668 
581.914 429.711 428.303 444.326 315.84 512.937 
581.891 429.747 428.248 444.306 316.216 513.345 
581.876 429.79 428.194 444.362 316.772 514.502 
581.829 429.803 428.085 444.548 318.165 517.193 
581.797 429.797 427.827 444.91 319.791 520.101 
581.764 429.799 427.691 444.796 320.138 521.154 
581.729 429.75 427.625 445.344 321.904 523.974 
581.684 429.701 427.586 445.552 322.734 525.81 
581.616 429.7 427.533 445.871 324.229 528.166 
581.607 429.702 427.47 445.955 324.864 528.79 
581.571 429.724 427.409 446.061 325.403 529.936 
581.537 429.737 427.376 446.273 325.848 530.456 
581.516 429.768 427.331 446.395 326.908 531.948 
581.505 429.774 427.287 446.403 327.24 532.275 
581.51 429.771 427.277 446.425 327.994 532.889 
581.494 429.772 427.246 446.501 328.795 534.212 
581.487 429.788 427.18 446.596 330.247 536.199 
581.478 429.77 427.166 446.642 330.6 536.577 
581.423 429.906 427.126 446.752 331.871 538.126 
581.459 429.797 427.103 446.837 333.18 539.423 
581.363 429.919 426.951 447.012 334.971 541.567 
581.364 429.948 426.978 447.265 336.022 542.579 
581.341 429.948 426.927 447.357 337.366 544.062 
581.328 429.968 426.856 447.434 338.77 545.403 
581.246 429.96 426.779 447.619 341.227 548.027 
581.216 429.967 426.737 447.811 342.545 549.057 
581.171 429.997 426.64 448.103 344.07 550.487 
581.143 429.978 426.582 448.305 346.665 552.928 
581.127 429.973 426.557 448.357 347.886 554.143 
581.119 429.956 426.509 448.49 349.325 555.313 
581.092 429.966 426.407 448.628 351.246 556.655 
581.003 430.054 426.361 448.702 352.794 557.925 
581.005 430.034 426.362 448.717 353.061 558.026 
580.943 430.165 426.317 448.757 354.398 559.352 
580.905 430.164 426.301 448.782 355.17 559.659 
580.863 430.197 426.241 448.804 357.381 561.211 
580.839 430.218 426.128 448.669 358.441 561.482 
580.799 430.218 426.097 448.767 360.238 562.959 
580.758 430.203 426.033 448.915 362.744 564.672 
580.697 430.19 425.946 449.098 364.421 565.252 
580.631 430.223 425.891 449.189 366.213 566.613 
580.422 429.832 425.83 449.51 368.838 568.119 
580.349 429.829 425.767 449.547 369.606 568.379 
580.189 429.849 425.669 449.641 370.687 568.825 
580.094 429.853 425.67 449.679 372.287 569.705 
579.971 429.86 425.539 449.765 374.363 570.72 
579.952 429.864 425.527 449.797 375.108 571.135 
579.902 429.874 425.462 449.857 376.516 571.62 
579.835 429.874 425.308 449.94 378.505 572.562 
579.709 429.881 425.234 450.075 381.295 573.736 
579.676 429.897 425.209 450.092 381.744 573.973 
579.551 429.869 425.117 450.321 383.798 574.706 
579.477 429.868 425.049 450.412 385.27 575.604 
579.292 430.033 424.916 450.624 387.08 576.233 
579.229 430.04 424.868 450.69 387.685 576.79 
579.161 429.962 424.736 450.702 388.823 577.296 
579.055 429.989 424.542 450.977 389.713 577.585 
579.024 429.979 424.524 451.004 390.249 577.631 
578.968 430.106 424.492 451.076 390.734 577.944 
578.876 430.027 424.488 451.183 391.032 578.074 
578.765 430.111 424.485 451.212 391.128 578.169 
578.623 430.077 424.488 451.235 391.025 578.252 
578.527 430.06 424.497 451.186 390.749 578.456 
578.506 430.091 424.516 451.086 389.597 578.655 
578.557 430.071 424.567 450.908 388.552 578.507 
578.569 430.134 424.546 450.872 388.189 578.436 
578.331 430.221 424.563 450.657 387.363 578.0 
578.281 430.243 424.622 450.368 387.089 577.718 
578.151 430.213 424.541 450.158 387.795 577.967 
578.088 430.135 424.524 450.118 388.476 578.032 
577.919 430.229 424.41 449.933 389.663 578.449 
577.597 430.122 424.241 449.982 392.553 579.259 
577.418 429.852 424.114 450.067 393.944 579.729 
577.201 429.791 423.984 450.154 396.005 580.257 
576.82 429.648 423.851 450.265 398.102 581.16 
576.477 429.568 423.594 450.544 400.511 581.456 
576.371 429.526 423.543 450.608 401.193 582.257 
576.35 429.503 423.522 450.691 401.658 582.362 
576.378 429.467 423.511 450.663 400.869 582.146 
576.399 429.45 423.54 450.633 400.447 582.122 
576.463 429.457 423.57 450.556 399.621 581.957 
576.535 429.423 423.579 450.132 397.71 581.269 
576.575 429.278 423.729 449.866 394.877 580.634 
576.572 429.272 423.741 449.822 394.297 580.38 
576.493 429.199 423.782 449.578 392.423 579.617 
576.436 428.994 423.728 449.349 391.37 579.306 
576.188 428.778 423.583 449.14 390.515 579.06 
576.06 428.474 423.546 449.158 390.578 579.026 
575.978 428.343 423.642 449.204 391.219 579.158 
575.917 428.284 423.618 449.349 391.753 579.583 
575.805 428.279 423.425 449.667 393.037 580.397 
575.798 428.254 423.321 449.556 393.574 580.327 
575.734 428.194 423.377 449.724 393.722 580.069 
575.686 428.139 423.397 449.588 393.168 579.679 
575.662 428.188 423.45 449.414 392.431 579.36 
575.637 428.247 423.449 449.328 391.954 579.099 
575.623 428.396 423.485 449.225 390.65 578.546 
575.656 428.458 423.39 448.743 389.493 578.136 
575.764 428.511 423.44 448.501 387.262 577.313 
575.815 428.524 423.459 448.426 386.506 576.861 
575.936 428.604 423.511 448.352 385.019 576.6 
576.095 428.884 423.608 448.279 383.553 575.955 
576.308 429.11 423.877 448.269 381.315 575.098 
576.51 429.107 423.994 448.193 379.782 574.386 
576.666 429.119 424.066 448.127 378.138 573.671 
576.919 429.303 424.158 448.156 375.59 572.43 
577.081 429.32 424.182 448.216 374.295 571.461 
577.181 429.353 424.272 448.563 372.454 571.133 
577.456 429.393 424.373 448.843 369.26 569.716 
577.825 429.578 424.402 448.942 365.767 568.081 
577.936 429.602 424.382 448.866 363.931 566.995 
578.084 429.607 424.472 448.608 361.293 565.159 
578.359 429.571 424.582 448.214 357.723 562.469 
578.625 429.585 424.665 447.989 353.326 559.786 
578.789 429.585 424.686 447.956 352.535 558.975 
578.953 429.543 424.731 447.9 349.102 556.58 
579.169 429.775 424.772 447.874 345.214 553.38 
579.199 429.782 424.766 447.666 344.656 552.991 
579.349 429.625 424.803 447.49 341.845 550.253 
579.407 429.622 424.811 447.247 339.887 547.979 
579.498 429.628 424.837 447.075 337.091 545.394 
579.568 429.604 424.843 447.036 336.053 543.908 
579.55 429.613 424.913 446.959 334.592 542.414 
579.62 429.614 424.981 446.724 332.074 539.779 
579.573 429.623 424.993 446.672 331.161 538.403 
579.624 429.608 425.06 446.591 329.702 536.665 
579.67 429.573 425.072 446.331 327.171 533.49 
579.687 429.569 425.085 446.281 326.194 532.044 
579.736 429.577 425.11 446.139 324.711 529.952 
579.781 429.62 425.211 445.892 322.422 526.048 
579.823 429.62 425.285 445.77 321.547 524.458 
579.921 429.63 425.328 445.581 320.058 521.807 
580.035 429.63 425.487 445.113 317.755 517.479 
580.113 429.618 425.603 444.81 316.882 515.228 
580.226 429.548 425.76 444.436 315.577 512.121 
580.504 429.535 425.895 443.792 313.474 506.802 
580.632 429.55 426.129 443.258 312.245 502.966 
580.83 429.788 426.285 442.666 310.908 498.748 
581.072 430.006 426.735 441.915 309.743 493.424 
581.21 430.067 426.858 441.318 309.012 489.153 
581.324 430.096 427.222 440.67 308.057 485.328 
581.44 430.254 427.504 439.42 306.728 478.243 
584 438 427 443 304 478 
581.517 430.318 427.93 438.25 306.033 471.91 
581.447 430.326 428.267 437.553 305.477 467.076 
581.417 430.342 428.316 437.298 305.394 465.909 
581.402 430.34 428.455 436.964 305.356 464.512 
581.426 430.287 428.665 436.544 305.44 462.326 
581.422 430.286 428.73 436.319 305.382 461.94 
581.456 430.27 428.883 435.759 305.253 460.473 
581.54 430.287 429.349 435.474 305.272 457.859 
581.597 430.307 429.467 435.278 305.338 456.565 
581.67 430.362 429.867 434.807 305.41 454.288 
581.788 430.418 430.262 433.466 305.298 450.637 
581.825 430.447 430.428 433.038 305.371 448.825 
581.862 430.488 430.563 432.223 305.51 446.904 
581.903 430.594 430.784 431.455 305.705 445.759 
581.964 430.805 431.046 430.804 305.941 443.474 
581.879 430.632 431.065 430.604 306.016 442.301 
581.835 430.663 431.156 430.28 306.152 441.504 
581.803 430.693 431.197 429.943 306.283 441.101 
581.839 430.906 431.237 429.854 306.157 441.006 
581.777 430.957 431.215 429.508 306.531 439.892 
581.764 430.987 431.182 429.355 306.589 439.672 
581.742 431.008 431.173 429.318 306.445 439.76 
581.679 430.893 431.117 429.323 306.534 439.188 
581.585 430.876 431.144 429.205 306.461 439.045 
581.595 430.892 431.173 429.158 306.439 438.93 
581.613 431.177 431.189 429.131 306.378 438.834 
581.714 431.549 431.23 429.155 306.253 438.382 
581.753 431.635 431.262 429.139 306.25 437.832 
581.897 431.93 431.336 429.128 306.268 437.265 
582.193 432.022 431.383 429.433 306.534 437.28 
582.527 432.303 431.491 430.258 306.957 437.33 
582.619 432.452 431.461 430.417 307.034 437.751 
582.961 432.685 431.506 431.291 307.191 438.426 
583.191 432.695 431.912 432.417 307.304 439.099 
583.563 432.549 432.116 433.035 307.431 440.128 
583.71 432.469 432.26 433.042 307.452 440.7 
583.759 432.38 432.481 433.285 307.417 441.317 
583.796 432.032 432.503 433.759 307.483 443.174 
583.773 431.965 432.4 433.937 307.384 444.058 
583.661 431.892 432.191 434.254 307.301 444.889 
583.343 431.725 431.933 434.385 307.01 445.484 
583.279 431.722 431.886 434.331 306.995 445.506 
583.291 431.741 431.884 434.283 307.047 445.555 
583.562 431.922 432.048 434.083 307.027 445.089 
583.649 431.887 432.095 434.224 307.01 445.424 
583.99 431.829 432.013 434.867 306.802 447.156 
584.257 431.737 432.059 436.029 306.578 449.348 
584.307 431.714 432.064 436.243 306.418 451.121 
584.309 431.645 432.025 436.841 306.298 452.712 
584.285 431.525 431.875 437.731 305.911 453.922 
584.237 431.54 431.8 437.892 306.009 454.908 
584.173 431.491 431.758 438.019 305.822 455.019 
584.045 431.409 431.708 438.218 305.681 456.045 
583.999 431.373 431.665 438.375 305.59 456.961 
584.029 431.356 431.607 438.497 305.698 457.862 
584.062 431.347 431.479 438.99 305.81 459.558 
584.084 431.354 431.389 439.041 305.849 460.401 
584.115 431.333 431.393 439.332 306.038 461.413 
584.144 431.332 431.224 439.114 306.426 464.062 
584.142 431.346 431.168 439.223 306.575 464.71 
584.087 431.352 431.03 439.519 306.6 466.862 
583.892 431.374 430.78 440.036 307.353 469.84 
583.8 431.366 430.655 439.946 307.449 471.195 
583.691 431.364 430.406 440.377 307.624 473.247 
583.596 431.345 430.198 440.766 307.921 474.877 
583.483 431.315 430.046 441.138 308.075 477.064 
583.482 431.335 430.006 441.149 308.224 477.831 
583.479 431.337 429.969 441.148 308.505 478.967 
583.455 431.372 429.909 441.485 308.766 480.434 
583.399 431.385 429.771 441.789 309.475 482.967 
583.452 431.404 429.762 441.799 309.521 483.619 
583.453 431.396 429.645 441.939 310.341 486.083 
583.455 431.392 429.532 442.263 310.82 487.951 
583.444 431.388 429.422 442.56 311.734 491.231 
583.43 431.403 429.322 442.742 312.124 492.539 
583.412 431.371 429.239 442.886 312.742 494.496 
583.338 431.349 429.073 443.09 313.706 497.53 
583.273 431.179 428.988 443.161 314.382 499.321 
583.182 431.021 428.822 443.091 314.841 501.078 
583.068 431.077 428.642 443.184 316.102 504.468 
583.023 431.094 428.57 443.261 316.801 505.815 
582.972 431.094 428.463 443.424 317.392 507.836 
582.908 431.115 428.284 444.175 318.99 511.435 
582.868 431.134 428.12 444.351 319.514 512.984 
582.837 431.147 428.07 444.574 320.574 515.21 
582.815 431.131 428.041 444.969 321.581 517.15 
582.799 431.129 428.021 445.141 323.319 520.449 
582.789 431.136 428.01 445.268 323.925 521.731 
582.786 431.157 427.827 445.458 324.894 523.381 
582.78 431.164 427.74 445.822 326.597 526.054 
582.776 431.164 427.712 446.023 327.272 526.951 
582.753 431.202 427.698 446.283 327.952 528.128 
582.725 431.225 427.698 446.596 329.27 530.024 
582.604 431.406 427.733 446.741 330.914 532.181 
582.596 431.413 427.614 446.782 331.253 532.739 
582.567 431.426 427.538 446.988 332.904 534.783 
582.547 431.412 427.496 447.142 334.04 536.2 
582.518 431.405 427.352 447.143 336.199 539.031 
582.509 431.396 427.304 447.181 337.099 539.82 
582.485 431.41 427.223 447.39 338.669 541.658 
582.474 431.417 427.165 447.517 340.376 543.456 
582.461 431.425 427.107 447.625 342.088 545.197 
582.448 431.451 427.083 447.901 343.829 546.668 
582.415 431.456 427.062 448.035 345.669 548.341 
582.396 431.442 426.975 448.212 348.459 550.792 
582.383 431.433 426.951 448.413 351.402 553.22 
582.386 431.441 426.935 448.525 352.497 554.057 
582.368 431.411 426.891 448.705 355.817 556.72 
582.247 431.384 426.811 449.054 359.692 559.201 
582.213 431.396 426.784 449.094 360.457 559.756 
582.0 431.374 426.614 449.249 363.557 561.842 
581.877 431.362 426.524 449.32 365.853 563.168 
581.743 431.352 426.343 449.425 368.975 564.877 
581.587 431.307 426.234 449.56 371.283 566.046 
581.447 431.294 426.141 449.669 373.358 567.335 
581.181 431.109 426.008 449.891 376.719 568.986 
581.134 431.109 425.984 449.97 377.764 569.625 
581.033 431.09 425.92 450.057 379.39 570.319 
580.914 431.094 425.846 450.054 380.701 570.635 
580.703 431.109 425.706 450.134 382.802 571.67 
580.628 431.1 425.631 450.201 383.517 571.716 
580.445 431.286 425.523 450.201 384.556 572.07 
580.207 431.275 425.368 450.204 385.85 572.208 
580.019 431.294 425.116 450.14 387.691 572.722 
579.973 431.283 425.073 450.113 387.973 572.742 
579.761 430.993 424.973 450.06 389.462 573.125 
579.641 430.993 424.896 450.055 390.584 573.225 
579.419 431.014 424.61 449.958 392.729 573.948 
579.353 431.0 424.577 450.002 393.583 574.101 
579.232 430.996 424.496 450.052 394.901 574.527 
579.1 430.983 424.42 450.118 396.078 574.644 
578.833 430.958 424.316 450.284 397.843 575.658 
578.721 430.943 424.279 450.396 398.288 575.73 
578.383 430.763 424.241 450.491 398.944 575.769 
578.233 430.792 424.195 450.686 399.26 575.867 
578.138 430.948 424.198 450.736 399.213 575.912 
578.11 430.922 424.201 450.745 398.958 575.927 
578.08 430.9 424.232 450.885 398.241 575.93 
578.164 430.798 424.255 450.666 397.839 575.848 
578.226 430.826 424.326 450.721 397.578 575.609 
578.26 430.89 424.338 450.761 397.175 575.523 
578.262 430.894 424.319 450.864 397.105 575.322 
578.254 430.91 424.31 450.889 397.075 575.338 
578.178 431.019 424.291 450.954 397.049 575.832 
578.099 431.018 424.278 451.062 396.095 575.482 
578.093 431.022 424.285 451.09 395.96 575.487 
578.125 430.999 424.32 451.182 395.392 575.882 
578.132 430.973 424.346 451.166 394.409 575.769 
578.191 430.803 424.401 451.122 392.482 575.487 
578.22 430.793 424.419 451.061 391.673 575.252 
578.278 430.755 424.433 451.032 390.392 575.14 
578.417 430.684 424.497 451.109 388.403 574.82 
578.486 430.61 424.541 451.056 387.882 574.908 
578.568 430.509 424.6 451.067 386.77 574.244 
578.671 430.108 424.608 451.182 386.112 574.255 
578.691 430.013 424.579 451.143 385.919 574.334 
578.673 429.972 424.581 451.256 385.912 574.703 
578.445 429.926 424.62 451.217 386.07 575.097 
578.137 429.645 424.552 451.478 387.289 575.954 
578.044 429.587 424.504 451.508 388.05 576.097 
577.889 429.536 424.44 451.435 389.277 576.081 
577.788 429.49 424.403 451.416 391.114 576.966 
577.796 429.533 424.368 451.363 390.961 576.893 
577.795 429.608 424.363 451.201 390.256 576.245 
577.814 429.694 424.389 450.896 389.403 575.604 
577.703 429.775 424.353 450.739 388.363 574.545 
577.695 429.796 424.328 450.723 388.185 574.522 
577.64 429.639 424.359 450.365 387.522 574.444 
577.746 429.615 424.419 450.224 386.581 574.237 
577.982 430.094 424.493 450.146 384.975 573.947 
578.198 430.139 424.532 450.173 383.126 573.121 
578.397 430.004 424.562 450.185 381.169 572.926 
578.823 430.111 424.639 450.112 378.145 571.565 
579.095 430.228 424.753 450.096 375.24 570.251 
579.338 430.354 424.89 450.327 372.123 568.848 
579.639 430.449 425.042 450.494 367.848 566.702 
579.911 430.747 425.147 450.594 364.654 564.539 
580.195 430.77 425.314 450.717 361.613 562.927 
580.608 430.945 425.396 450.764 357.698 560.141 
580.826 430.801 425.433 450.766 355.353 558.001 
581.013 430.805 425.441 450.638 352.912 556.076 
581.115 430.824 425.402 450.434 349.085 552.817 
581.153 430.836 425.404 450.363 347.389 551.466 
581.204 430.859 425.423 450.17 344.882 548.988 
581.306 430.875 425.435 449.743 340.95 545.2 
581.345 430.891 425.435 449.66 339.146 543.213 
581.419 430.892 425.431 449.65 336.571 540.745 
581.625 431.148 425.428 448.958 332.39 535.12 
581.647 431.154 425.423 448.739 331.614 534.247 
581.767 431.284 425.495 448.243 328.505 529.937 
581.875 431.309 425.583 447.902 324.906 524.533 
581.885 431.306 425.6 447.861 324.077 523.605 
581.955 431.356 425.728 447.471 321.802 519.858 
581.999 431.355 426.026 446.853 319.514 515.578 
582.003 431.35 426.039 446.772 319.052 514.456 
582.062 431.345 425.982 446.254 317.854 511.551 
582.303 431.288 426.216 445.796 316.826 509.025 
582.357 431.3 426.261 445.419 316.194 507.126 
582.477 431.292 426.385 444.766 314.937 503.797 
582.583 431.314 426.688 444.211 313.673 499.49 
582.586 431.304 426.693 444.112 313.378 498.36 
582.707 431.167 426.878 443.664 312.09 494.575 
582.723 431.169 427.15 443.108 310.947 489.752 
582.667 431.342 427.173 443.003 310.605 489.093 
582.722 431.157 427.28 442.066 309.719 484.889 
582.673 431.342 427.484 441.249 309.15 482.521 
582.733 431.137 427.851 440.159 308.487 477.763 
582.77 431.123 428.127 439.246 308.225 474.346 
582.797 431.131 428.328 438.192 308.024 470.23 
582.839 431.189 428.676 436.692 307.629 465.079 
582.814 431.242 428.858 436.336 307.607 462.844 
582.789 431.256 429.11 435.667 307.294 459.338 
582.78 431.28 429.394 435.013 307.308 456.309 
582.727 431.657 429.672 433.768 307.25 453.573 
582.792 431.484 429.842 433.202 307.401 451.723 
582.852 431.488 430.058 432.612 307.466 449.676 
582.88 431.556 430.65 431.657 307.779 446.372 
582.886 431.588 430.864 431.137 307.992 444.356 
582.869 431.609 431.238 430.129 308.295 442.124 
582.778 431.532 431.68 427.858 308.786 436.717 
582.769 431.551 432.001 427.014 309.034 434.828 
582.765 431.515 432.235 425.785 309.349 432.745 
582.786 431.582 432.368 424.906 309.816 430.411 
582.745 431.78 432.25 424.878 309.833 430.107 
582.741 431.785 432.211 425.011 309.806 430.368 
582.698 431.77 431.926 426.002 309.546 431.602 
582.677 431.799 431.714 427.08 309.202 433.623 
582.654 431.751 431.456 428.924 308.552 436.798 
582.664 431.703 431.265 429.242 308.439 437.707 
582.692 431.732 431.226 429.883 308.131 438.897 
582.739 431.839 431.198 430.229 308.037 438.913 
582.793 431.889 431.203 429.563 307.947 436.694 
582.798 431.922 431.25 429.267 308.011 436.688 
582.812 431.967 431.278 429.039 308.027 435.163 
583.001 432.284 431.319 429.068 308.038 434.929 
583.054 432.31 431.183 429.308 307.979 435.419 
583.133 432.337 431.161 430.274 307.862 436.499 
583.231 432.343 430.964 431.31 307.619 438.805 
583.421 432.418 430.807 432.807 307.376 441.918 
583.468 432.437 430.805 433.167 307.512 442.126 
583.555 432.509 430.694 433.972 307.243 443.1 
583.627 432.528 430.737 434.348 307.007 444.416 
583.847 432.528 430.91 434.494 306.883 444.037 
583.898 432.525 430.948 434.528 306.88 443.971 
584.003 432.501 430.996 434.566 306.876 443.857 
584.002 432.432 430.927 434.623 306.872 443.999 
583.979 432.435 430.823 434.701 306.873 444.136 
583.909 432.401 430.733 434.83 306.881 444.913 
583.787 432.224 430.606 435.134 306.831 444.843 
583.737 432.184 430.515 435.551 306.512 446.503 
583.754 432.149 430.523 435.635 306.426 446.669 
583.968 432.209 430.571 435.855 306.189 446.505 
584.115 432.067 430.578 435.569 306.091 446.302 
584.239 432.013 430.747 435.754 306.135 446.194 
584.456 432.139 430.895 435.723 306.323 445.939 
584.679 432.255 431.044 435.506 306.534 445.837 
584.823 432.242 431.358 435.133 306.875 446.021 
584.85 432.233 431.425 435.138 306.929 445.993 
584.942 432.263 431.503 435.102 307.068 446.445 
584.947 432.249 431.431 435.471 306.954 447.742 
585.008 432.146 431.407 436.022 306.825 449.749 
585.009 432.108 431.365 436.11 306.703 450.225 
584.933 432.073 431.212 436.365 306.751 451.341 
584.821 432.073 430.998 436.826 306.581 452.477 
584.685 431.803 430.772 437.338 306.318 453.994 
584.681 431.755 430.734 437.613 306.191 454.597 
584.644 431.709 430.648 437.799 306.205 455.777 
584.583 431.663 430.469 438.285 306.136 457.697 
584.546 431.629 430.361 438.661 306.467 459.776 
584.548 431.631 430.337 438.684 306.427 460.411 
584.512 431.621 430.251 439.075 306.6 462.118 
584.47 431.605 430.149 439.489 306.637 463.569 
584.383 431.5 429.949 439.598 307.025 466.788 
584.379 431.486 429.861 439.621 307.265 468.346 
584.365 431.505 429.649 440.017 307.525 470.582 
584.293 431.49 429.288 440.797 307.977 474.774 
584.256 431.493 429.177 440.906 308.325 476.411 
584.174 431.483 428.932 440.879 308.733 478.633 
584.073 431.436 428.806 441.331 309.04 480.674 
583.743 431.313 428.589 441.745 309.521 483.736 
583.658 431.391 428.509 441.921 309.717 484.458 
583.579 431.384 428.24 441.989 310.132 486.333 
583.449 431.387 428.113 442.055 310.824 488.315 
583.459 431.421 427.962 442.152 311.943 491.218 
583.432 431.427 427.94 442.193 312.199 492.022 
583.487 431.462 427.837 442.409 313.377 495.44 
583.5 431.485 427.704 442.745 314.388 497.982 
583.503 431.475 427.558 443.069 315.544 501.564 
583.49 431.464 427.445 443.492 316.607 504.063 
583.458 431.449 427.37 443.844 317.333 506.363 
583.329 431.44 427.235 444.683 318.798 510.166 
583.162 431.311 427.09 444.661 319.118 511.364 
583.071 431.317 427.014 444.873 319.697 513.152 
582.962 431.174 426.918 445.168 320.52 514.953 
582.872 431.183 426.792 445.607 321.87 517.839 
582.856 431.194 426.763 445.751 322.324 518.861 
582.839 431.211 426.711 445.895 323.268 520.502 
582.857 431.233 426.692 446.122 324.928 523.064 
582.9 431.235 426.659 446.381 327.373 526.798 
582.912 431.421 426.643 446.45 327.777 527.292 
582.909 431.451 426.538 446.779 329.651 529.85 
582.876 431.46 426.418 447.106 331.405 532.54 
582.736 431.651 426.36 447.421 334.369 536.364 
582.677 431.462 426.333 447.518 335.488 537.577 
582.605 431.458 426.312 447.697 337.458 540.002 
582.541 431.48 426.276 448.118 339.252 542.114 
582.452 431.487 426.191 448.65 342.698 545.613 
582.425 431.499 426.115 448.765 343.869 547.023 
582.398 431.512 426.057 449.013 345.805 548.949 
582.372 431.502 426.041 449.212 348.442 551.037 
582.369 431.503 426.032 449.283 349.429 551.848 
582.347 431.461 426.009 449.307 350.371 552.67 
582.323 431.464 426.0 449.279 352.167 554.089 
582.272 431.462 425.938 449.32 353.978 555.033 
582.26 431.477 425.926 449.336 354.949 555.976 
582.17 431.416 425.855 449.347 357.138 557.266 
582.008 431.414 425.798 449.402 359.327 558.391 
581.841 431.436 425.607 449.422 363.584 561.439 
581.777 431.454 425.571 449.54 365.342 562.397 
581.677 431.453 425.472 449.705 367.943 564.18 
581.581 431.43 425.245 450.094 370.65 565.765 
581.289 431.256 425.046 450.465 374.622 568.073 
581.14 431.179 424.957 450.522 376.089 568.536 
581.023 431.168 424.845 450.609 378.042 569.608 
580.815 431.166 424.652 450.64 380.857 571.019 
580.681 431.204 424.544 450.746 381.783 571.253 
580.335 431.361 424.479 450.884 383.333 571.698 
579.943 431.491 424.312 451.182 384.809 572.652 
579.516 431.25 424.11 451.249 386.696 573.294 
579.46 431.219 424.061 451.251 387.074 573.337 
579.293 431.231 423.926 451.345 388.36 574.21 
579.19 431.213 423.802 451.37 389.144 574.464 
579.058 431.216 423.763 451.57 390.208 574.819 
578.992 431.292 423.733 451.599 390.709 574.934 
578.909 431.221 423.705 451.586 391.252 574.885 
578.735 431.236 423.654 451.535 391.83 574.765 
578.625 431.436 423.623 451.553 392.3 574.98 
578.383 431.242 423.594 451.571 392.716 575.063 
578.284 431.14 423.567 451.619 393.882 575.294 
578.228 431.128 423.544 451.654 394.253 575.353 
578.157 431.122 423.509 451.727 395.089 575.959 
578.011 431.114 423.415 451.848 395.973 576.215 
577.954 431.126 423.385 451.862 396.232 576.273 
577.841 430.985 423.21 451.78 396.693 576.294 
577.834 430.933 423.217 451.827 396.93 576.563 
577.925 430.968 423.224 451.827 396.681 576.383 
577.984 430.936 423.246 451.793 396.138 576.372 
578.014 430.938 423.369 451.904 395.535 576.333 
578.083 430.944 423.465 451.75 394.304 575.813 
578.09 430.95 423.455 451.73 393.999 575.695 
578.091 430.936 423.443 451.703 393.509 575.677 
578.061 430.901 423.421 451.733 393.293 575.465 
578.003 430.807 423.417 451.837 393.398 575.769 
578.022 430.683 423.325 451.685 393.42 575.806 
577.987 430.655 423.364 452.005 393.453 575.928 
577.948 430.422 423.349 452.029 393.318 576.067 
578.011 430.288 423.299 451.9 392.521 576.231 
578.041 430.199 423.314 451.901 391.819 576.556 
578.06 430.046 423.381 451.851 391.05 576.913 
578.038 429.894 423.422 451.926 390.393 576.922 
577.874 429.518 423.45 452.024 389.624 576.925 
577.855 429.647 423.447 452.033 389.439 576.942 
577.785 429.607 423.416 452.1 389.297 576.979 
577.641 429.543 423.365 452.356 389.679 576.997 
577.568 429.512 423.337 452.396 390.069 577.23 
577.49 429.296 423.304 452.508 390.734 577.356 
577.509 429.287 423.3 452.259 390.34 577.318 
577.629 429.517 423.333 452.182 389.486 576.649 
577.656 429.546 423.374 452.087 388.948 576.247 
577.685 429.697 423.37 452.05 387.637 575.937 
577.728 429.757 423.363 452.007 386.395 575.121 
577.851 429.855 423.396 451.983 384.015 574.263 
578.098 430.224 423.432 451.911 381.869 573.351 
578.471 430.122 423.487 451.725 379.393 572.344 
579.047 430.429 423.728 451.641 375.639 570.548 
579.338 430.545 423.84 451.416 372.864 568.945 
579.63 430.779 423.919 451.282 369.783 567.315 
580.142 430.792 424.036 451.181 364.506 564.457 
580.357 430.622 424.068 451.165 362.417 563.211 
580.634 430.649 424.091 451.138 359.265 561.32 
580.936 430.948 424.148 450.873 355.336 558.087 
581.063 430.954 424.115 450.292 352.312 555.75 
581.185 430.955 424.171 449.9 349.39 552.931 
581.375 430.957 424.23 449.283 344.424 548.198 
581.454 430.957 424.241 449.04 342.36 546.09 
581.558 431.093 424.297 448.635 339.351 542.802 
581.64 431.149 424.294 448.038 336.382 539.945 
581.664 431.156 424.336 447.677 331.989 534.662 
581.691 431.171 424.356 447.399 330.245 532.365 
581.726 431.27 424.387 447.125 327.841 529.124 
581.783 431.28 424.506 446.641 325.037 525.046 
581.869 431.277 424.674 446.148 322.276 520.213 
581.888 431.278 424.689 446.075 321.558 519.27 
581.959 431.263 424.776 445.831 319.649 515.267 
582.01 431.283 424.928 445.373 318.059 511.714 
582.182 431.272 425.01 444.635 316.153 507.228 
582.255 431.337 425.136 444.196 314.675 503.577 
582.272 431.324 425.24 443.377 313.504 499.801 
582.278 431.302 425.496 442.549 311.751 494.221 
582.263 431.326 425.659 441.915 310.78 490.542 
582.215 431.337 425.825 440.774 309.81 486.976 
582.09 431.352 426.256 439.095 308.43 479.505 
582.232 431.338 426.42 438.301 308.168 476.429 
582.312 431.338 426.699 437.084 307.651 472.661 
582.386 431.359 427.205 435.829 307.18 467.295 
582.444 431.377 427.499 434.885 307.168 462.996 
582.499 431.396 427.806 433.789 306.882 460.222 
582.601 431.42 428.188 432.511 306.938 455.927 
582.667 431.422 428.675 431.854 306.952 453.274 
582.773 431.249 429.091 430.977 307.142 450.574 
582.8 431.196 429.514 429.514 307.616 446.831 
582.813 431.188 429.739 428.974 307.813 444.604 
582.848 431.195 430.273 427.512 308.066 441.064 
582.873 431.217 430.842 426.037 308.668 435.66 
582.861 431.23 430.926 425.788 308.763 435.053 
582.893 431.236 431.236 424.286 309.37 431.569 
582.887 431.226 431.547 423.617 309.714 430.273 
582.893 431.195 431.991 422.943 310.307 427.756 
582.902 431.173 432.049 422.91 310.477 426.911 
582.936 431.222 432.155 422.883 310.633 426.591 
582.912 431.187 432.241 422.84 310.778 426.979 
582.813 431.17 432.193 423.038 310.81 426.636 
582.77 431.207 432.159 423.174 310.82 426.688 
582.708 431.227 432.134 423.393 310.662 427.236 
582.714 431.218 431.822 424.045 310.31 427.884 
582.747 431.262 431.772 424.396 310.117 428.014 
582.869 431.465 431.742 424.604 309.986 428.223 
583.097 431.519 431.719 425.223 309.857 428.696 
583.218 431.594 431.711 425.499 309.84 429.822 
583.414 431.717 431.715 425.921 309.847 430.311 
583.664 432.076 431.71 426.744 309.658 431.001 
584.003 432.488 431.752 427.925 309.849 431.832 
584.046 432.586 431.709 428.159 309.829 431.962 
584.368 432.857 431.657 429.005 309.437 433.507 
584.505 432.905 431.698 429.971 309.444 434.357 
584.739 433.022 431.643 430.938 309.227 436.049 
584.817 433.12 431.676 431.306 309.233 436.463 
584.94 433.186 431.651 431.947 309.139 437.799 
584.982 433.246 431.637 432.079 309.034 438.24 
584.967 433.306 431.611 432.076 309.078 438.302 
584.931 433.323 431.686 432.088 309.189 438.064 
584.826 433.327 431.569 431.501 309.294 437.725 
584.719 433.305 431.555 431.167 309.305 436.697 
584.701 433.401 431.649 430.895 309.323 435.417 
584.72 433.419 431.675 430.801 309.308 435.203 
584.863 433.453 431.802 430.743 309.265 434.033 
585.053 433.396 431.787 431.0 309.173 434.215 
585.371 433.29 431.889 431.877 308.981 436.26 
585.53 433.236 431.889 432.077 308.832 437.415 
585.588 433.132 431.777 432.446 308.673 438.974 
585.536 433.019 431.582 432.946 308.668 440.082 
585.325 433.045 431.398 433.296 308.708 441.197 
585.26 432.922 431.34 433.308 308.773 441.274 
585.308 433.001 431.258 433.185 308.883 441.344 
585.422 433.032 431.272 432.827 309.083 440.975 
585.677 432.988 431.323 433.252 309.113 443.503 
585.721 432.974 431.316 433.62 309.084 444.746 
585.9 432.946 431.25 435.262 308.813 447.182 
586.049 433.084 431.203 436.032 308.544 450.203 
586.121 432.786 430.987 436.814 308.488 453.735 
586.108 432.71 431.04 437.125 308.395 455.656 
586.097 432.673 430.769 438.226 308.338 458.264 
586.066 432.66 430.62 438.775 308.316 460.703 
585.763 432.228 430.193 439.645 308.36 464.331 
585.696 432.14 430.091 439.761 308.296 464.702 
585.599 432.104 429.926 439.754 308.474 466.839 
585.281 432.253 429.565 439.947 309.109 471.287 
585.2 432.264 429.394 440.345 309.336 473.438 
585.03 432.28 429.123 440.957 310.018 476.849 
584.888 432.162 428.661 441.609 310.722 480.717 
584.826 432.118 428.473 441.983 311.669 484.861 
584.807 432.103 428.458 442.035 311.75 485.28 
584.755 432.11 428.334 442.283 312.158 487.146 
584.705 432.112 428.204 442.239 312.603 488.413 
584.533 431.843 427.966 442.35 313.019 490.068 
584.487 431.833 427.904 442.293 313.368 491.245 
584.451 431.888 427.791 442.263 314.003 492.941 
584.448 431.863 427.651 442.54 315.065 495.589 
584.43 431.857 427.53 443.11 316.374 499.137 
584.428 431.825 427.493 443.487 316.848 500.576 
584.426 431.773 427.413 443.8 317.823 502.814 
584.432 431.73 427.339 444.638 319.001 506.3 
584.409 431.76 427.313 444.775 319.365 507.015 
584.34 431.737 427.259 444.915 319.972 508.609 
584.228 431.71 427.035 445.155 320.678 510.379 
584.128 431.753 426.933 445.331 321.958 512.735 
584.125 431.746 426.908 445.374 322.178 513.025 
584.102 431.729 426.88 445.536 323.141 514.806 
584.12 431.719 426.872 445.648 323.864 515.811 
584.178 431.688 426.848 445.805 325.269 517.977 
584.189 431.738 426.81 445.979 325.689 519.203 
584.2 431.735 426.783 446.107 326.604 520.571 
584.262 431.771 426.605 446.371 328.473 523.595 
584.245 431.81 426.572 446.494 329.253 525.173 
584.237 431.85 426.532 446.729 330.496 527.007 
584.215 431.864 426.521 447.315 332.842 530.101 
584.203 431.838 426.498 447.493 333.723 531.715 
584.181 431.848 426.43 447.798 335.036 533.563 
584.104 431.858 426.407 448.314 336.771 535.898 
584.107 431.864 426.431 448.399 337.507 536.578 
584.065 431.877 426.444 448.533 338.198 537.789 
584.005 431.888 426.433 448.596 339.326 539.089 
583.99 431.881 426.432 448.589 339.732 539.492 
583.977 431.864 426.4 448.607 340.752 540.375 
584.0 431.913 426.356 448.577 342.63 542.01 
584.001 431.925 426.299 448.588 343.795 543.402 
583.994 431.953 426.234 448.746 345.551 545.1 
584.01 431.978 426.239 448.903 347.745 547.183 
583.987 431.958 426.139 449.421 351.579 550.612 
584.004 431.934 426.151 449.55 353.528 551.966 
583.998 431.935 426.146 449.682 355.594 553.538 
583.908 431.913 426.004 449.799 359.907 556.5 
583.839 431.954 425.921 449.87 361.625 557.815 
583.492 431.984 425.735 450.047 364.092 559.294 
583.266 431.992 425.584 450.221 367.479 561.448 
582.965 431.886 425.481 450.422 370.249 563.158 
582.874 431.876 425.429 450.501 371.899 564.351 
582.641 431.894 425.152 450.652 374.694 565.91 
582.384 431.672 424.868 450.627 377.486 567.504 
582.335 431.679 424.839 450.648 378.132 567.597 
582.184 431.524 424.784 450.936 379.791 568.26 
581.985 431.644 424.702 451.112 381.382 569.035 
581.708 431.535 424.602 451.244 383.936 570.237 
581.637 431.536 424.571 451.288 384.844 570.479 
581.476 431.511 424.505 451.388 386.711 571.252 
581.241 431.298 424.43 451.513 388.445 571.904 
580.91 431.139 424.254 451.716 391.61 573.082 
580.795 431.14 424.196 451.804 392.626 573.347 
580.584 431.281 424.117 451.932 394.106 573.655 
580.279 431.262 424.063 452.301 395.849 574.616 
580.057 431.075 423.975 452.411 397.207 575.014 
579.998 431.073 423.946 452.435 397.354 575.111 
579.921 431.083 423.92 452.494 397.687 575.252 
579.92 431.068 423.926 452.49 397.679 575.123 
579.929 431.08 423.855 452.283 397.31 574.989 
579.951 431.114 423.882 452.287 397.179 574.941 
579.987 431.318 423.882 452.273 397.009 574.824 
579.988 431.323 423.884 452.257 396.901 574.774 
579.938 431.294 423.891 452.343 396.986 574.829 
579.915 431.298 423.871 452.367 397.106 574.893 
579.869 431.109 423.851 452.388 397.302 574.969 
579.77 430.988 423.791 452.614 397.448 575.1 
579.689 430.951 423.777 452.663 397.445 575.131 
579.658 430.952 423.736 452.782 397.341 575.21 
579.6 430.953 423.743 452.857 396.999 575.218 
579.568 430.966 423.766 452.884 396.371 575.275 
579.515 431.013 423.797 452.88 395.508 575.566 
579.47 431.07 423.817 452.807 393.559 575.479 
579.469 431.057 423.84 452.821 393.123 575.612 
579.453 431.02 423.815 452.773 392.474 575.81 
579.391 431.012 423.823 452.736 392.29 575.852 
579.332 430.945 423.831 452.716 392.519 576.029 
579.309 430.944 423.83 452.728 392.649 576.305 
579.213 430.909 423.839 452.781 393.334 576.737 
579.138 430.847 423.817 452.831 393.856 576.875 
578.98 430.75 423.797 452.853 394.726 576.944 
578.934 430.725 423.787 452.839 394.968 577.254 
578.818 430.667 423.751 452.857 395.249 577.685 
578.484 430.472 423.729 452.944 395.476 578.261 
578.363 430.249 423.644 453.001 395.658 578.686 
578.237 430.188 423.63 453.017 396.034 578.988 
578.075 430.113 423.605 453.102 396.597 580.018 
578.043 430.071 423.595 453.166 396.726 580.188 
577.944 430.032 423.576 453.265 396.933 580.547 
577.834 429.986 423.538 453.346 397.008 580.767 
577.772 429.934 423.514 453.408 396.992 580.953 
577.753 429.891 423.5 453.411 396.932 580.974 
577.695 430.042 423.496 453.461 396.8 580.974 
577.712 430.003 423.52 453.436 396.511 580.92 
577.85 429.807 423.545 453.371 395.913 580.702 
577.868 429.791 423.54 453.384 395.625 580.683 
577.98 429.762 423.578 453.288 394.862 580.525 
578.092 429.729 423.603 453.226 394.562 580.322 
578.272 429.597 423.647 453.185 394.24 580.473 
578.337 429.573 423.668 453.169 394.007 580.444 
578.406 429.643 423.681 453.164 393.397 580.195 
578.422 429.601 423.71 453.155 393.047 580.155 
578.408 429.601 423.698 453.158 392.89 580.318 
578.432 429.572 423.698 453.112 392.606 580.38 
578.483 429.537 423.714 453.078 392.272 580.358 
578.488 429.527 423.709 453.072 391.965 580.019 
578.496 429.512 423.717 453.098 391.786 580.009 
578.464 429.324 423.696 453.16 391.386 579.67 
578.444 429.318 423.703 453.196 391.329 579.691 
