556.518 359.345 428.059 390.689 404.991 480.786 
556.519 359.341 428.067 390.685 404.998 480.78 
556.531 359.334 428.061 390.685 405.009 480.808 
556.534 359.339 428.078 390.679 405.031 480.87 
556.558 359.343 428.066 390.693 405.016 480.918 
556.52 359.33 428.071 390.68 404.962 480.859 
556.51 359.328 428.066 390.674 404.862 480.804 
556.497 359.325 428.052 390.67 404.802 480.793 
556.498 359.331 428.056 390.653 404.753 480.775 
556.498 359.332 428.044 390.63 404.711 480.755 
556.507 359.315 428.057 390.629 404.726 480.739 
556.517 359.32 428.076 390.635 404.712 480.73 
556.503 359.328 428.068 390.639 404.719 480.714 
556.476 359.316 428.067 390.611 404.742 480.711 
556.469 359.305 428.054 390.604 404.746 480.71 
556.451 359.306 428.045 390.611 404.732 480.736 
556.426 359.303 428.055 390.597 404.701 480.719 
556.409 359.3 428.026 390.56 404.658 480.708 
556.386 359.277 428.01 390.505 404.562 480.584 
556.319 359.242 428.005 390.458 404.402 480.546 
556.25 359.246 428.055 390.369 403.605 480.472 
556.237 359.24 428.042 390.348 403.475 480.449 
556.217 359.274 428.019 390.138 402.863 480.324 
556.23 359.277 428.004 390.015 401.986 480.177 
556.262 359.314 427.981 389.864 399.893 479.379 
556.29 359.36 427.983 389.829 398.868 479.107 
556.336 359.412 428.003 389.791 397.149 478.371 
556.428 359.487 427.989 389.649 394.469 477.4 
556.513 359.576 428.043 389.599 392.347 476.538 
556.591 359.635 427.984 389.401 390.21 475.883 
556.693 359.752 428.005 389.275 387.934 474.442 
556.803 359.944 428.006 389.201 386.123 473.758 
556.857 359.999 428.03 389.152 384.59 472.994 
556.929 360.065 428.018 388.988 382.254 471.821 
556.938 360.094 428.02 388.94 381.266 471.319 
556.981 360.111 428.075 388.862 380.23 470.626 
557.005 360.115 428.068 388.832 378.794 469.929 
557.042 360.142 428.07 388.784 376.799 468.713 
557.047 360.254 428.086 388.751 375.796 468.422 
557.128 360.289 428.172 388.715 374.38 467.471 
557.322 360.357 428.195 388.656 371.551 465.983 
557.271 360.392 428.213 388.621 370.205 465.224 
557.327 360.439 428.202 388.461 368.551 464.187 
557.454 360.448 428.24 388.363 365.33 462.281 
557.455 360.455 428.237 388.296 364.07 461.352 
557.463 360.449 428.244 388.147 362.44 460.015 
557.475 360.463 428.256 387.8 359.607 458.121 
557.485 360.466 428.398 387.707 358.374 457.18 
557.553 360.443 428.423 387.711 356.924 456.008 
557.679 360.455 428.485 387.758 354.966 454.546 
557.7 360.557 428.526 387.528 353.101 452.753 
557.7 360.56 428.535 387.455 352.667 452.482 
557.718 360.596 428.509 387.106 351.336 451.013 
557.707 360.663 428.615 386.984 350.151 449.924 
557.791 360.709 428.636 386.864 348.344 448.212 
557.82 360.728 428.661 386.781 347.577 447.287 
557.85 360.739 428.669 386.625 346.489 446.348 
557.897 360.763 428.761 386.332 345.031 444.577 
557.941 360.783 428.781 386.246 343.949 443.403 
557.968 360.779 428.801 386.133 342.918 442.058 
558.068 360.754 428.85 385.694 340.939 439.795 
558.009 360.79 428.856 385.55 340.195 438.86 
558.151 360.788 428.833 385.366 338.96 437.385 
558.194 360.777 428.82 385.095 337.874 435.831 
558.267 360.724 428.966 384.623 335.859 433.074 
558.347 360.807 428.997 384.444 335.089 432.02 
558.393 360.813 429.017 384.139 334.039 430.311 
558.461 360.777 429.063 383.753 332.331 427.579 
558.498 360.781 429.15 383.592 331.685 426.333 
558.558 360.78 429.206 383.344 330.527 424.673 
558.721 360.714 429.375 382.782 329.357 422.474 
558.836 360.712 429.573 382.365 327.942 419.39 
558.863 360.704 429.601 382.27 327.592 418.841 
559.052 360.695 429.712 381.836 326.812 417.124 
559.119 360.671 429.888 381.263 325.635 414.484 
559.164 360.671 429.921 380.677 324.597 411.915 
559.167 360.66 429.936 380.593 324.251 411.296 
559.164 360.65 430.109 380.116 323.471 408.936 
559.15 360.65 430.09 379.611 323.023 407.44 
559.149 360.628 430.148 378.928 322.135 404.881 
559.141 360.635 430.149 378.738 321.906 403.891 
559.154 360.634 430.221 378.438 321.508 402.492 
559.193 360.708 430.265 377.749 320.871 400.567 
559.209 360.729 430.273 377.559 320.747 399.681 
559.236 360.764 430.282 377.289 320.5 398.713 
559.32 360.763 430.295 376.595 320.234 397.066 
559.374 360.827 430.307 376.416 320.076 396.258 
559.405 360.943 430.327 376.188 319.979 395.202 
559.395 361.028 430.341 375.733 319.673 393.371 
559.385 361.078 430.36 375.59 319.43 392.63 
559.381 361.112 430.352 375.412 319.202 391.662 
559.389 361.169 430.372 375.187 319.115 390.446 
559.403 361.185 430.42 374.956 318.922 390.019 
559.418 361.223 430.444 374.89 318.885 389.773 
559.447 361.361 430.457 374.92 318.86 389.642 
559.469 361.378 430.462 374.934 318.871 389.629 
559.513 361.438 430.485 375.059 318.894 389.652 
559.564 361.47 430.436 375.232 318.92 389.671 
559.615 361.514 430.476 375.291 318.991 389.691 
559.71 361.566 430.494 375.405 319.047 389.753 
559.804 361.789 430.62 375.581 319.197 389.996 
559.839 361.818 430.641 375.654 319.289 390.127 
559.916 361.918 430.697 375.864 319.394 390.59 
560.068 362.037 430.827 376.152 319.782 391.427 
560.13 362.069 430.812 376.303 319.942 391.696 
560.263 362.16 430.777 376.545 320.228 392.448 
560.786 362.436 430.947 377.187 320.6 393.696 
560.91 362.435 431.03 377.376 320.751 394.327 
561.119 362.473 431.113 377.562 320.97 394.918 
561.36 362.497 431.398 377.697 321.298 394.912 
561.448 362.48 431.466 377.669 321.351 394.787 
561.544 362.467 431.51 377.605 321.319 394.22 
561.666 362.522 431.561 377.395 321.229 393.223 
561.715 362.542 431.594 377.351 321.064 393.06 
561.797 362.558 431.613 377.322 321.187 392.784 
561.901 362.664 431.718 377.399 321.193 392.334 
562.149 362.809 431.756 377.742 321.286 392.385 
562.306 362.793 431.823 377.837 321.301 392.77 
562.419 362.781 431.925 378.022 321.39 392.996 
562.676 362.684 432.118 378.334 321.433 393.287 
562.819 362.557 432.258 378.502 321.55 393.467 
562.828 362.442 432.284 378.504 321.543 393.464 
562.887 362.235 432.322 378.382 321.479 393.263 
562.86 362.176 432.328 378.28 321.439 393.085 
562.879 362.1 432.407 378.019 321.48 393.191 
562.877 362.082 432.431 378.058 321.524 393.334 
562.88 362.108 432.405 378.164 321.479 393.601 
562.939 362.091 432.548 378.43 321.536 394.07 
563.151 362.149 432.595 378.875 321.746 394.881 
563.196 362.168 432.569 378.941 321.86 394.95 
563.242 362.129 432.572 378.87 321.941 394.869 
563.261 362.064 432.445 378.328 322.01 393.997 
563.277 362.06 432.46 378.009 322.039 393.609 
563.277 362.068 432.43 377.75 322.144 392.954 
563.304 362.081 432.456 377.483 322.091 392.694 
563.307 362.106 432.465 377.534 322.175 392.858 
563.35 362.17 432.452 377.857 322.174 393.542 
563.506 362.361 432.493 378.819 322.625 394.961 
563.529 362.468 432.476 379.008 322.729 395.674 
563.532 362.483 432.426 379.168 322.952 396.492 
563.45 362.353 432.291 379.334 323.247 397.557 
563.417 362.255 432.3 379.476 323.32 397.81 
563.381 362.239 432.282 379.495 323.461 398.247 
563.303 362.194 432.283 379.49 323.471 398.5 
563.302 362.203 432.277 379.506 323.491 398.614 
563.308 362.205 432.249 379.581 323.553 398.892 
563.302 362.198 432.184 379.718 323.909 400.44 
563.306 362.184 432.159 379.77 324.318 401.141 
563.292 362.206 432.081 379.949 324.7 402.517 
563.28 362.202 431.986 380.462 325.749 405.518 
563.246 362.199 431.929 380.59 326.2 406.708 
563.183 362.177 431.863 380.817 326.774 408.363 
563.079 362.145 431.759 381.456 327.401 410.653 
563.03 362.131 431.69 381.583 327.56 411.368 
562.946 362.081 431.626 381.664 327.853 412.083 
562.823 362.038 431.389 381.604 328.112 413.043 
562.78 362.04 431.309 381.559 328.379 413.343 
562.733 362.004 431.2 381.493 328.643 414.223 
562.667 361.946 431.086 381.555 329.547 415.307 
562.667 361.931 431.076 381.591 329.863 416.132 
562.67 361.902 431.052 381.707 330.21 416.892 
562.683 361.885 431.054 381.887 330.77 418.152 
562.706 361.871 431.085 382.089 331.397 419.368 
562.704 361.861 431.078 382.113 331.517 419.686 
562.71 361.877 430.942 382.185 331.916 420.489 
562.704 361.877 430.918 382.201 332.349 421.358 
562.703 361.876 430.868 382.339 332.968 422.45 
562.678 361.858 430.799 382.388 333.196 422.989 
562.652 361.861 430.766 382.406 333.645 423.643 
562.628 361.855 430.757 382.654 334.499 425.085 
562.616 361.846 430.739 382.76 334.687 425.588 
562.569 361.822 430.71 382.847 335.207 426.518 
562.512 361.808 430.684 382.908 335.481 427.075 
562.384 361.777 430.651 382.982 336.051 427.951 
562.364 361.775 430.613 382.998 336.217 428.316 
562.323 361.777 430.567 382.98 336.47 428.843 
562.286 361.777 430.487 383.036 337.346 430.315 
562.282 361.777 430.439 383.132 337.815 431.119 
562.23 361.768 430.372 383.267 338.747 432.163 
562.056 361.627 430.293 383.505 340.212 434.521 
562.049 361.619 430.247 383.652 340.799 435.325 
562.014 361.586 430.242 383.881 341.48 436.603 
561.965 361.549 430.204 384.046 342.461 437.998 
561.961 361.543 430.198 384.095 342.78 438.321 
561.94 361.553 430.163 384.136 343.138 438.658 
561.94 361.61 430.12 384.159 343.83 439.563 
561.923 361.634 430.071 384.151 344.229 439.903 
561.913 361.665 430.031 384.199 344.905 440.769 
561.872 361.668 429.963 384.358 346.505 442.445 
561.844 361.659 429.798 384.73 348.428 444.824 
561.815 361.662 429.685 384.824 348.901 445.592 
561.781 361.617 429.705 385.279 350.856 447.509 
561.738 361.583 429.707 385.504 351.883 448.928 
561.678 361.585 429.713 385.827 353.539 450.609 
561.671 361.59 429.673 385.919 354.176 451.026 
561.641 361.602 429.635 386.016 354.824 451.862 
561.612 361.61 429.635 386.176 355.296 452.287 
561.595 361.623 429.611 386.262 356.41 453.195 
561.586 361.624 429.575 386.279 356.747 453.441 
561.59 361.618 429.57 386.302 357.476 453.817 
561.576 361.619 429.556 386.38 358.379 454.828 
561.571 361.63 429.529 386.609 359.906 456.114 
561.562 361.623 429.524 386.648 360.252 456.304 
561.523 361.693 429.509 386.775 361.591 457.51 
561.548 361.646 429.502 386.855 362.861 458.171 
561.471 361.711 429.398 387.034 364.721 459.757 
561.474 361.728 429.449 387.173 365.74 460.305 
561.453 361.729 429.419 387.257 367.093 461.286 
561.444 361.749 429.369 387.327 368.452 462.033 
561.375 361.812 429.33 387.499 370.937 463.961 
561.349 361.823 429.319 387.642 372.165 464.448 
561.312 361.855 429.278 387.903 373.683 465.571 
561.286 361.851 429.261 388.101 376.213 467.18 
561.273 361.847 429.247 388.153 377.391 467.855 
561.264 361.837 429.227 388.286 378.77 468.665 
561.241 361.844 429.159 388.417 380.551 469.428 
561.167 361.84 429.132 388.497 382.048 470.413 
561.167 361.835 429.136 388.52 382.288 470.499 
561.123 361.953 429.104 388.563 383.561 471.17 
561.09 361.964 429.094 388.586 384.264 471.469 
561.055 361.98 429.048 388.627 386.299 472.305 
561.036 361.996 428.949 388.681 387.232 472.557 
561.001 361.996 428.937 388.766 388.9 473.298 
560.964 361.994 428.9 388.874 391.197 474.243 
560.91 361.995 428.847 388.998 392.695 474.78 
560.854 361.997 428.813 389.077 394.339 475.461 
560.652 361.886 428.796 389.27 396.703 476.303 
560.588 361.882 428.746 389.292 397.386 476.542 
560.45 361.899 428.672 389.355 398.376 477.059 
560.367 361.903 428.676 389.367 399.759 477.204 
560.26 361.902 428.574 389.435 401.586 477.661 
560.243 361.907 428.567 389.452 402.269 478.005 
560.2 361.92 428.517 389.491 403.49 478.25 
560.142 361.917 428.397 389.572 405.26 478.863 
560.033 361.936 428.35 389.674 407.709 479.528 
560.005 361.946 428.331 389.689 408.115 479.715 
559.894 361.933 428.279 389.845 409.889 480.059 
559.829 361.931 428.233 389.917 411.205 480.531 
559.678 362.019 428.145 390.074 412.779 480.926 
559.623 362.021 428.113 390.13 413.343 481.245 
559.557 361.941 428.01 390.223 414.312 481.321 
559.466 361.96 427.879 390.443 415.073 481.438 
559.439 361.966 427.868 390.478 415.515 481.419 
559.4 362.089 427.856 390.578 415.922 481.381 
559.317 362.102 427.874 390.714 416.168 481.341 
559.226 362.173 427.882 390.794 416.243 481.279 
559.1 362.15 427.888 390.815 416.16 481.268 
559.018 362.216 427.891 390.793 415.95 481.35 
559.003 362.273 427.895 390.727 415.057 481.724 
559.053 362.413 427.914 390.575 414.19 481.739 
559.069 362.496 427.89 390.55 413.887 481.737 
558.869 362.592 427.872 390.344 413.18 481.668 
558.827 362.616 427.875 390.048 412.95 481.725 
558.711 362.587 427.77 389.846 413.568 481.919 
558.65 362.508 427.747 389.789 414.145 482.007 
558.503 362.463 427.625 389.672 415.179 482.293 
558.212 362.325 427.479 389.653 417.66 482.794 
558.036 362.113 427.377 389.702 418.88 483.213 
557.842 362.052 427.276 389.77 420.637 483.518 
557.501 362.009 427.177 389.872 422.466 484.038 
557.196 361.971 427.005 390.203 424.521 484.521 
557.101 361.945 426.972 390.267 425.152 484.833 
557.081 361.918 426.965 390.337 425.559 484.997 
557.103 361.905 426.954 390.331 424.938 485.277 
557.121 361.897 426.974 390.301 424.608 485.422 
557.177 361.91 426.987 390.22 423.954 485.662 
557.238 361.886 426.935 389.882 422.36 485.689 
557.261 361.742 427.004 389.457 420.021 485.813 
557.258 361.728 427.006 389.403 419.536 485.824 
557.183 361.66 427.001 389.156 417.926 485.528 
557.116 361.468 426.92 388.958 417.053 485.572 
556.881 361.211 426.768 388.825 416.358 485.708 
556.746 360.989 426.742 388.867 416.416 485.763 
556.664 360.834 426.839 388.962 416.954 485.803 
556.605 360.758 426.843 389.118 417.436 485.999 
556.501 360.637 426.721 389.39 418.526 486.026 
556.491 360.581 426.632 389.443 418.943 485.851 
556.43 360.51 426.682 389.391 419.009 485.504 
556.382 360.416 426.676 389.239 418.486 485.102 
556.365 360.463 426.696 389.09 417.826 484.789 
556.347 360.512 426.686 389.041 417.401 484.625 
556.348 360.675 426.7 388.936 416.256 484.25 
556.382 360.736 426.567 388.705 415.236 483.865 
556.482 360.82 426.575 388.486 413.307 483.434 
556.529 360.856 426.581 388.435 412.62 483.089 
556.644 360.989 426.619 388.397 411.362 482.937 
556.802 361.182 426.696 388.364 410.077 482.575 
557.005 361.38 426.922 388.295 408.14 482.165 
557.186 361.461 427.021 388.291 406.759 481.544 
557.324 361.488 427.077 388.267 405.315 481.132 
557.557 361.608 427.16 388.279 402.998 479.992 
557.7 361.621 427.196 388.374 401.802 479.388 
557.79 361.642 427.322 388.647 400.177 478.778 
558.033 361.675 427.455 388.912 397.304 477.614 
558.362 361.644 427.485 388.92 394.158 476.37 
558.461 361.66 427.449 388.798 392.497 475.751 
558.59 361.67 427.465 388.37 390.051 474.548 
558.828 361.652 427.495 387.965 386.7 472.753 
559.062 361.651 427.531 387.744 382.627 470.814 
559.205 361.646 427.545 387.719 381.867 470.381 
559.348 361.687 427.578 387.688 378.687 469.012 
559.549 361.757 427.611 387.672 374.965 466.878 
559.575 361.754 427.581 387.543 374.424 466.523 
559.698 361.69 427.582 387.347 371.659 464.674 
559.748 361.681 427.549 387.107 369.698 463.285 
559.828 361.681 427.54 386.901 366.913 461.278 
559.887 361.661 427.539 386.862 365.823 460.328 
559.873 361.668 427.588 386.793 364.332 459.125 
559.933 361.654 427.62 386.647 361.797 457.311 
559.892 361.665 427.624 386.612 360.82 456.419 
559.936 361.65 427.67 386.535 359.316 455.229 
559.973 361.62 427.633 386.233 356.662 452.988 
559.988 361.617 427.631 386.15 355.579 451.84 
560.031 361.615 427.625 385.963 353.96 450.229 
560.074 361.668 427.647 385.502 351.338 447.238 
560.111 361.671 427.687 385.336 350.304 445.943 
560.2 361.723 427.688 385.106 348.615 444.163 
560.3 361.735 427.742 384.57 345.894 440.882 
560.368 361.739 427.785 384.196 344.782 439.334 
560.463 361.723 427.862 383.825 343.096 436.85 
560.706 361.722 427.887 383.282 340.403 433.115 
560.819 361.744 428.01 382.791 338.635 430.037 
561.004 361.811 428.055 382.249 336.761 427.021 
561.232 362.012 428.31 381.358 334.751 422.704 
561.358 362.086 428.316 380.729 333.298 419.177 
561.46 362.135 428.518 379.99 331.659 415.617 
561.575 362.298 428.577 378.867 329.146 409.865 
565 365 430 382 327 406 
561.647 362.356 428.744 377.566 327.352 404.891 
561.587 362.368 428.92 376.817 326.006 401.372 
561.562 362.376 428.919 376.541 325.699 400.378 
561.547 362.36 428.979 376.141 325.4 399.264 
561.564 362.301 429.092 375.694 325.07 397.596 
561.56 362.301 429.115 375.489 324.928 397.192 
561.589 362.285 429.177 375.092 324.544 396.077 
561.664 362.311 429.521 374.639 324.061 393.987 
561.716 362.344 429.596 374.468 323.876 392.982 
561.784 362.397 429.875 374.034 323.517 391.234 
561.893 362.477 430.022 372.838 322.709 388.277 
561.928 362.512 430.106 372.472 322.433 386.868 
561.963 362.557 430.105 371.756 322.182 385.303 
562.008 362.674 430.19 371.115 322.06 383.977 
562.074 362.804 430.301 370.339 321.813 382.055 
561.991 362.743 430.285 370.134 321.665 381.176 
561.956 362.786 430.314 369.828 321.621 380.475 
561.931 362.835 430.303 369.551 321.587 379.75 
561.975 362.952 430.318 369.416 321.43 379.53 
561.925 363.028 430.245 369.085 321.575 378.78 
561.919 363.114 430.185 368.884 321.557 378.454 
561.902 363.15 430.167 368.813 321.413 378.346 
561.845 363.223 430.107 368.72 321.384 377.9 
561.768 363.357 430.121 368.684 321.29 377.781 
561.779 363.406 430.146 368.689 321.258 377.74 
561.811 363.53 430.166 368.757 321.192 377.707 
561.926 363.82 430.223 368.922 321.013 377.455 
561.969 363.983 430.256 368.971 320.928 377.141 
562.118 364.277 430.324 369.0 320.884 376.961 
562.386 364.426 430.417 369.327 321.084 376.75 
562.701 364.746 430.629 369.998 321.491 376.894 
562.79 364.822 430.628 370.158 321.63 377.164 
563.103 364.975 430.819 371.122 321.897 377.688 
563.305 364.988 431.335 372.043 322.142 378.306 
563.615 364.759 431.642 372.897 322.5 379.386 
563.736 364.672 431.771 372.917 322.642 379.917 
563.771 364.55 431.982 372.963 322.764 380.597 
563.776 364.183 432.06 373.284 323.204 382.221 
563.75 364.107 431.994 373.435 323.262 382.798 
563.646 364.018 431.847 373.629 323.347 383.462 
563.355 363.848 431.626 373.628 323.232 384.1 
563.297 363.806 431.573 373.548 323.213 384.063 
563.309 363.811 431.564 373.503 323.21 383.778 
563.552 363.808 431.681 373.35 323.179 383.829 
563.626 363.791 431.754 373.559 323.282 384.391 
563.92 363.751 431.815 374.461 323.466 385.975 
564.149 363.718 432.05 375.688 323.825 388.487 
564.191 363.695 432.089 375.903 324.011 389.841 
564.186 363.612 432.143 376.431 324.233 391.242 
564.154 363.449 432.159 377.357 324.29 393.136 
564.111 363.401 432.124 377.562 324.54 393.784 
564.05 363.31 432.113 377.733 324.496 394.425 
563.93 363.194 432.107 377.988 324.569 395.252 
563.887 363.149 432.095 378.148 324.666 395.996 
563.911 363.118 432.061 378.248 324.931 396.702 
563.939 363.104 432.016 378.632 325.346 398.013 
563.959 363.115 431.957 378.78 325.53 398.622 
563.985 363.105 431.986 378.895 325.89 399.43 
564.011 363.113 431.821 378.83 326.661 401.129 
564.01 363.123 431.785 378.903 326.928 401.718 
563.963 363.137 431.703 379.127 327.319 403.212 
563.794 363.169 431.548 379.474 328.571 405.731 
563.714 363.164 431.423 379.381 328.907 406.786 
563.617 363.141 431.261 379.699 329.436 408.355 
563.533 363.126 431.134 380.02 330.0 409.635 
563.433 363.105 431.053 380.319 330.548 411.392 
563.433 363.116 431.019 380.331 330.822 411.998 
563.43 363.114 430.988 380.34 331.28 412.895 
563.412 363.135 430.981 380.605 331.783 414.068 
563.363 363.137 430.912 380.931 332.849 415.932 
563.411 363.148 430.907 380.952 333.028 416.546 
563.411 363.144 430.836 381.16 334.14 418.163 
563.412 363.135 430.792 381.502 334.906 419.659 
563.403 363.137 430.742 381.79 336.312 422.294 
563.392 363.148 430.679 381.931 336.885 423.292 
563.374 363.135 430.627 382.046 337.799 424.941 
563.308 363.129 430.51 382.22 339.101 426.837 
563.242 363.054 430.45 382.31 340.013 428.26 
563.156 363.054 430.313 382.406 340.725 429.622 
563.061 363.106 430.166 382.461 342.382 432.037 
563.023 363.128 430.112 382.513 343.202 432.95 
562.979 363.131 430.039 382.623 344.079 434.569 
562.924 363.147 429.986 383.218 346.073 437.257 
562.891 363.166 429.871 383.394 346.797 438.46 
562.864 363.176 429.864 383.618 348.084 440.105 
562.844 363.175 429.896 383.959 349.308 441.729 
562.83 363.175 429.93 384.328 351.333 444.068 
562.823 363.194 429.944 384.478 352.081 445.106 
562.822 363.217 429.816 384.685 353.198 446.41 
562.818 363.228 429.796 385.026 355.063 448.192 
562.814 363.231 429.806 385.238 355.79 448.876 
562.797 363.263 429.835 385.488 356.585 449.868 
562.775 363.282 429.882 385.767 357.995 451.13 
562.677 363.329 429.935 385.91 359.749 452.738 
562.67 363.336 429.838 385.945 360.132 453.175 
562.646 363.343 429.803 386.139 361.822 454.417 
562.629 363.34 429.789 386.272 363.024 455.523 
562.602 363.329 429.684 386.447 365.255 457.28 
562.594 363.318 429.648 386.482 366.154 457.935 
562.574 363.332 429.605 386.633 367.72 458.947 
562.565 363.343 429.573 386.742 369.456 460.329 
562.553 363.348 429.535 386.813 371.123 461.283 
562.545 363.371 429.55 387.011 372.807 462.277 
562.516 363.375 429.551 387.124 374.608 463.449 
562.498 363.355 429.503 387.295 377.3 465.028 
562.487 363.354 429.516 387.506 380.11 466.602 
562.489 363.356 429.52 387.617 381.197 467.479 
562.472 363.342 429.509 387.783 384.296 468.869 
562.366 363.381 429.487 388.051 387.875 470.468 
562.338 363.386 429.47 388.091 388.597 470.874 
562.15 363.366 429.355 388.312 391.464 472.207 
562.042 363.362 429.288 388.383 393.538 472.942 
561.925 363.368 429.144 388.458 396.355 473.973 
561.786 363.33 429.067 388.561 398.416 474.633 
561.663 363.33 429.001 388.646 400.305 475.429 
561.423 363.338 428.916 388.825 403.289 476.343 
561.383 363.338 428.908 388.913 404.233 476.709 
561.293 363.325 428.866 388.991 405.649 477.002 
561.19 363.33 428.804 389.014 406.774 477.183 
561.006 363.33 428.693 389.077 408.605 477.545 
560.94 363.32 428.632 389.091 409.201 477.551 
560.788 363.341 428.535 389.065 410.067 477.495 
560.579 363.33 428.391 388.988 411.137 477.439 
560.415 363.337 428.154 388.866 412.671 477.362 
560.375 363.334 428.11 388.831 412.908 477.387 
560.175 363.231 428.008 388.727 414.16 477.416 
560.069 363.224 427.936 388.684 415.088 477.381 
559.877 363.233 427.688 388.728 416.909 477.517 
559.817 363.201 427.665 388.757 417.642 477.676 
559.712 363.209 427.602 388.801 418.754 477.721 
559.596 363.206 427.544 388.845 419.741 477.793 
559.362 363.205 427.48 389.013 421.29 478.182 
559.263 363.201 427.466 389.121 421.668 478.248 
558.962 363.224 427.453 389.254 422.217 478.289 
558.833 363.24 427.441 389.413 422.49 478.354 
558.758 363.303 427.453 389.475 422.453 478.356 
558.732 363.295 427.461 389.518 422.237 478.308 
558.705 363.288 427.508 389.637 421.632 478.209 
558.774 363.286 427.504 389.521 421.277 478.055 
558.831 363.322 427.575 389.572 421.026 477.849 
558.866 363.388 427.593 389.621 420.68 477.783 
558.869 363.405 427.589 389.686 420.602 477.681 
558.862 363.411 427.583 389.694 420.579 477.698 
558.802 363.456 427.573 389.728 420.614 477.984 
558.733 363.444 427.575 389.799 419.85 478.27 
558.728 363.448 427.585 389.82 419.742 478.297 
558.754 363.421 427.629 389.902 419.294 478.352 
558.757 363.398 427.651 389.895 418.482 478.387 
558.799 363.303 427.694 389.87 416.912 478.647 
558.823 363.291 427.704 389.841 416.241 478.695 
558.872 363.271 427.715 389.85 415.209 478.933 
558.987 363.198 427.791 389.99 413.58 479.149 
559.042 363.139 427.83 390.014 413.166 479.252 
559.106 363.043 427.892 390.094 412.214 479.199 
559.164 362.65 427.927 390.287 411.682 479.29 
559.172 362.525 427.909 390.363 411.535 479.359 
559.145 362.28 427.929 390.478 411.571 479.565 
558.938 362.124 427.943 390.321 411.751 479.815 
558.637 361.651 427.909 390.434 412.84 480.171 
558.55 361.572 427.87 390.446 413.469 480.131 
558.409 361.474 427.8 390.356 414.487 480.164 
558.317 361.428 427.763 390.327 416.075 480.442 
558.327 361.465 427.723 390.271 415.934 480.35 
558.333 361.546 427.691 390.099 415.261 479.862 
558.358 361.678 427.666 389.808 414.456 479.293 
558.27 361.814 427.615 389.704 413.449 478.494 
558.264 361.838 427.592 389.699 413.294 478.446 
558.213 361.899 427.577 389.478 412.744 478.456 
558.305 361.899 427.61 389.365 411.971 478.56 
558.539 362.122 427.664 389.315 410.628 478.539 
558.733 362.197 427.703 389.345 409.018 478.188 
558.901 362.188 427.73 389.342 407.355 477.946 
559.279 362.227 427.787 389.286 404.679 477.106 
559.52 362.208 427.889 389.314 402.1 476.269 
559.742 362.319 428.043 389.515 399.326 475.351 
560.012 362.404 428.207 389.716 395.485 473.956 
560.272 362.649 428.316 389.827 392.523 472.474 
560.523 362.694 428.483 389.96 389.723 471.12 
560.893 362.748 428.565 390.035 386.046 469.14 
561.077 362.746 428.596 390.026 383.746 467.48 
561.242 362.767 428.583 389.903 381.401 466.02 
561.334 362.816 428.509 389.645 377.696 463.677 
561.368 362.828 428.498 389.558 376.092 462.881 
561.414 362.849 428.483 389.37 373.635 461.315 
561.506 362.896 428.43 388.994 369.737 458.619 
561.541 362.907 428.413 388.885 367.939 457.414 
561.606 362.93 428.377 388.623 365.359 455.551 
561.803 363.085 428.263 387.941 360.958 451.743 
561.823 363.094 428.224 387.731 360.14 450.995 
561.936 363.184 428.202 387.207 356.815 447.983 
562.032 363.224 428.221 386.839 352.919 444.41 
562.041 363.22 428.225 386.77 352.085 443.901 
562.104 363.192 428.278 386.418 349.531 441.261 
562.141 363.181 428.435 385.779 346.886 438.342 
562.144 363.169 428.43 385.674 346.353 437.823 
562.195 363.16 428.302 385.213 344.801 435.525 
562.403 363.163 428.428 384.721 343.449 433.453 
562.452 363.18 428.408 384.368 342.598 432.159 
562.556 363.179 428.414 383.75 340.938 429.695 
562.65 363.204 428.57 383.04 339.062 426.297 
562.653 363.198 428.558 382.94 338.629 425.567 
562.752 363.172 428.65 382.515 336.862 422.822 
562.765 363.159 428.788 381.886 334.982 419.017 
562.724 363.201 428.79 381.767 334.551 418.431 
562.764 363.153 428.741 380.913 333.029 415.272 
562.73 363.205 428.79 380.126 332.016 412.977 
562.772 363.15 428.911 378.843 330.578 409.373 
562.804 363.137 428.991 377.821 329.628 406.218 
562.828 363.153 429.007 376.855 328.73 403.241 
562.87 363.212 429.081 375.462 327.294 398.508 
562.851 363.253 429.164 374.952 326.853 396.735 
562.831 363.274 429.281 374.311 325.957 394.197 
562.824 363.293 429.416 373.594 325.414 391.897 
562.801 363.487 429.48 372.529 324.728 389.099 
562.85 363.464 429.548 372.049 324.525 387.707 
562.905 363.522 429.652 371.54 324.189 386.058 
562.936 363.64 430.01 370.513 323.82 383.333 
562.944 363.679 430.122 370.063 323.643 381.831 
562.932 363.723 430.289 369.06 323.422 379.699 
562.852 363.771 430.355 367.151 322.821 375.36 
562.845 363.784 430.501 366.298 322.669 373.795 
562.839 363.765 430.527 365.235 322.452 371.579 
562.864 363.838 430.501 364.343 322.343 369.277 
562.84 363.972 430.383 364.239 322.277 368.907 
562.838 363.981 430.369 364.354 322.297 369.084 
562.799 363.973 430.285 365.416 322.392 370.571 
562.782 363.977 430.267 366.447 322.499 372.34 
562.759 363.956 430.322 368.161 322.635 375.472 
562.765 363.943 430.228 368.664 322.746 376.408 
562.792 363.962 430.297 369.308 322.764 377.714 
562.843 364.1 430.336 369.72 322.71 377.876 
562.894 364.165 430.264 369.324 322.306 376.671 
562.901 364.198 430.264 369.079 322.282 376.226 
562.917 364.237 430.255 368.881 322.078 375.419 
563.098 364.363 430.305 368.99 322.046 375.253 
563.147 364.377 430.242 369.376 322.088 375.647 
563.217 364.395 430.347 370.075 322.203 376.572 
563.303 364.404 430.349 371.174 322.434 378.443 
563.474 364.452 430.44 372.562 322.824 380.978 
563.516 364.471 430.49 372.865 323.013 381.295 
563.598 364.55 430.535 373.771 323.061 382.63 
563.662 364.572 430.642 374.221 323.116 383.751 
563.855 364.587 430.833 374.496 323.043 384.055 
563.9 364.589 430.877 374.569 323.035 384.046 
563.99 364.604 430.93 374.648 323.015 383.985 
563.985 364.541 430.879 374.716 323.026 384.022 
563.964 364.52 430.796 374.754 323.046 384.097 
563.898 364.423 430.732 374.827 323.13 384.315 
563.779 364.291 430.656 375.021 323.148 384.681 
563.731 364.218 430.638 375.387 323.173 385.955 
563.743 364.18 430.663 375.521 323.147 386.19 
563.93 364.104 430.744 375.764 322.982 386.479 
564.046 363.939 430.743 375.813 322.905 386.591 
564.149 363.869 430.902 375.823 322.927 386.526 
564.344 363.887 431.032 375.837 323.05 386.343 
564.542 363.853 431.132 375.661 323.195 386.138 
564.665 363.804 431.334 375.165 323.472 385.943 
564.688 363.799 431.381 375.066 323.513 385.915 
564.77 363.817 431.439 374.992 323.746 386.401 
564.774 363.818 431.45 375.485 323.899 387.469 
564.821 363.745 431.529 376.128 324.197 389.227 
564.819 363.713 431.507 376.227 324.245 389.965 
564.75 363.692 431.414 376.477 324.522 390.974 
564.652 363.68 431.31 377.022 324.61 392.0 
564.514 363.456 431.191 377.508 324.761 393.725 
564.507 363.406 431.195 377.726 324.774 394.265 
564.472 363.355 431.149 377.903 325.013 395.21 
564.413 363.277 431.062 378.315 325.304 396.666 
564.377 363.222 431.014 378.567 326.026 398.504 
564.379 363.214 430.994 378.578 326.105 398.975 
564.346 363.181 430.975 378.91 326.624 400.568 
564.308 363.167 430.94 379.211 326.943 401.784 
564.229 363.172 430.781 379.306 327.876 404.244 
564.223 363.157 430.708 379.34 328.344 405.276 
564.214 363.194 430.589 379.758 328.99 407.028 
564.151 363.223 430.39 380.464 330.146 410.197 
564.12 363.234 430.313 380.589 330.727 411.328 
564.047 363.239 430.115 380.742 331.495 413.068 
563.956 363.187 430.059 381.034 332.14 414.664 
563.658 363.066 429.927 381.367 333.123 417.051 
563.588 363.105 429.877 381.474 333.439 417.682 
563.518 363.073 429.648 381.504 334.104 418.917 
563.404 363.061 429.546 381.553 335.064 420.44 
563.415 363.092 429.426 381.626 336.557 422.65 
563.392 363.088 429.413 381.664 336.925 423.276 
563.443 363.128 429.357 381.865 338.538 425.778 
563.456 363.148 429.302 382.26 339.856 427.66 
563.458 363.161 429.234 382.646 341.512 430.525 
563.447 363.173 429.203 383.058 342.871 432.442 
563.418 363.174 429.198 383.437 343.926 434.333 
563.307 363.2 429.206 384.184 345.857 437.272 
563.158 363.271 429.099 384.363 346.353 438.258 
563.08 363.281 429.069 384.592 347.177 439.71 
562.975 363.194 429.029 384.85 348.179 440.993 
562.897 363.184 428.982 385.216 349.81 443.055 
562.884 363.194 428.976 385.329 350.385 443.894 
562.869 363.192 428.954 385.473 351.478 445.166 
562.887 363.205 428.971 385.673 353.283 446.815 
562.925 363.223 428.982 385.911 355.945 449.321 
562.948 363.356 428.98 385.983 356.38 449.742 
562.947 363.385 428.95 386.38 358.419 451.776 
562.92 363.396 428.894 386.672 360.303 453.479 
562.807 363.456 428.896 386.992 363.416 456.17 
562.743 363.334 428.889 387.096 364.579 457.191 
562.681 363.338 428.898 387.262 366.596 458.742 
562.626 363.357 428.923 387.576 368.475 460.465 
562.549 363.36 428.928 388.044 371.858 462.564 
562.527 363.374 428.879 388.156 373.053 463.527 
562.504 363.382 428.866 388.374 374.939 464.674 
562.481 363.386 428.887 388.597 377.473 466.174 
562.477 363.371 428.89 388.659 378.41 466.665 
562.456 363.349 428.876 388.701 379.343 467.373 
562.435 363.345 428.864 388.677 381.026 468.159 
562.39 363.339 428.813 388.685 382.743 469.219 
562.381 363.341 428.803 388.688 383.611 469.337 
562.299 363.349 428.74 388.67 385.646 470.349 
562.157 363.335 428.696 388.7 387.613 470.969 
562.012 363.318 428.553 388.89 391.543 472.701 
561.957 363.325 428.539 388.995 393.14 473.335 
561.869 363.33 428.475 389.121 395.531 474.404 
561.785 363.324 428.325 389.379 397.979 475.333 
561.522 363.304 428.199 389.636 401.556 476.645 
561.391 363.352 428.127 389.665 402.832 476.933 
561.289 363.359 428.039 389.706 404.573 477.494 
561.108 363.375 427.865 389.652 407.045 478.1 
560.994 363.403 427.785 389.731 407.843 478.265 
560.7 363.485 427.753 389.884 409.157 478.352 
560.364 363.504 427.652 390.143 410.48 478.828 
559.98 363.46 427.475 390.113 412.073 478.875 
559.93 363.458 427.431 390.101 412.389 478.888 
559.786 363.49 427.321 390.131 413.506 479.036 
559.695 363.492 427.232 390.276 414.18 479.154 
559.58 363.486 427.233 390.495 415.066 479.098 
559.529 363.574 427.213 390.542 415.475 479.024 
559.451 363.519 427.186 390.522 415.912 478.952 
559.305 363.645 427.134 390.475 416.372 478.843 
559.221 363.754 427.11 390.498 416.766 478.827 
558.998 363.636 427.091 390.545 417.114 478.832 
558.903 363.539 427.08 390.629 418.088 478.839 
558.854 363.536 427.067 390.676 418.4 478.867 
558.791 363.537 427.052 390.77 419.127 478.97 
558.663 363.542 426.986 390.863 419.874 479.025 
558.614 363.545 426.961 390.866 420.093 479.04 
558.509 363.515 426.817 390.967 420.472 479.022 
558.499 363.467 426.83 391.006 420.68 479.038 
558.576 363.382 426.837 391.012 420.479 479.126 
558.626 363.363 426.852 390.995 420.037 479.18 
558.652 363.354 426.959 390.95 419.548 479.26 
558.713 363.377 427.02 390.818 418.514 479.287 
558.72 363.391 427.007 390.792 418.241 479.161 
558.72 363.384 426.99 390.744 417.833 479.139 
558.691 363.356 426.973 390.747 417.623 478.958 
558.633 363.255 426.987 390.862 417.733 479.047 
558.642 363.195 426.906 390.91 417.754 479.066 
558.607 363.107 426.969 391.029 417.797 479.144 
558.556 362.913 426.962 391.071 417.711 479.299 
558.598 362.752 426.921 391.139 417.139 479.915 
558.618 362.668 426.938 391.172 416.619 480.27 
558.622 362.513 426.997 391.197 416.068 480.809 
558.59 362.352 427.054 391.348 415.583 481.235 
558.413 361.9 427.107 391.551 414.965 481.358 
558.397 361.812 427.108 391.58 414.807 481.315 
558.331 361.732 427.09 391.625 414.675 481.196 
558.197 361.606 427.075 391.776 414.962 480.975 
558.13 361.543 427.054 391.793 415.285 480.914 
558.051 361.497 427.033 391.82 415.84 480.928 
558.066 361.468 426.998 391.639 415.507 480.881 
558.181 361.492 427.015 391.577 414.728 480.517 
558.207 361.53 427.043 391.547 414.217 480.136 
558.246 361.684 427.033 391.511 413.041 479.533 
558.288 361.758 427.021 391.476 411.871 478.706 
558.405 361.871 427.046 391.453 409.773 478.011 
558.649 362.19 427.065 391.37 407.886 477.475 
558.974 362.282 427.083 391.194 405.695 476.75 
559.499 362.501 427.256 390.922 402.374 475.778 
559.763 362.637 427.32 390.722 399.863 474.774 
560.033 362.761 427.37 390.609 397.093 473.769 
560.485 362.862 427.458 390.534 392.301 471.817 
560.665 362.844 427.482 390.509 390.387 470.997 
560.91 362.896 427.496 390.462 387.491 469.73 
561.19 363.014 427.499 390.172 383.75 467.577 
561.303 363.052 427.39 389.718 380.876 465.964 
561.409 363.058 427.367 389.267 378.009 464.014 
561.575 363.044 427.294 388.457 373.157 460.932 
561.644 363.045 427.262 388.201 371.125 459.628 
561.743 363.102 427.245 387.798 368.1 457.437 
561.818 363.152 427.158 387.308 365.152 455.463 
561.84 363.161 427.136 386.957 360.6 451.748 
561.865 363.173 427.113 386.722 358.79 450.344 
561.901 363.223 427.099 386.475 356.27 448.309 
561.952 363.244 427.126 386.012 353.226 445.442 
562.029 363.29 427.174 385.374 350.026 441.698 
562.046 363.299 427.172 385.27 349.278 441.154 
562.107 363.291 427.186 384.847 346.944 438.081 
562.152 363.292 427.229 384.272 344.995 435.582 
562.302 363.286 427.185 383.578 342.564 432.148 
562.368 363.267 427.219 383.104 340.658 429.441 
562.381 363.244 427.185 382.363 338.946 426.397 
562.384 363.204 427.257 381.402 336.469 422.357 
562.372 363.211 427.292 380.73 334.929 419.348 
562.328 363.165 427.262 379.687 333.354 416.131 
562.219 363.148 427.364 378.001 330.838 410.669 
562.342 363.145 427.389 377.294 330.045 408.294 
562.414 363.188 427.445 376.174 328.84 405.067 
562.48 363.219 427.675 374.836 327.393 400.688 
562.532 363.233 427.783 373.923 326.592 397.401 
562.583 363.257 427.901 373.053 325.76 394.901 
562.673 363.281 428.052 371.972 324.999 391.518 
562.731 363.29 428.361 371.207 324.483 389.278 
562.815 363.234 428.578 370.284 324.131 387.098 
562.835 363.179 428.739 369.045 323.782 383.806 
562.845 363.162 428.854 368.541 323.53 382.027 
562.875 363.149 429.094 367.13 322.983 378.677 
562.899 363.176 429.358 365.671 322.494 374.421 
562.889 363.189 429.394 365.437 322.442 373.82 
562.918 363.203 429.452 364.167 322.248 370.655 
562.913 363.221 429.623 363.535 322.213 369.101 
562.917 363.221 429.891 362.731 322.263 367.092 
562.924 363.214 429.932 362.66 322.263 366.47 
562.958 363.26 430.016 362.584 322.33 366.147 
562.934 363.239 430.079 362.485 322.469 366.091 
562.847 363.234 430.061 362.622 322.501 366.201 
562.811 363.255 430.052 362.742 322.53 366.298 
562.758 363.261 430.069 362.991 322.499 366.771 
562.764 363.269 429.927 363.897 322.341 367.478 
562.796 363.308 429.941 364.256 322.252 367.907 
562.918 363.509 429.959 364.554 322.208 368.263 
563.123 363.604 430.041 365.188 322.264 369.086 
563.235 363.692 430.079 365.474 322.393 369.586 
563.417 363.845 430.153 365.909 322.52 370.123 
563.66 364.137 430.274 366.661 322.558 371.098 
563.983 364.43 430.494 367.772 322.951 372.098 
564.029 364.532 430.503 368.081 322.968 372.258 
564.327 364.719 430.594 368.935 322.9 373.425 
564.45 364.775 430.777 369.819 323.12 374.377 
564.666 364.953 430.915 371.043 323.323 376.132 
564.742 365.056 431.004 371.417 323.431 376.59 
564.855 365.151 431.076 371.969 323.598 377.63 
564.897 365.222 431.085 372.101 323.592 378.005 
564.889 365.279 431.052 372.021 323.627 377.96 
564.858 365.289 431.094 371.803 323.672 377.723 
564.766 365.276 430.914 371.374 323.625 377.033 
564.671 365.234 430.82 370.805 323.422 376.122 
564.662 365.349 430.866 370.596 323.208 375.192 
564.681 365.369 430.885 370.597 323.164 375.073 
564.809 365.433 431.016 370.774 323.009 374.741 
564.972 365.408 431.069 371.253 323.042 375.327 
565.242 365.317 431.292 372.056 323.293 377.126 
565.375 365.242 431.323 372.245 323.374 378.013 
565.416 365.093 431.276 372.538 323.525 379.222 
565.361 364.943 431.163 372.847 323.735 380.116 
565.171 364.774 431.034 373.002 323.951 380.823 
565.108 364.738 430.978 372.957 324.011 380.821 
565.152 364.699 430.877 372.752 324.042 380.426 
565.253 364.727 430.837 372.442 324.116 379.944 
565.474 364.724 430.942 372.8 324.751 382.659 
565.511 364.71 430.997 373.184 324.906 383.332 
565.665 364.689 431.188 374.688 325.243 385.909 
565.799 364.631 431.265 375.409 325.581 388.326 
565.841 364.379 431.218 376.329 326.326 391.819 
565.824 364.319 431.314 376.633 326.619 393.404 
565.811 364.267 431.229 377.524 327.081 395.579 
565.782 364.232 431.188 378.077 327.543 397.634 
565.493 364.016 430.954 378.952 328.28 400.587 
565.429 363.948 430.883 379.057 328.374 401.333 
565.341 363.894 430.735 379.031 328.921 402.957 
565.069 363.91 430.438 379.12 330.288 406.341 
564.999 363.897 430.337 379.394 330.872 407.944 
564.848 363.818 430.193 379.952 332.073 410.46 
564.716 363.715 429.874 380.438 333.4 413.478 
564.658 363.685 429.762 380.744 334.946 416.488 
564.641 363.673 429.759 380.808 335.099 416.846 
564.597 363.705 429.695 381.092 335.806 418.365 
564.553 363.706 429.593 381.214 336.403 419.237 
564.388 363.6 429.399 381.294 337.073 420.562 
564.348 363.587 429.335 381.227 337.581 421.43 
564.319 363.602 429.227 381.168 338.437 422.739 
564.314 363.566 429.141 381.367 339.768 424.407 
564.296 363.514 429.122 381.896 341.567 427.325 
564.292 363.483 429.145 382.222 342.248 428.523 
564.287 363.461 429.133 382.587 343.477 430.195 
564.292 363.501 429.193 383.327 345.104 432.853 
564.275 363.536 429.193 383.469 345.567 433.542 
564.211 363.477 429.169 383.617 346.373 434.793 
564.111 363.447 429.02 383.925 347.302 436.221 
564.026 363.433 428.96 384.097 348.776 437.818 
564.023 363.424 428.944 384.14 349.018 438.052 
564.0 363.391 428.946 384.3 350.138 439.331 
564.015 363.386 428.961 384.439 350.949 440.206 
564.065 363.381 428.972 384.644 352.486 441.638 
564.077 363.405 428.964 384.8 353.052 442.552 
564.087 363.421 428.963 384.937 354.079 443.661 
564.145 363.479 428.866 385.334 356.164 445.815 
564.133 363.513 428.859 385.469 357.068 446.854 
564.129 363.551 428.859 385.682 358.442 448.288 
564.111 363.582 428.939 386.219 360.915 450.392 
564.1 363.579 428.95 386.408 361.901 451.43 
564.081 363.589 428.939 386.709 363.301 452.709 
564.016 363.615 428.997 387.166 365.151 454.443 
564.018 363.62 429.03 387.243 365.87 454.858 
563.983 363.631 429.062 387.37 366.656 455.795 
563.931 363.648 429.065 387.441 367.835 456.852 
563.917 363.633 429.063 387.442 368.25 457.2 
563.904 363.603 429.037 387.445 369.208 457.57 
563.928 363.647 428.992 387.405 371.072 458.898 
563.93 363.65 428.942 387.395 372.242 459.715 
563.926 363.686 428.901 387.47 373.987 460.958 
563.941 363.703 428.93 387.623 376.125 462.272 
563.921 363.71 428.941 388.258 379.862 464.697 
563.934 363.685 428.976 388.411 381.668 465.448 
563.929 363.677 428.994 388.552 383.684 466.899 
563.85 363.697 428.883 388.617 387.657 468.513 
563.792 363.725 428.814 388.622 389.267 469.327 
563.492 363.759 428.666 388.676 391.54 470.367 
563.296 363.774 428.561 388.829 394.629 471.585 
563.029 363.79 428.503 389.025 397.188 472.851 
562.949 363.775 428.468 389.082 398.698 473.48 
562.743 363.706 428.247 389.197 401.223 474.461 
562.507 363.611 428.013 389.325 403.756 475.53 
562.464 363.602 427.992 389.349 404.311 475.639 
562.321 363.471 427.98 389.536 405.818 476.393 
562.156 363.571 427.931 389.657 407.19 476.551 
561.903 363.404 427.861 389.762 409.44 477.183 
561.84 363.386 427.84 389.791 410.236 477.429 
561.698 363.368 427.796 389.872 411.852 477.731 
561.481 363.282 427.749 389.976 413.37 478.158 
561.185 363.266 427.627 390.164 416.119 478.801 
561.083 363.229 427.588 390.228 416.989 478.944 
560.905 363.248 427.537 390.333 418.259 479.215 
560.637 363.22 427.539 390.6 419.789 479.625 
560.431 363.109 427.478 390.691 420.936 479.71 
560.38 363.109 427.457 390.715 421.068 479.76 
560.313 363.108 427.441 390.753 421.342 479.71 
560.311 363.11 427.446 390.75 421.314 479.585 
560.321 363.144 427.375 390.754 420.993 479.494 
560.343 363.172 427.399 390.757 420.875 479.436 
560.388 363.303 427.4 390.769 420.717 479.331 
560.389 363.318 427.403 390.784 420.617 479.259 
560.344 363.312 427.427 390.903 420.681 479.2 
560.324 363.305 427.413 390.919 420.785 479.221 
560.272 363.184 427.398 390.934 420.943 479.164 
560.18 363.177 427.376 391.104 421.062 479.114 
560.107 363.159 427.375 391.181 421.054 479.065 
560.079 363.151 427.362 391.329 420.959 478.97 
560.03 363.164 427.387 391.456 420.651 478.766 
560.002 363.18 427.414 391.507 420.11 478.583 
559.96 363.224 427.445 391.537 419.407 478.573 
559.924 363.245 427.459 391.538 417.795 478.593 
559.922 363.237 427.479 391.531 417.441 478.605 
559.906 363.212 427.451 391.496 416.931 478.749 
559.85 363.176 427.452 391.459 416.795 478.859 
559.793 363.123 427.458 391.461 417.032 479.17 
559.773 363.121 427.46 391.477 417.177 479.374 
559.686 363.085 427.477 391.53 417.823 479.853 
559.617 363.048 427.464 391.566 418.287 480.068 
559.472 362.983 427.449 391.58 419.04 480.316 
559.431 362.975 427.441 391.588 419.281 480.537 
559.327 362.953 427.417 391.641 419.579 480.913 
559.028 362.964 427.414 391.752 419.856 481.443 
558.906 362.788 427.367 391.948 420.072 481.827 
558.792 362.74 427.358 391.979 420.427 482.081 
558.644 362.675 427.354 392.093 420.995 482.584 
558.613 362.64 427.356 392.159 421.125 482.712 
558.524 362.605 427.356 392.256 421.328 482.866 
558.423 362.538 427.336 392.34 421.412 482.968 
558.365 362.484 427.326 392.408 421.409 482.991 
558.345 362.45 427.315 392.407 421.357 482.965 
558.3 362.461 427.317 392.439 421.241 482.911 
558.312 362.425 427.336 392.431 420.992 482.843 
558.423 362.358 427.349 392.387 420.486 482.803 
558.436 362.34 427.346 392.392 420.247 482.796 
558.533 362.31 427.365 392.308 419.62 482.859 
558.628 362.281 427.377 392.249 419.354 482.774 
558.775 362.172 427.409 392.212 419.12 482.968 
558.831 362.156 427.426 392.206 418.941 483.077 
558.891 362.102 427.436 392.201 418.459 483.314 
558.902 362.068 427.463 392.218 418.195 483.512 
558.89 362.071 427.452 392.21 418.093 483.666 
558.909 362.052 427.447 392.188 417.878 483.799 
558.952 362.031 427.456 392.15 417.609 483.85 
558.956 362.028 427.452 392.162 417.348 483.886 
558.96 362.002 427.463 392.189 417.196 483.858 
558.917 361.807 427.455 392.248 416.812 483.542 
558.899 361.789 427.466 392.276 416.758 483.481 
