619.997 439.585 506.792 459.925 477.737 546.998 
619.998 439.582 506.799 459.922 477.743 546.989 
620.008 439.577 506.794 459.921 477.751 547.009 
620.011 439.583 506.809 459.918 477.763 547.043 
620.031 439.588 506.797 459.93 477.744 547.083 
620.0 439.574 506.802 459.92 477.702 547.033 
619.991 439.573 506.799 459.915 477.62 546.994 
619.98 439.573 506.787 459.909 477.569 546.993 
619.981 439.58 506.792 459.9 477.528 546.98 
619.98 439.585 506.784 459.879 477.493 546.956 
619.989 439.57 506.796 459.876 477.507 546.94 
619.998 439.572 506.812 459.885 477.496 546.93 
619.985 439.579 506.804 459.888 477.504 546.919 
619.962 439.566 506.806 459.86 477.524 546.91 
619.957 439.56 506.795 459.852 477.528 546.904 
619.941 439.559 506.786 459.863 477.513 546.927 
619.919 439.562 506.797 459.856 477.487 546.91 
619.905 439.556 506.775 459.822 477.45 546.891 
619.887 439.541 506.767 459.776 477.379 546.756 
619.831 439.522 506.767 459.739 477.241 546.698 
619.771 439.529 506.819 459.67 476.54 546.424 
619.76 439.523 506.81 459.649 476.427 546.385 
619.741 439.557 506.81 459.479 475.899 546.217 
619.752 439.557 506.809 459.363 475.142 546.072 
619.777 439.583 506.803 459.248 473.377 545.141 
619.799 439.62 506.809 459.227 472.501 544.854 
619.836 439.663 506.829 459.192 471.062 544.033 
619.91 439.729 506.83 459.055 468.801 542.953 
619.979 439.798 506.882 459.016 467.022 541.956 
620.043 439.844 506.848 458.807 465.205 541.086 
620.124 439.935 506.879 458.698 463.362 539.777 
620.208 440.117 506.887 458.629 461.841 538.972 
620.251 440.163 506.912 458.595 460.575 538.167 
620.31 440.219 506.917 458.458 458.649 536.9 
620.316 440.244 506.923 458.419 457.834 536.309 
620.352 440.257 506.978 458.363 457.002 535.644 
620.373 440.258 506.975 458.343 455.814 534.809 
620.403 440.277 506.982 458.304 454.199 533.613 
620.401 440.402 506.999 458.275 453.347 533.18 
620.469 440.429 507.077 458.291 452.211 532.235 
620.633 440.548 507.102 458.234 449.895 530.631 
620.587 440.515 507.121 458.204 448.796 529.71 
620.632 440.54 507.126 458.042 447.465 528.725 
620.741 440.622 507.168 457.959 444.856 526.618 
620.742 440.624 507.172 457.901 443.857 525.59 
620.75 440.619 507.192 457.771 442.584 524.286 
620.758 440.629 507.235 457.452 440.32 522.236 
620.768 440.63 507.366 457.375 439.349 521.198 
620.827 440.57 507.387 457.375 438.219 520.066 
620.936 440.578 507.436 457.409 436.674 518.454 
620.948 440.667 507.492 457.2 435.256 516.657 
620.948 440.676 507.507 457.136 434.906 516.307 
620.961 440.704 507.517 456.806 433.918 514.882 
620.947 440.71 507.621 456.775 433.011 513.748 
621.017 440.742 507.651 456.689 431.637 512.007 
621.041 440.758 507.68 456.626 431.078 511.11 
621.067 440.761 507.702 456.496 430.238 510.072 
621.106 440.778 507.808 456.235 429.18 508.361 
621.143 440.799 507.834 456.172 428.38 507.265 
621.167 440.79 507.862 456.084 427.641 505.876 
621.255 440.818 507.947 455.75 426.19 503.633 
621.202 440.8 507.965 455.633 425.654 502.693 
621.325 440.874 507.962 455.447 424.758 501.235 
621.362 440.867 507.976 455.204 424.0 499.675 
621.429 440.812 508.147 454.839 422.581 496.963 
621.493 440.907 508.19 454.689 422.038 495.872 
621.532 440.909 508.236 454.411 421.335 494.24 
621.593 440.888 508.312 454.085 420.186 491.602 
621.625 440.891 508.402 453.954 419.777 490.38 
621.677 440.898 508.474 453.745 418.973 488.698 
621.822 440.872 508.672 453.315 418.228 486.609 
621.922 440.874 508.882 452.979 417.378 483.626 
621.945 440.868 508.915 452.905 417.144 483.126 
622.109 440.86 509.052 452.579 416.686 481.664 
622.169 440.841 509.256 452.076 415.984 478.973 
622.208 440.839 509.34 451.553 415.405 476.621 
622.211 440.83 509.36 451.492 415.184 476.082 
622.209 440.823 509.555 451.166 414.799 473.854 
622.197 440.824 509.585 450.702 414.598 472.492 
622.198 440.805 509.699 450.133 414.148 470.15 
622.19 440.81 509.718 449.977 414.072 469.227 
622.201 440.806 509.808 449.736 413.9 467.916 
622.231 440.853 509.911 449.181 413.589 466.187 
622.243 440.868 509.935 449.02 413.59 465.34 
622.265 440.891 509.969 448.8 413.498 464.493 
622.337 440.832 510.044 448.191 413.471 462.996 
622.38 440.888 510.071 448.049 413.434 462.26 
622.401 441.003 510.109 447.842 413.486 461.466 
622.387 441.06 510.164 447.446 413.447 459.782 
622.375 441.102 510.193 447.329 413.336 459.292 
622.37 441.126 510.203 447.175 413.253 458.266 
622.374 441.115 510.241 446.982 413.333 457.291 
622.385 441.123 510.304 446.833 413.214 456.757 
622.395 441.141 510.332 446.777 413.211 456.532 
622.413 441.245 510.339 446.79 413.206 456.418 
622.431 441.245 510.342 446.798 413.217 456.409 
622.465 441.29 510.35 446.909 413.234 456.422 
622.508 441.309 510.291 447.001 413.255 456.448 
622.55 441.346 510.32 447.051 413.312 456.444 
622.628 441.439 510.325 447.141 413.353 456.52 
622.696 441.639 510.417 447.345 413.449 456.689 
622.725 441.667 510.429 447.405 413.516 456.912 
622.787 441.752 510.458 447.61 413.551 457.382 
622.911 441.861 510.542 447.842 413.775 457.967 
622.963 441.884 510.515 447.966 413.883 458.304 
623.072 441.949 510.461 448.092 414.037 459.007 
623.509 442.182 510.547 448.669 414.202 460.106 
623.617 442.176 510.6 448.801 414.255 460.704 
623.796 442.283 510.653 448.946 414.365 461.09 
624.003 442.321 510.885 449.048 414.644 461.004 
624.08 442.309 510.946 449.017 414.709 461.005 
624.164 442.309 510.989 448.953 414.749 460.455 
624.266 442.366 511.052 448.743 414.791 459.492 
624.308 442.387 511.084 448.704 414.672 459.391 
624.378 442.408 511.103 448.666 414.809 459.109 
624.462 442.494 511.187 448.781 414.866 458.646 
624.669 442.688 511.186 449.0 414.938 458.651 
624.805 442.673 511.234 449.059 414.905 459.025 
624.904 442.666 511.304 449.197 414.952 459.174 
625.132 442.529 511.44 449.438 414.945 459.234 
625.263 442.433 511.544 449.56 415.02 459.288 
625.277 442.341 511.566 449.556 415.013 459.271 
625.34 442.231 511.61 449.432 414.983 459.094 
625.321 442.229 511.624 449.353 414.97 458.929 
625.341 442.187 511.718 449.174 414.99 458.963 
625.341 442.176 511.734 449.196 415.008 459.026 
625.342 442.196 511.7 449.19 414.928 459.028 
625.394 442.18 511.798 449.429 414.92 459.472 
625.574 442.186 511.798 449.823 415.003 460.251 
625.612 442.195 511.769 449.88 415.1 460.501 
625.654 442.159 511.778 449.831 415.182 460.496 
625.674 442.113 511.72 449.4 415.356 459.959 
625.688 442.116 511.765 449.203 415.43 459.653 
625.688 442.128 511.763 449.017 415.599 459.045 
625.71 442.151 511.81 448.803 415.587 458.865 
625.712 442.174 511.814 448.838 415.637 458.946 
625.746 442.219 511.771 449.078 415.553 459.585 
625.87 442.417 511.716 449.824 415.763 460.743 
625.884 442.498 511.684 449.984 415.767 461.436 
625.885 442.501 511.626 450.13 415.86 462.203 
625.821 442.349 511.495 450.291 415.985 463.216 
625.798 442.274 511.49 450.433 416.017 463.455 
625.769 442.258 511.473 450.453 416.085 463.859 
625.704 442.226 511.474 450.445 416.062 464.066 
625.702 442.234 511.467 450.455 416.065 464.161 
625.707 442.239 511.437 450.519 416.085 464.409 
625.702 442.224 511.369 450.645 416.205 465.899 
625.706 442.213 511.342 450.689 416.47 466.516 
625.693 442.233 511.259 450.868 416.631 467.792 
625.683 442.232 511.131 451.347 417.165 470.468 
625.654 442.227 511.07 451.466 417.409 471.583 
625.601 442.201 510.992 451.671 417.703 473.142 
625.512 442.162 510.844 452.2 417.966 475.277 
625.47 442.146 510.773 452.305 418.016 475.942 
625.401 442.098 510.71 452.375 418.183 476.635 
625.297 442.098 510.513 452.347 418.291 477.579 
625.259 442.099 510.448 452.319 418.489 477.958 
625.22 442.075 510.361 452.277 418.609 478.769 
625.167 442.038 510.258 452.354 419.264 479.972 
625.168 442.028 510.246 452.385 419.438 480.777 
625.172 442.002 510.214 452.485 419.644 481.454 
625.184 441.988 510.2 452.643 419.974 482.625 
625.204 441.975 510.206 452.794 420.368 483.743 
625.203 441.966 510.199 452.815 420.433 484.053 
625.207 441.98 510.073 452.796 420.679 484.769 
625.202 441.98 510.052 452.817 420.95 485.617 
625.202 441.986 509.996 452.943 421.352 486.648 
625.181 441.971 509.932 452.987 421.485 487.169 
625.158 441.966 509.902 452.997 421.797 487.849 
625.138 441.958 509.871 453.244 422.362 489.233 
625.128 441.953 509.846 453.337 422.463 489.697 
625.089 441.931 509.814 453.416 422.805 490.671 
625.041 441.926 509.786 453.474 422.973 491.172 
624.932 441.841 509.751 453.547 423.362 492.015 
624.914 441.842 509.716 453.556 423.462 492.37 
624.879 441.843 509.678 453.54 423.617 492.861 
624.846 441.851 509.605 453.616 424.2 494.3 
624.843 441.85 509.555 453.701 424.509 495.021 
624.799 441.843 509.485 453.827 425.198 496.229 
624.656 441.702 509.395 454.033 426.186 498.476 
624.65 441.698 509.341 454.133 426.599 499.217 
624.622 441.664 509.315 454.322 427.036 500.426 
624.581 441.629 509.267 454.451 427.723 501.838 
624.578 441.623 509.257 454.486 427.962 502.142 
624.56 441.629 509.223 454.517 428.235 502.517 
624.556 441.685 509.184 454.529 428.729 503.418 
624.54 441.709 509.142 454.518 429.035 503.736 
624.529 441.739 509.103 454.56 429.52 504.579 
624.494 441.744 509.03 454.7 430.717 506.371 
624.47 441.737 508.853 455.004 432.107 508.596 
624.445 441.738 508.746 455.007 432.428 509.349 
624.418 441.698 508.721 455.42 433.907 511.315 
624.383 441.663 508.701 455.603 434.634 512.674 
624.331 441.662 508.676 455.871 435.883 514.356 
624.324 441.665 508.632 455.945 436.39 514.793 
624.298 441.678 508.591 456.028 436.857 515.617 
624.272 441.686 508.576 456.18 437.219 516.017 
624.257 441.703 508.548 456.264 438.089 517.006 
624.249 441.705 508.515 456.274 438.354 517.249 
624.253 441.701 508.508 456.293 438.948 517.664 
624.241 441.702 508.489 456.357 439.618 518.642 
624.236 441.713 508.443 456.501 440.806 519.998 
624.228 441.703 508.435 456.536 441.088 520.23 
624.19 441.784 508.41 456.636 442.118 521.394 
624.215 441.723 508.397 456.704 443.157 522.197 
624.144 441.796 508.29 456.85 444.602 523.766 
624.146 441.815 508.322 457.008 445.433 524.409 
624.128 441.815 508.288 457.08 446.508 525.438 
624.118 441.831 508.238 457.14 447.616 526.301 
624.055 441.857 508.189 457.287 449.574 528.22 
624.032 441.864 508.166 457.424 450.599 528.844 
623.998 441.89 508.106 457.652 451.802 529.931 
623.977 441.88 508.072 457.819 453.843 531.629 
623.965 441.876 508.056 457.862 454.804 532.41 
623.958 441.865 508.026 457.973 455.926 533.248 
623.938 441.871 507.955 458.083 457.408 534.13 
623.874 441.899 507.924 458.147 458.612 535.094 
623.874 441.89 507.926 458.164 458.814 535.177 
623.829 441.992 507.893 458.198 459.863 535.995 
623.8 441.996 507.883 458.217 460.447 536.268 
623.769 442.015 507.839 458.244 462.148 537.265 
623.752 442.03 507.747 458.22 462.941 537.506 
623.721 442.029 507.729 458.296 464.332 538.421 
623.689 442.021 507.688 458.4 466.255 539.535 
623.643 442.016 507.631 458.523 467.514 540.04 
623.594 442.027 507.594 458.592 468.893 540.884 
623.425 441.829 507.562 458.798 470.889 541.877 
623.37 441.825 507.517 458.821 471.465 542.103 
623.249 441.837 507.448 458.883 472.279 542.541 
623.177 441.838 507.45 458.901 473.49 542.946 
623.085 441.838 507.356 458.962 475.056 543.565 
623.07 441.841 507.348 458.982 475.622 543.897 
623.032 441.85 507.302 459.021 476.674 544.215 
622.982 441.847 507.19 459.086 478.173 544.888 
622.886 441.856 507.141 459.182 480.267 545.684 
622.862 441.866 507.123 459.195 480.606 545.869 
622.766 441.847 507.064 459.35 482.14 546.335 
622.71 441.844 507.017 459.416 483.255 546.911 
622.574 441.942 506.928 459.563 484.606 547.364 
622.526 441.944 506.894 459.613 485.072 547.728 
622.474 441.876 506.796 459.661 485.924 547.961 
622.394 441.892 506.663 459.86 486.586 548.137 
622.37 441.891 506.65 459.887 486.979 548.155 
622.33 441.994 506.63 459.96 487.346 548.251 
622.257 441.971 506.632 460.064 487.569 548.281 
622.174 442.032 506.631 460.113 487.643 548.283 
622.066 442.006 506.634 460.132 487.571 548.303 
621.991 442.03 506.639 460.104 487.378 548.407 
621.975 442.068 506.648 460.037 486.547 548.641 
622.01 442.129 506.679 459.901 485.778 548.576 
622.019 442.193 506.661 459.876 485.509 548.544 
621.84 442.265 506.664 459.7 484.889 548.344 
621.803 442.283 506.695 459.455 484.677 548.272 
621.704 442.256 506.625 459.28 485.203 548.47 
621.656 442.189 506.61 459.238 485.704 548.552 
621.531 442.197 506.516 459.114 486.588 548.865 
621.287 442.085 506.392 459.118 488.733 549.456 
621.147 441.882 506.301 459.169 489.768 549.859 
620.983 441.827 506.207 459.23 491.294 550.237 
620.69 441.746 506.112 459.316 492.862 550.853 
620.429 441.692 505.932 459.57 494.63 551.253 
620.348 441.662 505.897 459.623 495.161 551.697 
620.332 441.64 505.885 459.686 495.504 551.826 
620.352 441.622 505.876 459.673 494.921 551.88 
620.368 441.613 505.896 459.649 494.612 551.937 
620.416 441.623 505.915 459.583 494.005 551.987 
620.47 441.601 505.902 459.268 492.584 551.729 
620.499 441.48 506.003 458.97 490.493 551.517 
620.496 441.471 506.01 458.928 490.06 551.425 
620.435 441.41 506.029 458.723 488.661 550.976 
620.389 441.243 505.978 458.545 487.881 550.871 
620.2 441.036 505.86 458.403 487.248 550.84 
620.098 440.818 505.833 458.429 487.293 550.859 
620.035 440.695 505.907 458.494 487.766 550.937 
619.988 440.636 505.895 458.62 488.173 551.192 
619.906 440.573 505.765 458.861 489.143 551.507 
619.901 440.537 505.682 458.845 489.531 551.405 
619.852 440.48 505.732 458.881 489.627 551.144 
619.816 440.414 505.741 458.759 489.206 550.795 
619.798 440.454 505.772 458.626 488.654 550.51 
619.781 440.498 505.768 458.572 488.295 550.329 
619.771 440.629 505.79 458.485 487.32 549.922 
619.797 440.682 505.696 458.2 486.458 549.562 
619.879 440.744 505.723 458.009 484.793 549.016 
619.917 440.767 505.734 457.958 484.221 548.671 
620.009 440.862 505.769 457.914 483.124 548.473 
620.134 441.059 505.839 457.874 482.024 548.039 
620.298 441.24 506.04 457.843 480.352 547.492 
620.45 441.282 506.125 457.817 479.198 546.902 
620.568 441.302 506.176 457.783 477.964 546.415 
620.762 441.432 506.246 457.801 476.041 545.359 
620.886 441.447 506.267 457.869 475.049 544.696 
620.962 441.471 506.35 458.127 473.683 544.235 
621.17 441.507 506.439 458.357 471.275 543.095 
621.457 441.567 506.465 458.396 468.636 541.834 
621.541 441.585 506.446 458.31 467.238 541.113 
621.653 441.595 506.502 458.012 465.213 539.824 
621.86 441.579 506.567 457.678 462.458 537.925 
622.062 441.589 506.619 457.492 459.09 535.938 
622.187 441.59 506.633 457.469 458.468 535.428 
622.308 441.599 506.664 457.435 455.821 533.849 
622.478 441.72 506.694 457.419 452.79 531.6 
622.501 441.722 506.68 457.283 452.357 531.276 
622.611 441.638 506.699 457.126 450.138 529.351 
622.655 441.634 506.694 456.923 448.574 527.834 
622.724 441.638 506.706 456.763 446.365 525.881 
622.776 441.621 506.709 456.73 445.517 524.873 
622.763 441.627 506.758 456.671 444.352 523.727 
622.816 441.623 506.798 456.518 442.342 521.862 
622.78 441.63 506.805 456.483 441.59 520.923 
622.819 441.618 506.851 456.418 440.411 519.7 
622.853 441.593 506.849 456.18 438.353 517.435 
622.866 441.59 506.856 456.122 437.543 516.343 
622.903 441.593 506.868 455.981 436.32 514.786 
622.938 441.635 506.932 455.671 434.388 511.9 
622.969 441.637 506.983 455.549 433.641 510.688 
623.043 441.668 507.006 455.371 432.377 508.856 
623.129 441.676 507.104 454.948 430.399 505.68 
623.188 441.675 507.177 454.662 429.614 504.114 
623.271 441.645 507.278 454.352 428.447 501.777 
623.481 441.646 507.35 453.863 426.551 498.038 
623.578 441.665 507.502 453.441 425.39 495.156 
623.734 441.786 507.592 452.971 424.125 492.17 
623.92 441.966 507.896 452.282 422.909 488.161 
624.025 442.027 507.961 451.767 422.08 484.917 
624.111 442.063 508.205 451.187 421.104 481.81 
624.2 442.201 508.36 450.205 419.634 476.479 
623 444 506 451 412 465 
624.259 442.254 508.627 449.169 418.69 471.808 
624.207 442.261 508.849 448.565 417.953 468.377 
624.185 442.27 508.874 448.342 417.81 467.48 
624.173 442.261 508.964 448.033 417.687 466.443 
624.191 442.214 509.103 447.672 417.604 464.862 
624.188 442.214 509.142 447.494 417.533 464.528 
624.213 442.201 509.231 447.106 417.337 463.464 
624.277 442.221 509.569 446.796 417.174 461.525 
624.32 442.245 509.649 446.646 417.136 460.58 
624.376 442.292 509.929 446.277 417.037 458.928 
624.465 442.354 510.166 445.23 416.702 456.197 
624.494 442.382 510.271 444.905 416.634 454.874 
624.522 442.419 510.336 444.271 416.607 453.437 
624.554 442.514 510.468 443.693 416.669 452.392 
624.604 442.654 510.636 443.092 416.689 450.656 
624.535 442.561 510.641 442.923 416.667 449.816 
624.502 442.591 510.695 442.662 416.714 449.197 
624.478 442.625 510.71 442.409 416.778 448.706 
624.509 442.759 510.737 442.313 416.673 448.563 
624.462 442.812 510.705 442.03 416.884 447.813 
624.452 442.864 510.673 441.877 416.91 447.578 
624.435 442.889 510.664 441.83 416.803 447.554 
624.381 442.881 510.622 441.786 416.831 447.137 
624.307 442.938 510.637 441.726 416.766 447.027 
624.314 442.967 510.657 441.713 416.742 446.966 
624.334 443.13 510.667 441.736 416.689 446.915 
624.417 443.405 510.699 441.825 416.565 446.63 
624.445 443.515 510.723 441.844 416.527 446.282 
624.557 443.766 510.778 441.855 416.507 445.994 
624.781 443.877 510.827 442.123 416.706 445.903 
625.036 444.139 510.947 442.743 417.034 445.999 
625.109 444.231 510.931 442.876 417.121 446.281 
625.371 444.396 511.005 443.654 417.287 446.777 
625.545 444.411 511.362 444.508 417.421 447.317 
625.827 444.256 511.544 445.145 417.594 448.208 
625.937 444.188 511.652 445.16 417.65 448.668 
625.974 444.098 511.83 445.273 417.67 449.215 
625.999 443.797 511.868 445.597 417.85 450.662 
625.982 443.736 511.798 445.731 417.834 451.253 
625.897 443.665 511.655 445.933 417.827 451.867 
625.654 443.516 511.466 445.974 417.65 452.382 
625.606 443.493 511.429 445.915 417.639 452.371 
625.616 443.503 511.425 445.877 417.675 452.252 
625.827 443.572 511.54 445.735 417.636 452.11 
625.892 443.553 511.582 445.887 417.652 452.501 
626.149 443.52 511.549 446.55 417.616 453.879 
626.349 443.477 511.635 447.557 417.61 455.87 
626.387 443.459 511.649 447.738 417.609 457.152 
626.388 443.394 511.646 448.205 417.628 458.393 
626.369 443.272 511.573 448.967 417.434 459.735 
626.335 443.253 511.524 449.121 417.573 460.4 
626.287 443.19 511.498 449.248 417.449 460.748 
626.19 443.102 511.469 449.441 417.412 461.51 
626.155 443.067 511.444 449.574 417.406 462.194 
626.177 443.046 511.405 449.664 417.548 462.859 
626.202 443.037 511.332 450.023 417.747 464.099 
626.219 443.045 511.266 450.111 417.833 464.694 
626.242 443.033 511.282 450.27 418.044 465.449 
626.264 443.038 511.145 450.157 418.509 467.219 
626.263 443.048 511.108 450.23 418.666 467.738 
626.221 443.055 511.017 450.441 418.825 469.226 
626.073 443.074 510.852 450.787 419.597 471.52 
626.004 443.067 510.755 450.708 419.759 472.515 
625.922 443.053 510.586 451.009 420.026 474.008 
625.85 443.037 510.447 451.298 420.358 475.213 
625.763 443.013 510.35 451.572 420.618 476.845 
625.763 443.026 510.32 451.581 420.781 477.415 
625.761 443.026 510.293 451.584 421.068 478.258 
625.744 443.048 510.263 451.831 421.36 479.354 
625.701 443.052 510.173 452.094 422.058 481.171 
625.742 443.065 510.166 452.108 422.136 481.702 
625.743 443.061 510.085 452.256 422.907 483.375 
625.744 443.055 510.015 452.534 423.389 484.774 
625.736 443.055 509.945 452.777 424.287 487.237 
625.726 443.065 509.878 452.908 424.663 488.193 
625.711 443.047 509.823 453.013 425.254 489.702 
625.654 443.034 509.707 453.166 426.161 491.714 
625.601 442.936 509.646 453.233 426.781 493.055 
625.527 442.877 509.518 453.251 427.235 494.349 
625.442 442.92 509.387 453.307 428.386 496.748 
625.408 442.936 509.336 453.358 428.991 497.682 
625.369 442.936 509.263 453.467 429.558 499.198 
625.321 442.95 509.163 454.018 430.971 501.813 
625.291 442.965 509.048 454.163 431.457 502.958 
625.267 442.974 509.02 454.35 432.382 504.568 
625.25 442.967 509.016 454.654 433.252 506.068 
625.238 442.966 509.009 454.894 434.741 508.408 
625.231 442.978 509.006 455.012 435.269 509.381 
625.228 442.996 508.877 455.176 436.089 510.621 
625.224 443.004 508.828 455.468 437.509 512.467 
625.22 443.005 508.817 455.642 438.062 513.131 
625.204 443.034 508.818 455.856 438.638 514.047 
625.183 443.051 508.832 456.102 439.724 515.357 
625.096 443.136 508.865 456.224 441.068 516.938 
625.09 443.141 508.778 456.252 441.351 517.356 
625.068 443.149 508.729 456.418 442.688 518.714 
625.053 443.142 508.705 456.536 443.611 519.778 
625.031 443.133 508.597 456.619 445.363 521.675 
625.024 443.125 508.563 456.648 446.074 522.294 
625.006 443.136 508.512 456.794 447.333 523.463 
624.998 443.144 508.474 456.891 448.695 524.81 
624.988 443.149 508.435 456.962 450.051 525.92 
624.979 443.169 508.429 457.156 451.415 526.959 
624.954 443.172 508.42 457.258 452.862 528.159 
624.94 443.157 508.363 457.401 455.048 529.85 
624.93 443.153 508.354 457.575 457.341 531.534 
624.932 443.156 508.347 457.668 458.194 532.286 
624.918 443.139 508.322 457.812 460.77 533.964 
624.824 443.145 508.278 458.064 463.743 535.698 
624.799 443.151 508.259 458.097 464.334 536.108 
624.638 443.129 508.139 458.255 466.712 537.557 
624.544 443.12 508.074 458.313 468.462 538.429 
624.442 443.116 507.943 458.383 470.834 539.597 
624.324 443.079 507.868 458.478 472.581 540.378 
624.217 443.071 507.803 458.557 474.162 541.263 
624.01 443.003 507.713 458.719 476.7 542.358 
623.974 443.003 507.698 458.789 477.495 542.782 
623.897 442.987 507.654 458.857 478.716 543.201 
623.807 442.989 507.599 458.865 479.69 543.428 
623.648 442.989 507.497 458.921 481.273 544.007 
623.592 442.98 507.444 458.951 481.798 544.041 
623.459 443.052 507.363 458.935 482.572 544.154 
623.278 443.038 507.247 458.895 483.524 544.199 
623.136 443.044 507.055 458.808 484.891 544.372 
623.101 443.038 507.021 458.781 485.099 544.398 
622.934 442.88 506.944 458.709 486.203 544.574 
622.843 442.874 506.886 458.685 487.028 544.614 
622.676 442.881 506.667 458.666 488.626 544.973 
622.626 442.859 506.644 458.695 489.257 545.124 
622.534 442.859 506.586 458.732 490.237 545.32 
622.434 442.85 506.532 458.775 491.102 545.421 
622.232 442.835 506.461 458.913 492.434 546.0 
622.146 442.826 506.439 459.005 492.762 546.067 
621.884 442.765 506.415 459.103 493.243 546.116 
621.771 442.78 506.389 459.248 493.477 546.189 
621.703 442.864 506.394 459.296 493.445 546.204 
621.681 442.85 506.396 459.32 493.26 546.179 
621.658 442.838 506.426 459.428 492.736 546.114 
621.718 442.803 506.433 459.295 492.438 545.999 
621.765 442.831 506.489 459.341 492.238 545.808 
621.791 442.887 506.5 459.379 491.939 545.736 
621.793 442.897 506.49 459.447 491.88 545.615 
621.787 442.905 506.484 459.459 491.858 545.628 
621.732 442.964 506.473 459.498 491.86 545.94 
621.673 442.956 506.468 459.571 491.151 545.948 
621.668 442.959 506.475 459.591 491.052 545.961 
621.692 442.939 506.505 459.664 490.653 546.109 
621.697 442.918 506.524 459.656 489.931 546.067 
621.738 442.813 506.563 459.629 488.512 546.063 
621.76 442.805 506.575 459.594 487.912 545.992 
621.803 442.783 506.583 459.588 486.972 546.048 
621.908 442.725 506.635 459.685 485.506 546.008 
621.959 442.671 506.666 459.679 485.129 546.079 
622.019 442.591 506.711 459.723 484.289 545.804 
622.092 442.26 506.721 459.858 483.809 545.84 
622.107 442.166 506.698 459.88 483.672 545.898 
622.098 442.032 506.705 459.977 483.683 546.128 
621.927 441.936 506.733 459.887 483.816 546.391 
621.695 441.6 506.693 460.033 484.744 546.888 
621.624 441.54 506.658 460.048 485.305 546.932 
621.508 441.471 506.607 459.977 486.201 546.97 
621.43 441.43 506.579 459.956 487.58 547.449 
621.437 441.463 506.549 459.909 487.466 547.374 
621.437 441.529 506.538 459.768 486.922 546.892 
621.452 441.624 506.544 459.519 486.27 546.367 
621.367 441.716 506.51 459.412 485.463 545.579 
621.361 441.736 506.49 459.403 485.332 545.543 
621.313 441.708 506.497 459.17 484.844 545.508 
621.393 441.701 506.536 459.066 484.148 545.471 
621.583 441.985 506.588 459.016 482.962 545.328 
621.746 442.042 506.618 459.041 481.574 544.831 
621.892 441.994 506.641 459.044 480.132 544.599 
622.217 442.06 506.696 458.993 477.858 543.647 
622.427 442.098 506.781 459.003 475.67 542.715 
622.613 442.202 506.894 459.186 473.321 541.707 
622.841 442.283 507.016 459.346 470.085 540.181 
623.052 442.514 507.099 459.438 467.637 538.629 
623.267 442.55 507.23 459.55 465.323 537.33 
623.584 442.647 507.293 459.605 462.306 535.299 
623.744 442.6 507.322 459.601 460.471 533.683 
623.885 442.615 507.322 459.496 458.575 532.239 
623.962 442.648 507.283 459.298 455.585 529.866 
623.991 442.659 507.282 459.231 454.266 528.969 
624.03 442.678 507.287 459.071 452.286 527.283 
624.106 442.709 507.276 458.737 449.178 524.551 
624.136 442.721 507.272 458.655 447.738 523.229 
624.191 442.734 507.269 458.523 445.696 521.396 
624.353 442.905 507.235 457.947 442.286 517.472 
624.37 442.911 507.221 457.767 441.66 516.782 
624.463 443.004 507.253 457.338 439.107 513.731 
624.544 443.034 507.304 457.04 436.123 510.014 
624.551 443.032 507.314 456.993 435.454 509.424 
624.607 443.038 507.393 456.686 433.54 506.77 
624.64 443.033 507.588 456.163 431.581 503.792 
624.643 443.025 507.595 456.084 431.174 503.138 
624.688 443.021 507.528 455.675 430.101 500.966 
624.868 443.007 507.683 455.278 429.175 499.042 
624.91 443.021 507.699 454.975 428.588 497.729 
625.0 443.02 507.762 454.446 427.442 495.328 
625.08 443.042 507.965 453.911 426.224 492.125 
625.083 443.035 507.964 453.827 425.935 491.366 
625.17 442.976 508.083 453.466 424.732 488.667 
625.182 442.971 508.262 452.969 423.564 485.087 
625.144 443.052 508.275 452.875 423.264 484.561 
625.181 442.964 508.312 452.131 422.327 481.52 
625.149 443.054 508.428 451.464 421.737 479.553 
625.189 442.955 508.655 450.463 420.929 476.105 
625.217 442.945 508.82 449.649 420.498 473.356 
625.237 442.956 508.924 448.812 420.079 470.451 
625.27 443.006 509.118 447.612 419.424 466.32 
625.251 443.045 509.238 447.243 419.258 464.668 
625.233 443.059 509.398 446.701 418.79 462.19 
625.226 443.077 509.581 446.127 418.598 460.002 
625.194 443.304 509.735 445.176 418.357 457.674 
625.238 443.232 509.837 444.746 418.347 456.348 
625.282 443.263 509.973 444.295 418.257 454.825 
625.303 443.345 510.375 443.472 418.268 452.34 
625.307 443.376 510.513 443.074 418.294 450.903 
625.294 443.404 510.75 442.239 418.365 449.086 
625.222 443.398 510.981 440.519 418.367 445.078 
625.216 443.41 511.184 439.814 418.425 443.656 
625.212 443.389 511.305 438.868 418.511 441.853 
625.229 443.448 511.365 438.128 418.698 439.923 
625.201 443.583 511.275 438.065 418.688 439.637 
625.198 443.589 511.252 438.168 418.684 439.814 
625.165 443.579 511.082 439.026 418.581 440.965 
625.15 443.59 510.97 439.903 418.461 442.53 
625.131 443.563 510.859 441.381 418.195 445.156 
625.137 443.54 510.73 441.733 418.175 445.929 
625.159 443.56 510.73 442.271 418.029 446.976 
625.195 443.665 510.724 442.592 417.961 447.059 
625.236 443.716 510.698 442.164 417.751 445.685 
625.24 443.744 510.72 441.942 417.791 445.47 
625.252 443.779 510.731 441.765 417.705 444.538 
625.402 443.958 510.763 441.829 417.698 444.375 
625.443 443.975 510.671 442.098 417.687 444.738 
625.503 443.995 510.698 442.779 417.673 445.567 
625.577 444.003 510.597 443.674 417.648 447.285 
625.722 444.057 510.546 444.874 417.678 449.612 
625.758 444.074 510.562 445.148 417.799 449.842 
625.824 444.14 510.514 445.87 417.672 450.828 
625.879 444.159 510.564 446.223 417.583 451.834 
626.045 444.171 510.701 446.411 417.475 451.844 
626.083 444.172 510.731 446.459 417.468 451.816 
626.161 444.173 510.769 446.512 417.458 451.746 
626.16 444.118 510.719 446.564 417.464 451.814 
626.143 444.108 510.644 446.608 417.473 451.899 
626.091 444.047 510.583 446.687 417.525 452.281 
625.996 443.918 510.501 446.886 417.49 452.432 
625.959 443.867 510.451 447.209 417.36 453.632 
625.971 443.837 510.46 447.304 417.308 453.803 
626.137 443.826 510.507 447.501 417.125 453.88 
626.247 443.698 510.499 447.424 417.041 453.861 
626.341 443.649 510.635 447.498 417.068 453.792 
626.509 443.707 510.745 447.497 417.194 453.616 
626.682 443.737 510.847 447.337 417.345 453.485 
626.792 443.711 511.067 446.971 417.61 453.463 
626.812 443.706 511.118 446.927 417.649 453.44 
626.882 443.727 511.174 446.88 417.788 453.839 
626.885 443.723 511.137 447.248 417.791 454.815 
626.93 443.652 511.144 447.754 417.833 456.376 
626.93 443.623 511.116 447.832 417.78 456.901 
626.872 443.599 511.013 448.041 417.894 457.787 
626.787 443.591 510.872 448.465 417.845 458.685 
626.681 443.383 510.725 448.877 417.758 460.055 
626.677 443.342 510.709 449.079 417.704 460.529 
626.649 443.3 510.653 449.229 417.795 461.406 
626.603 443.245 510.54 449.598 417.871 462.792 
626.575 443.205 510.476 449.851 418.266 464.429 
626.578 443.202 510.458 449.864 418.278 464.882 
626.55 443.182 510.411 450.162 418.528 466.264 
626.518 443.169 510.354 450.452 418.655 467.371 
626.449 443.132 510.208 450.533 419.162 469.714 
626.446 443.119 510.142 450.555 419.444 470.772 
626.435 443.144 510.001 450.894 419.789 472.42 
626.38 443.151 509.764 451.506 420.405 475.455 
626.351 443.156 509.686 451.603 420.772 476.591 
626.288 443.153 509.501 451.662 421.226 478.232 
626.212 443.109 509.427 451.961 421.59 479.737 
625.961 442.999 509.282 452.265 422.152 481.992 
625.898 443.045 509.23 452.378 422.347 482.559 
625.839 443.025 509.031 452.411 422.777 483.83 
625.741 443.017 508.938 452.456 423.424 485.287 
625.749 443.045 508.829 452.522 424.45 487.412 
625.729 443.044 508.814 452.554 424.693 488.007 
625.771 443.077 508.747 452.726 425.792 490.458 
625.781 443.095 508.662 453.034 426.709 492.293 
625.782 443.098 508.567 453.334 427.801 494.98 
625.772 443.1 508.501 453.681 428.751 496.82 
625.747 443.094 508.461 453.988 429.439 498.571 
625.649 443.101 508.398 454.646 430.767 501.379 
625.516 443.085 508.288 454.722 431.08 502.291 
625.448 443.091 508.24 454.907 431.622 503.644 
625.362 442.995 508.181 455.134 432.343 504.922 
625.295 442.992 508.107 455.465 433.521 506.974 
625.283 443.0 508.092 455.57 433.921 507.755 
625.271 443.005 508.059 455.69 434.722 508.976 
625.285 443.019 508.055 455.867 436.105 510.716 
625.317 443.029 508.042 456.074 438.137 513.305 
625.329 443.161 508.033 456.133 438.467 513.694 
625.327 443.185 507.969 456.44 440.008 515.631 
625.303 443.193 507.894 456.696 441.459 517.444 
625.201 443.287 507.865 456.962 443.87 520.168 
625.153 443.16 507.849 457.046 444.769 521.12 
625.099 443.159 507.842 457.19 446.358 522.771 
625.05 443.174 507.834 457.49 447.804 524.398 
624.983 443.176 507.794 457.904 450.535 526.723 
624.963 443.187 507.742 457.998 451.475 527.714 
624.943 443.194 507.71 458.19 453.003 528.99 
624.923 443.192 507.707 458.369 455.058 530.514 
624.92 443.186 507.703 458.424 455.827 531.059 
624.903 443.159 507.688 458.453 456.566 531.717 
624.885 443.158 507.679 458.431 457.959 532.635 
624.846 443.153 507.635 458.448 459.345 533.531 
624.838 443.16 507.626 458.454 460.103 533.932 
624.767 443.139 507.573 458.448 461.779 534.929 
624.645 443.129 507.533 458.481 463.444 535.671 
624.52 443.125 507.391 458.577 466.719 537.674 
624.472 443.133 507.369 458.669 468.057 538.358 
624.396 443.133 507.302 458.787 470.05 539.56 
624.323 443.12 507.15 459.045 472.11 540.626 
624.097 443.042 507.017 459.297 475.128 542.159 
623.981 443.035 506.953 459.329 476.224 542.494 
623.892 443.031 506.873 459.377 477.703 543.183 
623.734 443.034 506.73 459.358 479.825 544.029 
623.633 443.058 506.653 459.432 480.513 544.212 
623.375 443.146 506.611 459.553 481.666 544.439 
623.082 443.194 506.5 459.781 482.788 545.036 
622.752 443.077 506.351 459.786 484.194 545.317 
622.709 443.064 506.314 459.78 484.473 545.346 
622.582 443.08 506.217 459.825 485.449 545.744 
622.504 443.072 506.126 459.902 486.033 545.906 
622.404 443.068 506.106 460.078 486.825 546.021 
622.354 443.136 506.084 460.111 487.196 546.032 
622.291 443.083 506.063 460.096 487.59 545.99 
622.157 443.145 506.022 460.054 488.007 545.907 
622.078 443.267 506.0 460.071 488.359 545.981 
621.891 443.135 505.979 460.099 488.667 546.02 
621.815 443.05 505.961 460.157 489.528 546.127 
621.772 443.043 505.945 460.191 489.801 546.169 
621.718 443.04 505.923 460.262 490.437 546.444 
621.607 443.036 505.857 460.349 491.093 546.577 
621.564 443.041 505.835 460.354 491.285 546.61 
621.475 442.973 505.701 460.371 491.622 546.618 
621.469 442.931 505.708 460.407 491.806 546.722 
621.541 442.905 505.713 460.41 491.618 546.701 
621.585 442.886 505.728 460.39 491.221 546.713 
621.608 442.883 505.826 460.41 490.779 546.728 
621.659 442.897 505.89 460.293 489.859 546.54 
621.665 442.906 505.882 460.273 489.631 546.429 
621.665 442.898 505.872 460.24 489.272 546.401 
621.642 442.871 505.857 460.252 489.105 546.233 
621.597 442.788 505.859 460.344 489.195 546.383 
621.609 442.715 505.782 460.312 489.212 546.406 
621.584 442.661 505.826 460.484 489.241 546.487 
621.55 442.483 505.816 460.512 489.149 546.61 
621.597 442.359 505.773 460.499 488.576 546.963 
621.619 442.287 505.784 460.516 488.078 547.239 
621.631 442.159 505.832 460.512 487.532 547.618 
621.613 442.026 505.867 460.613 487.055 547.825 
621.486 441.67 505.892 460.747 486.494 547.873 
621.478 441.673 505.89 460.764 486.36 547.852 
621.425 441.618 505.87 460.81 486.257 547.801 
621.317 441.532 505.843 460.973 486.536 547.702 
621.262 441.489 505.824 460.994 486.83 547.758 
621.196 441.388 505.804 461.046 487.32 547.821 
621.211 441.371 505.791 460.87 487.031 547.776 
621.31 441.467 505.812 460.813 486.378 547.346 
621.33 441.497 505.838 460.766 485.967 547.005 
621.354 441.626 505.833 460.735 484.994 546.563 
621.386 441.684 505.826 460.702 484.049 545.839 
621.481 441.776 505.85 460.684 482.271 545.144 
621.673 442.067 505.873 460.619 480.66 544.517 
621.95 442.083 505.906 460.468 478.802 543.754 
622.391 442.31 506.082 460.311 475.972 542.573 
622.612 442.424 506.156 460.137 473.864 541.461 
622.838 442.574 506.21 460.036 471.529 540.334 
623.224 442.638 506.293 459.966 467.52 538.263 
623.381 442.573 506.316 459.949 465.924 537.381 
623.591 442.614 506.332 459.917 463.515 536.031 
623.826 442.784 506.363 459.683 460.463 533.761 
623.922 442.808 506.311 459.256 458.118 532.087 
624.013 442.813 506.335 458.899 455.819 530.082 
624.158 442.811 506.351 458.288 451.908 526.812 
624.218 442.813 506.348 458.077 450.272 525.393 
624.3 442.892 506.371 457.739 447.872 523.105 
624.362 442.938 506.342 457.29 445.518 521.075 
624.38 442.945 506.357 456.992 441.967 517.31 
624.401 442.956 506.359 456.78 440.547 515.783 
624.43 443.017 506.37 456.563 438.58 513.603 
624.472 443.032 506.438 456.17 436.26 510.71 
624.537 443.055 506.541 455.688 433.917 507.12 
624.551 443.06 506.549 455.612 433.328 506.509 
624.605 443.052 506.603 455.322 431.662 503.558 
624.643 443.061 506.696 454.884 430.263 501.055 
624.773 443.058 506.723 454.287 428.562 497.758 
624.831 443.073 506.798 453.903 427.231 495.121 
624.844 443.058 506.839 453.256 426.115 492.279 
624.849 443.031 506.993 452.502 424.451 488.307 
624.838 443.042 507.086 451.954 423.484 485.521 
624.803 443.023 507.159 451.047 422.517 482.673 
624.71 443.018 507.406 449.644 420.998 477.35 
624.816 443.014 507.493 449.023 420.6 475.102 
624.876 443.037 507.647 448.054 419.956 472.19 
624.932 443.061 507.97 446.972 419.241 468.155 
624.976 443.075 508.148 446.201 418.946 465.038 
625.018 443.095 508.329 445.397 418.537 462.836 
625.095 443.117 508.559 444.429 418.29 459.675 
625.145 443.124 508.896 443.836 418.118 457.65 
625.221 443.037 509.169 443.087 418.078 455.641 
625.241 442.992 509.421 441.977 418.177 452.729 
625.251 442.982 509.566 441.546 418.174 451.082 
625.278 442.978 509.902 440.356 418.115 448.211 
625.297 443.0 510.264 439.139 418.202 444.247 
625.288 443.011 510.316 438.939 418.231 443.743 
625.312 443.02 510.482 437.798 418.446 440.989 
625.307 443.025 510.687 437.261 418.609 439.787 
625.31 443.014 510.991 436.643 418.888 437.935 
625.317 443.003 511.033 436.599 418.96 437.337 
625.343 443.043 511.112 436.555 419.057 437.071 
625.324 443.021 511.175 436.493 419.187 437.186 
625.249 443.01 511.148 436.629 419.195 437.117 
625.217 443.032 511.129 436.735 419.207 437.182 
625.17 443.041 511.12 436.932 419.125 437.602 
625.175 443.041 510.914 437.594 418.904 438.166 
625.2 443.077 510.892 437.891 418.772 438.414 
625.294 443.249 510.879 438.109 418.69 438.657 
625.467 443.32 510.89 438.634 418.633 439.22 
625.558 443.391 510.896 438.87 418.69 439.861 
625.708 443.513 510.919 439.23 418.732 440.295 
625.902 443.788 510.953 439.886 418.643 441.006 
626.165 444.084 511.038 440.843 418.853 441.788 
626.199 444.169 511.016 441.075 418.848 441.911 
626.447 444.363 511.015 441.787 418.654 443.016 
626.55 444.411 511.09 442.559 418.723 443.777 
626.727 444.544 511.092 443.493 418.682 445.222 
626.787 444.63 511.133 443.805 418.717 445.591 
626.88 444.702 511.144 444.299 418.737 446.566 
626.912 444.759 511.14 444.41 418.687 446.902 
626.902 444.807 511.12 444.369 418.724 446.903 
626.875 444.818 511.177 444.27 418.791 446.707 
626.796 444.81 511.062 443.851 418.84 446.255 
626.715 444.78 511.036 443.458 418.776 445.45 
626.702 444.87 511.094 443.262 418.703 444.546 
626.717 444.886 511.11 443.229 418.678 444.412 
626.824 444.932 511.204 443.297 418.576 443.834 
626.967 444.904 511.204 443.619 418.527 444.18 
627.206 444.829 511.32 444.321 418.524 445.772 
627.326 444.776 511.329 444.483 418.489 446.608 
627.37 444.669 511.262 444.754 418.475 447.744 
627.33 444.555 511.137 445.078 418.547 448.57 
627.176 444.477 511.014 445.273 418.651 449.309 
627.123 444.415 510.971 445.254 418.704 449.336 
627.163 444.426 510.904 445.11 418.785 449.172 
627.249 444.453 510.898 444.833 418.908 448.812 
627.441 444.441 510.956 445.158 419.117 451.024 
627.474 444.43 510.967 445.474 419.174 451.79 
627.609 444.413 510.991 446.784 419.146 453.897 
627.728 444.438 510.99 447.405 419.146 456.134 
627.778 444.211 510.863 448.124 419.356 459.08 
627.767 444.155 510.917 448.383 419.416 460.528 
627.759 444.116 510.763 449.199 419.551 462.506 
627.736 444.094 510.675 449.659 419.7 464.368 
627.498 443.829 510.393 450.383 419.977 467.088 
627.446 443.763 510.322 450.473 419.961 467.582 
627.373 443.722 510.197 450.454 420.238 469.131 
627.136 443.776 509.935 450.558 421.009 472.363 
627.076 443.772 509.824 450.828 421.321 473.908 
626.949 443.736 509.648 451.31 422.056 476.351 
626.841 443.641 509.33 451.768 422.839 479.202 
626.793 443.609 509.205 452.045 423.816 482.15 
626.778 443.598 509.197 452.093 423.905 482.474 
626.739 443.615 509.114 452.317 424.332 483.882 
626.7 443.615 509.015 452.358 424.746 484.763 
626.564 443.464 508.841 452.431 425.165 486.002 
626.529 443.453 508.792 452.377 425.501 486.847 
626.503 443.479 508.705 452.335 426.085 488.097 
626.501 443.453 508.613 452.527 427.043 489.864 
626.489 443.425 508.548 452.983 428.25 492.568 
626.487 443.398 508.537 453.274 428.696 493.67 
626.484 443.37 508.491 453.561 429.564 495.295 
626.486 443.374 508.474 454.215 430.66 497.847 
626.469 443.401 508.461 454.332 430.978 498.444 
626.417 443.362 508.426 454.452 431.529 499.629 
626.332 443.336 508.268 454.682 432.165 500.966 
626.259 443.342 508.2 454.826 433.26 502.601 
626.256 443.336 508.183 454.862 433.442 502.823 
626.238 443.313 508.17 454.996 434.266 504.094 
626.252 443.307 508.169 455.103 434.867 504.892 
626.295 443.295 508.158 455.258 436.04 506.382 
626.305 443.325 508.137 455.394 436.425 507.27 
626.312 443.332 508.123 455.506 437.188 508.313 
626.359 443.374 508.001 455.788 438.754 510.469 
626.347 443.404 507.982 455.897 439.424 511.547 
626.342 443.436 507.962 456.083 440.454 512.921 
626.324 443.456 507.981 456.551 442.371 515.086 
626.315 443.445 507.972 456.705 443.114 516.178 
626.298 443.453 507.934 456.958 444.19 517.481 
626.24 443.467 507.941 457.362 445.607 519.187 
626.241 443.472 507.963 457.43 446.189 519.644 
626.21 443.481 507.978 457.54 446.768 520.543 
626.165 443.492 507.973 457.597 447.676 521.544 
626.154 443.482 507.972 457.595 447.999 521.865 
626.143 443.461 507.949 457.602 448.799 522.373 
626.162 443.5 507.914 457.571 450.278 523.64 
626.163 443.506 507.872 457.569 451.213 524.552 
626.158 443.533 507.831 457.659 452.601 525.794 
626.17 443.551 507.841 457.789 454.33 527.213 
626.152 443.546 507.79 458.28 457.337 529.686 
626.165 443.527 507.805 458.4 458.841 530.567 
626.161 443.523 507.807 458.515 460.447 531.88 
626.091 443.523 507.706 458.585 463.766 533.794 
626.04 443.549 507.646 458.611 465.095 534.689 
625.777 443.569 507.515 458.695 466.981 535.771 
625.607 443.574 507.41 458.829 469.571 537.19 
625.375 443.537 507.341 458.993 471.687 538.472 
625.306 443.525 507.306 459.047 472.953 539.231 
625.131 443.493 507.105 459.151 475.075 540.316 
624.932 443.362 506.891 459.198 477.195 541.46 
624.896 443.359 506.87 459.217 477.673 541.56 
624.779 443.237 506.842 459.409 478.92 542.204 
624.631 443.324 506.789 459.528 480.118 542.58 
624.421 443.199 506.719 459.624 482.041 543.363 
624.368 443.189 506.698 459.653 482.716 543.59 
624.246 443.168 506.653 459.726 484.115 544.045 
624.062 443.045 506.603 459.819 485.412 544.52 
623.807 442.974 506.48 459.979 487.777 545.314 
623.721 442.953 506.441 460.04 488.531 545.498 
623.566 443.009 506.387 460.134 489.625 545.773 
623.335 442.982 506.364 460.394 490.939 546.343 
623.163 442.857 506.303 460.475 491.947 546.55 
623.119 442.854 506.282 460.494 492.058 546.612 
623.06 442.856 506.265 460.533 492.307 546.641 
623.059 442.851 506.27 460.53 492.295 546.533 
623.066 442.873 506.207 460.458 492.021 546.434 
623.083 442.899 506.227 460.462 491.923 546.385 
623.114 443.036 506.227 460.462 491.794 546.289 
623.115 443.045 506.227 460.464 491.713 546.233 
623.076 443.031 506.237 460.553 491.776 546.223 
623.059 443.028 506.223 460.568 491.867 546.258 
623.021 442.901 506.209 460.583 492.013 546.258 
622.942 442.852 506.174 460.744 492.125 546.28 
622.879 442.829 506.166 460.799 492.124 546.265 
622.856 442.825 506.14 460.912 492.051 546.241 
622.812 442.83 506.149 461.001 491.801 546.132 
622.788 442.842 506.167 461.036 491.344 546.044 
622.748 442.878 506.191 461.049 490.726 546.118 
622.716 442.908 506.202 461.025 489.299 546.057 
622.715 442.899 506.22 461.027 488.986 546.098 
622.702 442.874 506.2 460.992 488.521 546.224 
622.656 442.852 506.204 460.961 488.388 546.291 
622.61 442.801 506.209 460.955 488.563 546.514 
622.593 442.799 506.209 460.967 488.67 546.714 
622.519 442.768 506.218 461.012 489.19 547.119 
622.462 442.726 506.204 461.047 489.578 547.287 
622.34 442.657 506.19 461.061 490.216 547.456 
622.305 442.643 506.182 461.06 490.406 547.678 
622.216 442.609 506.156 461.091 490.631 548.022 
621.956 442.538 506.143 461.175 490.821 548.492 
621.861 442.37 506.082 461.29 490.972 548.836 
621.765 442.323 506.072 461.31 491.259 549.075 
621.641 442.261 506.057 461.395 491.714 549.691 
621.616 442.228 506.052 461.449 491.815 549.817 
621.541 442.195 506.043 461.532 491.981 550.021 
621.457 442.144 506.018 461.601 492.045 550.149 
621.41 442.098 506.003 461.655 492.041 550.223 
621.395 442.066 505.993 461.655 491.998 550.215 
621.356 442.124 505.992 461.689 491.902 550.185 
621.368 442.093 506.009 461.676 491.689 550.125 
621.468 441.994 506.024 461.632 491.243 550.018 
621.481 441.979 506.022 461.639 491.033 550.002 
621.566 441.957 506.045 461.565 490.469 549.965 
621.65 441.934 506.062 461.515 490.242 549.847 
621.784 441.838 506.092 461.484 490.014 549.99 
621.833 441.823 506.107 461.475 489.843 550.031 
621.888 441.824 506.117 461.471 489.388 550.055 
621.9 441.792 506.138 461.477 489.132 550.136 
621.889 441.793 506.13 461.474 489.025 550.266 
621.907 441.774 506.127 461.447 488.821 550.349 
621.945 441.753 506.138 461.417 488.576 550.361 
621.948 441.748 506.134 461.42 488.339 550.258 
621.954 441.73 506.141 461.443 488.208 550.237 
621.928 441.568 506.128 461.493 487.901 549.952 
621.913 441.557 506.135 461.52 487.86 549.927 
