597.83 454.041 487.862 482.545 440.53 589.335 
597.826 454.038 487.868 482.541 440.552 589.323 
597.835 454.033 487.869 482.54 440.588 589.343 
597.831 454.039 487.878 482.536 440.693 589.377 
597.852 454.043 487.864 482.551 440.687 589.427 
597.825 454.029 487.866 482.539 440.606 589.376 
597.81 454.029 487.862 482.533 440.442 589.347 
597.793 454.03 487.854 482.526 440.339 589.356 
597.79 454.037 487.837 482.517 440.263 589.35 
597.777 454.042 487.826 482.493 440.23 589.326 
597.786 454.026 487.848 482.488 440.254 589.304 
597.802 454.028 487.861 482.497 440.242 589.294 
597.789 454.036 487.851 482.501 440.235 589.281 
597.77 454.023 487.861 482.468 440.287 589.264 
597.755 454.016 487.855 482.459 440.311 589.255 
597.742 454.016 487.83 482.473 440.294 589.286 
597.705 454.02 487.822 482.466 440.262 589.269 
597.696 454.015 487.794 482.427 440.237 589.252 
597.66 454.0 487.771 482.374 440.188 589.1 
597.566 453.982 487.753 482.331 440.067 589.051 
597.49 453.992 487.777 482.249 439.779 588.808 
597.482 453.986 487.772 482.225 439.677 588.779 
597.448 454.024 487.705 482.028 439.098 588.662 
597.47 454.023 487.715 481.892 438.041 588.622 
597.516 454.049 487.635 481.761 436.108 587.786 
597.552 454.088 487.607 481.736 434.952 587.592 
597.603 454.132 487.634 481.695 433.296 586.837 
597.69 454.198 487.659 481.534 430.585 585.907 
597.796 454.268 487.705 481.485 428.627 584.983 
597.884 454.314 487.753 481.243 426.864 584.203 
598.012 454.406 487.774 481.114 423.954 582.952 
598.078 454.596 487.787 481.034 422.284 582.21 
598.136 454.643 487.787 480.993 420.707 581.438 
598.209 454.699 487.754 480.833 418.417 580.201 
598.219 454.725 487.745 480.788 417.623 579.599 
598.264 454.738 487.768 480.72 416.42 578.93 
598.293 454.738 487.739 480.697 415.283 578.082 
598.34 454.757 487.733 480.652 413.043 576.887 
598.272 454.89 487.752 480.617 412.347 576.472 
598.36 454.915 487.698 480.633 410.814 575.499 
598.373 455.037 487.74 480.564 408.065 573.885 
598.503 455.002 487.757 480.529 407.148 572.899 
598.603 455.025 487.814 480.339 405.175 571.908 
598.515 455.11 487.848 480.24 402.358 569.686 
598.527 455.111 487.847 480.172 401.387 568.554 
598.534 455.106 487.854 480.019 399.618 567.14 
598.551 455.116 487.916 479.646 397.144 564.921 
598.565 455.117 488.062 479.547 396.214 563.763 
598.741 455.049 488.101 479.545 394.604 562.53 
598.864 455.053 488.192 479.581 393.107 560.729 
598.885 455.147 488.265 479.333 391.337 558.694 
598.869 455.157 488.275 479.259 391.15 558.296 
598.896 455.185 488.328 478.873 389.793 556.665 
599.034 455.19 488.202 478.835 388.806 555.369 
599.136 455.222 488.167 478.735 387.188 553.379 
599.164 455.237 488.165 478.66 386.433 552.337 
599.211 455.239 488.156 478.507 385.717 551.138 
599.266 455.256 488.274 478.198 384.276 549.142 
599.3 455.276 488.258 478.124 383.034 547.883 
599.338 455.265 488.246 478.02 382.364 546.228 
599.29 455.293 488.144 477.63 380.592 543.597 
599.375 455.275 488.123 477.493 380.009 542.479 
599.298 455.35 488.179 477.276 378.916 540.758 
599.332 455.341 488.187 476.992 378.147 538.881 
599.422 455.28 488.2 476.561 376.473 535.633 
599.434 455.378 488.217 476.384 376.033 534.314 
599.485 455.379 488.278 476.058 375.097 532.34 
599.519 455.355 488.296 475.675 373.676 529.141 
599.557 455.356 488.364 475.517 373.279 527.64 
599.59 455.362 488.404 475.271 372.557 525.592 
599.652 455.329 488.402 474.762 371.585 523.033 
599.751 455.326 488.536 474.36 370.74 519.339 
599.774 455.319 488.54 474.273 370.348 518.733 
599.947 455.304 488.497 473.889 369.18 516.946 
600.004 455.282 488.71 473.292 369.03 513.582 
600.052 455.278 488.789 472.679 368.075 510.661 
600.055 455.268 488.766 472.608 367.619 510.003 
600.046 455.261 488.677 472.222 367.234 507.206 
600.029 455.263 488.736 471.681 366.875 505.498 
600.028 455.243 488.722 471.016 366.156 502.567 
600.023 455.249 488.692 470.835 366.094 501.398 
600.043 455.244 488.709 470.551 365.937 499.746 
600.132 455.291 488.62 469.903 365.335 497.579 
600.156 455.307 488.619 469.715 365.473 496.498 
600.203 455.329 488.585 469.458 365.194 495.432 
600.444 455.262 488.621 468.747 365.126 493.531 
600.496 455.319 488.59 468.582 365.066 492.597 
600.488 455.441 488.641 468.339 364.525 491.596 
600.529 455.5 488.663 467.876 364.521 489.456 
600.526 455.545 488.662 467.739 363.673 488.856 
600.537 455.571 488.652 467.56 364.081 487.545 
600.714 455.558 488.668 467.334 363.72 486.307 
600.743 455.565 488.556 467.161 364.073 485.626 
600.801 455.583 488.582 467.094 364.075 485.34 
600.878 455.691 488.635 467.108 364.054 485.194 
600.941 455.69 488.656 467.117 364.058 485.183 
601.002 455.736 488.67 467.246 364.113 485.197 
601.076 455.754 488.802 467.353 364.113 485.229 
601.128 455.791 488.85 467.408 364.282 485.219 
601.085 455.888 488.898 467.512 364.276 485.313 
601.164 456.096 488.875 467.746 364.611 485.517 
601.186 456.125 488.908 467.815 364.333 485.804 
601.269 456.211 488.895 468.052 364.209 486.402 
601.399 456.321 489.098 468.315 365.201 487.114 
601.471 456.343 489.103 468.46 365.028 487.541 
601.636 456.407 489.329 468.605 365.194 488.425 
602.154 456.633 489.454 469.27 365.584 489.806 
602.282 456.622 489.651 469.418 365.58 490.564 
602.27 456.73 489.794 469.582 366.31 491.033 
602.449 456.761 490.156 469.686 367.035 490.893 
602.524 456.745 490.253 469.646 366.712 490.899 
602.582 456.742 490.331 469.568 366.901 490.192 
602.667 456.798 490.474 469.32 367.167 488.961 
602.705 456.819 490.513 469.273 366.809 488.846 
602.762 456.838 490.574 469.227 367.133 488.475 
602.88 456.925 490.536 469.358 367.419 487.877 
602.929 457.122 490.829 469.608 367.679 487.874 
603.074 457.101 490.978 469.672 367.541 488.354 
603.171 457.089 491.164 469.826 367.824 488.535 
603.552 456.933 491.473 470.095 368.564 488.595 
603.642 456.826 491.704 470.229 369.08 488.649 
603.622 456.729 491.75 470.223 369.125 488.627 
603.478 456.613 491.847 470.076 369.055 488.405 
603.311 456.614 491.827 469.983 369.045 488.197 
603.26 456.569 491.76 469.774 369.305 488.233 
603.246 456.557 491.826 469.797 369.576 488.307 
603.256 456.579 492.105 469.788 370.34 488.296 
603.315 456.559 492.239 470.058 370.267 488.862 
603.636 456.556 492.267 470.515 370.244 489.848 
603.699 456.564 492.241 470.582 369.709 490.171 
603.747 456.524 492.203 470.526 369.585 490.163 
603.736 456.475 491.936 470.033 368.906 489.488 
603.729 456.478 491.7 469.806 368.849 489.097 
603.716 456.491 491.543 469.594 369.151 488.31 
603.708 456.515 491.514 469.344 368.922 488.087 
603.709 456.539 491.554 469.384 369.249 488.181 
603.781 456.585 491.666 469.662 369.06 489.001 
603.841 456.789 492.001 470.523 369.878 490.441 
603.904 456.872 491.994 470.711 369.727 491.324 
603.931 456.876 491.918 470.883 369.793 492.291 
603.961 456.716 491.711 471.079 369.834 493.569 
603.899 456.639 491.662 471.245 369.853 493.87 
603.871 456.623 491.632 471.269 369.943 494.376 
603.777 456.593 491.645 471.26 369.996 494.639 
603.776 456.602 491.652 471.272 370.034 494.758 
603.77 456.607 491.624 471.347 370.083 495.071 
603.792 456.591 491.531 471.497 369.995 496.957 
603.791 456.579 491.506 471.551 370.49 497.712 
603.776 456.601 491.347 471.763 370.675 499.317 
603.757 456.6 491.136 472.328 371.774 502.65 
603.734 456.596 491.047 472.471 372.064 504.041 
603.694 456.571 490.954 472.713 372.375 505.99 
603.628 456.533 490.924 473.333 372.675 508.67 
603.59 456.518 490.865 473.459 372.727 509.507 
603.526 456.47 490.795 473.545 372.859 510.37 
603.306 456.476 490.456 473.525 372.806 511.56 
603.265 456.479 490.332 473.498 372.736 512.029 
603.199 456.456 490.162 473.456 372.924 513.042 
603.102 456.419 489.963 473.553 373.187 514.515 
603.09 456.409 489.95 473.59 373.295 515.519 
603.096 456.381 489.929 473.707 373.7 516.35 
603.107 456.365 489.927 473.892 374.187 517.793 
603.129 456.351 490.038 474.065 374.815 519.161 
603.127 456.342 490.031 474.09 374.86 519.547 
603.131 456.356 490.141 474.07 375.336 520.419 
603.129 456.356 490.09 474.097 375.596 521.464 
603.108 456.363 490.018 474.246 376.145 522.72 
603.081 456.349 489.937 474.302 376.27 523.364 
603.08 456.343 489.92 474.315 376.48 524.195 
603.064 456.336 489.81 474.605 377.181 525.877 
603.045 456.331 489.786 474.715 377.347 526.45 
603.004 456.31 489.745 474.808 377.467 527.65 
602.932 456.307 489.701 474.878 377.789 528.258 
602.97 456.221 489.636 474.966 378.281 529.276 
602.945 456.222 489.609 474.978 378.374 529.713 
602.91 456.225 489.562 474.961 378.612 530.311 
602.852 456.234 489.386 475.056 379.255 532.059 
602.852 456.234 489.327 475.158 379.832 532.923 
602.801 456.229 489.228 475.309 380.028 534.385 
602.686 456.085 489.142 475.554 381.371 537.087 
602.671 456.081 489.18 475.671 382.033 537.962 
602.653 456.046 489.207 475.892 382.65 539.423 
602.613 456.011 489.214 476.044 383.314 541.116 
602.612 456.005 489.23 476.084 383.667 541.466 
602.598 456.012 489.209 476.122 383.866 541.907 
602.585 456.071 489.183 476.138 384.425 542.976 
602.56 456.097 489.145 476.127 384.891 543.333 
602.542 456.129 489.1 476.179 385.517 544.325 
602.499 456.136 489.017 476.347 386.535 546.434 
602.47 456.13 488.9 476.709 388.678 549.015 
602.447 456.132 489.027 476.715 389.052 549.915 
602.416 456.092 488.995 477.197 390.702 552.177 
602.39 456.056 489.042 477.409 391.72 553.767 
602.341 456.057 489.089 477.722 393.25 555.691 
602.34 456.061 489.066 477.809 393.858 556.165 
602.305 456.075 489.03 477.908 394.438 557.125 
602.275 456.085 488.99 478.087 394.981 557.568 
602.245 456.103 488.935 478.187 395.813 558.686 
602.232 456.106 488.908 478.2 396.176 558.948 
602.232 456.102 488.907 478.222 396.849 559.382 
602.221 456.103 488.904 478.298 397.775 560.495 
602.212 456.115 489.052 478.464 399.05 562.015 
602.214 456.105 489.045 478.505 399.283 562.267 
602.123 456.193 489.063 478.623 400.745 563.549 
602.202 456.127 489.06 478.703 401.659 564.409 
602.086 456.207 488.976 478.878 403.576 566.128 
602.078 456.227 488.919 479.062 404.369 566.81 
602.061 456.228 488.889 479.148 405.613 567.923 
602.056 456.245 488.836 479.221 406.706 568.833 
602.074 456.274 488.802 479.394 409.29 570.89 
602.056 456.283 488.752 479.556 410.228 571.516 
602.031 456.311 488.704 479.825 411.934 572.654 
602.023 456.302 488.706 480.02 414.341 574.425 
602.012 456.298 488.699 480.071 415.266 575.244 
602.011 456.286 488.693 480.201 416.673 576.091 
601.988 456.294 488.63 480.334 418.286 576.946 
601.832 456.327 488.618 480.41 419.961 577.921 
601.847 456.317 488.635 480.429 420.248 577.989 
601.81 456.427 488.61 480.471 421.148 578.839 
601.795 456.432 488.599 480.494 422.042 579.068 
601.75 456.453 488.577 480.528 423.809 580.025 
601.73 456.47 488.694 480.502 424.945 580.183 
601.699 456.47 488.678 480.591 426.232 581.091 
601.68 456.463 488.606 480.714 428.269 582.146 
601.648 456.46 488.501 480.862 430.103 582.537 
601.569 456.474 488.461 480.945 431.408 583.354 
601.659 456.269 488.323 481.19 433.61 584.239 
601.603 456.267 488.256 481.219 434.438 584.41 
601.483 456.284 488.152 481.296 435.8 584.783 
601.411 456.289 488.129 481.319 436.595 585.108 
601.311 456.292 488.01 481.396 438.188 585.613 
601.298 456.297 487.989 481.42 438.984 585.911 
601.265 456.307 487.919 481.468 440.179 586.124 
601.211 456.306 487.799 481.552 442.001 586.683 
601.131 456.32 487.726 481.667 444.405 587.294 
601.104 456.331 487.707 481.683 444.862 587.457 
601.019 456.315 487.59 481.869 446.54 587.769 
600.963 456.314 487.529 481.948 447.685 588.28 
600.765 456.424 487.395 482.128 449.319 588.595 
600.714 456.429 487.357 482.188 449.778 588.956 
600.646 456.359 487.352 482.247 450.415 589.113 
600.561 456.38 487.181 482.49 451.115 589.217 
600.555 456.379 487.184 482.521 451.539 589.175 
600.531 456.49 487.214 482.607 451.595 589.249 
600.552 456.467 487.281 482.727 451.672 589.258 
600.469 456.536 487.356 482.782 451.565 589.259 
600.369 456.513 487.363 482.803 451.361 589.302 
600.387 456.54 487.394 482.77 451.01 589.465 
600.408 456.58 487.429 482.691 450.294 589.866 
600.626 456.642 487.458 482.531 449.5 589.911 
600.67 456.708 487.443 482.502 449.232 589.914 
600.517 456.791 487.41 482.298 448.823 589.761 
600.485 456.812 487.369 482.012 448.958 589.689 
600.382 456.788 487.245 481.814 449.652 589.834 
600.319 456.719 487.195 481.767 450.355 589.841 
600.049 456.734 487.131 481.627 451.459 590.062 
599.75 456.627 486.899 481.643 454.055 590.402 
599.63 456.418 486.759 481.709 455.49 590.695 
599.454 456.367 486.64 481.786 457.303 590.886 
599.255 456.293 486.54 481.893 459.075 591.356 
599.027 456.246 486.459 482.199 461.717 591.498 
598.957 456.218 486.432 482.263 461.967 591.954 
598.933 456.196 486.418 482.337 462.533 592.04 
598.973 456.175 486.431 482.322 462.467 592.166 
598.998 456.164 486.449 482.293 462.326 592.273 
599.054 456.173 486.449 482.214 462.11 592.405 
599.113 456.147 486.449 481.849 461.129 592.3 
599.119 456.019 486.292 481.5 459.383 592.361 
599.105 456.009 486.276 481.451 459.136 592.31 
599.036 455.947 486.239 481.212 457.764 591.998 
598.97 455.773 486.166 481.008 457.188 591.986 
598.695 455.563 486.077 480.849 456.869 592.031 
598.635 455.335 486.081 480.881 457.05 592.038 
598.521 455.208 486.249 480.95 457.565 592.054 
598.444 455.148 486.283 481.097 457.905 592.295 
598.225 455.087 486.138 481.386 458.263 592.55 
598.179 455.049 486.235 481.37 458.566 592.373 
598.106 454.99 486.035 481.413 458.445 592.061 
598.015 454.923 485.992 481.272 457.732 591.731 
598.003 454.965 486.022 481.115 456.908 591.496 
597.984 455.013 486.047 481.051 456.493 591.341 
598.017 455.152 486.048 480.949 455.297 591.025 
598.052 455.206 486.165 480.619 454.066 590.754 
598.18 455.268 486.173 480.395 452.205 590.378 
598.248 455.291 486.201 480.334 451.45 590.068 
598.415 455.387 486.276 480.28 450.102 590.018 
598.489 455.591 486.397 480.228 448.861 589.681 
598.66 455.775 486.558 480.18 447.045 589.298 
598.91 455.813 486.741 480.142 445.404 588.8 
599.047 455.829 486.844 480.099 443.983 588.42 
599.2 455.958 486.912 480.115 441.134 587.505 
599.321 455.97 487.0 480.191 440.013 586.87 
599.389 455.992 487.081 480.486 437.656 586.581 
599.596 456.021 487.233 480.748 434.317 585.629 
599.663 456.074 487.163 480.794 430.787 584.56 
599.743 456.091 487.06 480.696 429.23 583.909 
599.861 456.097 486.835 480.351 426.795 582.676 
600.082 456.071 486.807 479.959 423.451 580.817 
600.27 456.073 486.821 479.741 419.038 578.953 
600.388 456.069 486.842 479.712 418.477 578.419 
600.6 456.072 486.901 479.67 415.578 576.891 
600.62 456.195 486.945 479.65 411.898 574.611 
600.632 456.195 486.987 479.491 411.21 574.289 
600.824 456.101 486.944 479.308 408.526 572.265 
600.86 456.095 486.885 479.073 406.909 570.624 
600.922 456.097 486.812 478.887 403.801 568.57 
600.976 456.077 486.807 478.849 402.918 567.445 
600.963 456.084 486.86 478.777 401.204 566.216 
600.998 456.077 486.976 478.595 398.734 564.204 
600.965 456.086 486.996 478.553 397.941 563.144 
601.002 456.072 487.038 478.475 396.528 561.797 
601.036 456.044 486.918 478.2 393.968 559.279 
601.049 456.04 486.87 478.133 392.778 558.044 
601.076 456.042 486.789 477.97 391.065 556.287 
601.129 456.085 486.52 477.612 388.389 552.967 
601.164 456.086 486.493 477.468 387.236 551.564 
601.289 456.115 486.422 477.261 385.896 549.434 
601.388 456.12 486.342 476.766 383.241 545.727 
601.463 456.116 486.264 476.43 382.463 543.858 
601.597 456.08 486.305 476.065 380.726 541.085 
601.82 456.072 486.384 475.491 378.74 536.608 
601.926 456.088 486.507 474.991 377.005 533.132 
601.925 456.211 486.551 474.439 375.719 529.508 
602.129 456.393 486.56 473.624 373.855 524.6 
602.258 456.453 486.464 473.024 372.496 520.605 
602.372 456.487 486.492 472.339 370.327 516.809 
602.495 456.628 486.578 471.188 368.176 510.218 
600 458 487 471 371 507 
602.558 456.681 486.468 469.973 367.101 504.384 
602.511 456.69 486.516 469.262 366.723 500.085 
602.482 456.701 486.462 469.002 366.461 498.96 
602.454 456.692 486.411 468.64 366.337 497.655 
602.456 456.642 486.452 468.214 366.422 495.65 
602.453 456.642 486.478 468.005 366.186 495.236 
602.477 456.628 486.687 467.547 366.052 493.899 
602.553 456.646 486.806 467.171 365.929 491.449 
602.615 456.67 486.895 466.992 365.978 490.25 
602.678 456.717 487.183 466.548 366.057 488.155 
602.805 456.777 487.384 465.32 365.701 484.712 
602.846 456.805 487.505 464.936 365.764 483.033 
602.885 456.843 487.547 464.197 365.79 481.208 
602.949 456.942 487.718 463.518 365.314 479.887 
602.942 457.088 487.618 462.815 365.338 477.68 
602.973 456.991 487.577 462.618 365.47 476.611 
602.96 457.025 487.599 462.312 365.493 475.822 
602.964 457.061 487.63 462.018 364.993 475.204 
602.919 457.202 487.582 461.906 364.625 475.034 
602.911 457.259 487.493 461.579 365.221 474.062 
602.972 457.314 487.359 461.405 365.043 473.765 
602.975 457.341 487.295 461.35 364.609 473.746 
603.122 457.333 487.115 461.303 364.707 473.214 
603.222 457.393 487.218 461.232 364.614 473.079 
603.27 457.424 487.303 461.215 364.666 473.001 
603.153 457.596 487.439 461.24 364.665 472.939 
603.204 457.883 487.67 461.339 364.686 472.581 
603.338 457.997 487.783 461.359 364.862 472.138 
603.502 458.256 487.9 461.368 365.294 471.766 
603.808 458.362 488.051 461.675 365.236 471.643 
604.155 458.626 488.156 462.391 365.866 471.741 
604.169 458.72 488.171 462.546 365.86 472.096 
604.378 458.883 488.559 463.441 366.025 472.716 
604.556 458.891 488.946 464.415 366.294 473.392 
604.714 458.717 489.609 465.138 366.867 474.506 
604.8 458.641 489.758 465.149 367.023 475.085 
604.783 458.545 489.758 465.275 367.297 475.773 
604.723 458.228 489.697 465.65 367.65 477.594 
604.684 458.165 489.613 465.81 367.372 478.35 
604.568 458.094 489.343 466.053 367.311 479.131 
604.293 457.948 488.966 466.113 367.269 479.793 
604.2 457.927 488.874 466.048 367.169 479.781 
604.195 457.936 488.865 466.003 366.72 479.637 
604.224 458.002 489.024 465.832 367.344 479.447 
604.303 457.979 489.196 466.004 367.798 479.934 
604.568 457.933 489.637 466.769 367.953 481.681 
604.819 457.879 490.076 467.928 368.995 484.186 
604.852 457.858 490.139 468.136 368.801 485.816 
604.826 457.79 490.17 468.678 368.948 487.386 
604.735 457.663 490.32 469.562 370.049 489.073 
604.63 457.646 490.355 469.743 369.985 489.912 
604.524 457.582 490.411 469.89 370.658 490.344 
604.374 457.495 490.495 470.114 370.57 491.314 
604.322 457.459 490.502 470.269 370.538 492.182 
604.326 457.436 490.453 470.376 370.683 493.014 
604.343 457.426 490.325 470.797 370.832 494.571 
604.365 457.434 490.387 470.901 370.82 495.321 
604.397 457.42 490.233 471.087 371.084 496.26 
604.43 457.424 490.227 470.962 371.004 498.478 
604.426 457.434 490.158 471.049 371.319 499.119 
604.396 457.444 490.016 471.3 371.126 500.999 
604.263 457.47 489.702 471.714 372.362 503.827 
604.196 457.465 489.561 471.628 372.516 505.072 
604.09 457.454 489.299 471.989 372.738 506.938 
604.02 457.44 489.127 472.334 373.143 508.431 
603.94 457.419 488.992 472.658 373.488 510.468 
603.933 457.433 488.96 472.67 373.697 511.172 
603.926 457.433 488.94 472.675 374.072 512.209 
603.898 457.457 488.88 472.964 374.47 513.563 
603.846 457.463 488.869 473.273 375.185 515.791 
603.88 457.475 488.879 473.29 375.435 516.449 
603.885 457.47 488.904 473.464 375.963 518.494 
603.879 457.465 488.916 473.79 376.645 520.205 
603.877 457.464 488.886 474.076 377.939 523.205 
603.865 457.475 488.789 474.232 378.401 524.368 
603.867 457.457 488.716 474.358 379.38 526.194 
603.825 457.446 488.581 474.543 379.854 528.645 
603.853 457.343 488.55 474.624 380.735 530.255 
603.937 457.283 488.604 474.65 381.334 531.827 
603.858 457.332 488.417 474.724 382.546 534.711 
603.833 457.35 488.338 474.786 383.165 535.815 
603.797 457.352 488.215 474.918 384.013 537.641 
603.747 457.369 488.05 475.566 385.789 540.74 
603.72 457.386 487.951 475.741 386.46 542.109 
603.696 457.396 487.971 475.959 387.61 544.004 
603.694 457.39 487.982 476.313 389.009 545.753 
603.684 457.389 488.28 476.587 390.738 548.483 
603.692 457.402 488.337 476.722 391.546 549.619 
603.695 457.42 488.247 476.921 392.731 551.047 
603.696 457.429 488.24 477.263 394.26 553.161 
603.697 457.43 488.286 477.464 395.018 553.909 
603.681 457.461 488.334 477.712 395.953 554.957 
603.66 457.48 488.376 477.997 397.149 556.44 
603.448 457.575 488.447 478.136 398.934 558.207 
603.443 457.581 488.342 478.175 399.34 558.682 
603.418 457.59 488.315 478.37 400.674 560.188 
603.413 457.583 488.291 478.509 401.982 561.364 
603.384 457.575 488.399 478.607 403.754 563.472 
603.375 457.566 488.362 478.644 404.816 564.123 
603.359 457.579 488.271 478.818 405.929 565.401 
603.356 457.587 488.229 478.932 407.819 566.847 
603.345 457.593 488.157 479.019 409.089 568.03 
603.336 457.615 488.107 479.245 410.758 569.102 
603.311 457.619 488.099 479.364 412.578 570.353 
603.287 457.604 488.062 479.535 415.111 572.098 
603.284 457.6 488.111 479.736 417.805 573.809 
603.282 457.604 488.127 479.844 419.343 574.569 
603.281 457.586 488.12 480.013 421.842 576.245 
603.261 457.596 488.038 480.309 425.408 577.888 
603.228 457.603 488.026 480.349 426.18 578.29 
603.067 457.586 488.006 480.539 428.987 579.672 
602.98 457.581 487.945 480.61 430.904 580.457 
602.897 457.582 487.77 480.701 433.655 581.494 
602.779 457.547 487.667 480.817 435.627 582.16 
602.686 457.543 487.582 480.913 437.447 582.974 
602.672 457.478 487.467 481.108 440.277 583.889 
602.637 457.479 487.479 481.19 441.146 584.274 
602.564 457.466 487.435 481.272 442.392 584.588 
602.476 457.472 487.402 481.285 443.571 584.7 
602.304 457.479 487.274 481.357 444.998 585.16 
602.244 457.472 487.154 481.396 445.633 585.114 
601.951 457.556 487.021 481.384 446.144 585.145 
601.77 457.549 486.772 481.348 447.128 585.053 
601.617 457.561 486.444 481.261 448.183 585.068 
601.59 457.556 486.387 481.233 448.464 585.063 
601.59 457.394 486.21 481.156 449.492 585.109 
601.491 457.392 486.088 481.133 450.384 585.027 
601.315 457.407 485.994 481.122 451.818 585.219 
601.241 457.387 485.957 481.158 452.695 585.289 
601.162 457.39 485.889 481.205 453.533 585.379 
601.072 457.385 485.808 481.26 454.614 585.355 
600.894 457.378 485.766 481.424 455.759 585.848 
600.818 457.371 485.758 481.532 456.195 585.871 
600.762 457.316 485.804 481.646 456.824 585.847 
600.639 457.337 485.769 481.817 457.11 585.894 
600.49 457.43 485.803 481.872 457.022 585.92 
600.485 457.416 485.855 481.899 456.697 585.927 
600.475 457.404 485.895 482.023 455.878 585.946 
600.634 457.362 485.992 481.865 455.357 585.868 
600.695 457.39 486.069 481.915 455.056 585.678 
600.735 457.448 486.102 481.958 454.673 585.644 
600.753 457.458 486.064 482.038 454.668 585.506 
600.738 457.467 486.039 482.053 454.648 585.525 
600.627 457.533 485.999 482.101 454.531 585.9 
600.556 457.527 485.968 482.186 454.459 585.983 
600.551 457.531 485.972 482.209 454.37 586.012 
600.566 457.508 486.016 482.292 453.501 586.276 
600.57 457.486 486.049 482.281 452.761 586.338 
600.67 457.372 486.111 482.246 451.666 586.533 
600.687 457.363 486.154 482.204 451.238 586.53 
600.744 457.337 486.21 482.196 450.527 586.729 
600.835 457.272 486.377 482.303 449.341 586.891 
600.89 457.213 486.507 482.292 448.915 587.036 
600.938 457.125 486.659 482.338 448.507 586.814 
600.95 456.773 486.805 482.492 448.018 586.932 
600.912 456.674 486.926 482.517 447.857 587.023 
600.657 456.536 486.962 482.628 447.771 587.3 
600.349 456.443 486.826 482.525 447.879 587.595 
599.842 456.101 486.638 482.701 448.648 588.052 
599.736 456.04 486.577 482.721 449.146 588.022 
599.556 455.973 486.474 482.643 450.365 587.91 
599.471 455.933 486.422 482.62 451.556 588.277 
599.478 455.968 486.371 482.568 451.351 588.21 
599.499 456.038 486.306 482.405 450.638 587.731 
599.581 456.137 486.259 482.116 449.654 587.226 
599.576 456.237 486.254 481.993 448.589 586.427 
599.577 456.257 486.242 481.984 448.372 586.409 
599.757 456.227 486.352 481.71 447.85 586.444 
599.86 456.217 486.404 481.586 447.349 586.496 
599.835 456.511 486.487 481.524 446.117 586.51 
600.041 456.564 486.535 481.55 444.724 586.129 
600.311 456.506 486.545 481.553 442.706 586.106 
600.575 456.562 486.617 481.489 440.008 585.337 
600.645 456.595 486.776 481.494 437.363 584.577 
600.836 456.697 486.927 481.699 434.478 583.751 
601.07 456.773 487.16 481.875 430.527 582.438 
601.271 457.008 487.298 481.976 427.485 580.959 
601.514 457.037 487.5 482.096 424.17 579.783 
601.72 457.127 487.626 482.154 420.3 577.805 
602.021 457.068 487.644 482.149 417.748 576.142 
602.182 457.079 487.621 482.027 415.171 574.689 
602.297 457.11 487.452 481.801 411.299 572.259 
602.328 457.12 487.413 481.724 409.859 571.353 
602.369 457.139 487.381 481.539 407.648 569.573 
602.484 457.167 487.338 481.151 403.676 566.685 
602.51 457.178 487.277 481.057 402.182 565.255 
602.591 457.189 486.927 480.911 399.399 563.302 
602.679 457.364 486.739 480.245 395.465 558.922 
602.7 457.37 486.682 480.037 394.472 558.164 
602.769 457.464 486.568 479.538 391.399 554.725 
602.872 457.492 486.513 479.191 388.185 550.481 
602.878 457.489 486.478 479.135 387.582 549.824 
602.851 457.494 486.534 478.774 385.324 546.757 
602.873 457.488 486.6 478.155 383.227 543.271 
602.866 457.479 486.557 478.063 383.222 542.484 
602.906 457.473 486.436 477.592 381.669 539.906 
603.145 457.45 486.471 477.124 380.22 537.617 
603.193 457.462 486.439 476.77 379.705 536.033 
603.289 457.457 486.415 476.152 378.338 533.151 
603.378 457.477 486.323 475.522 376.627 529.27 
603.383 457.47 486.299 475.425 376.481 528.34 
603.575 457.403 486.373 474.999 375.193 525.068 
603.569 457.397 486.365 474.413 373.607 520.684 
603.41 457.486 486.338 474.303 373.086 520.058 
603.574 457.39 486.288 473.436 372.094 516.31 
603.42 457.488 486.288 472.656 370.642 513.905 
603.598 457.38 486.061 471.486 369.875 509.617 
603.625 457.368 485.914 470.534 368.664 506.197 
603.656 457.379 485.93 469.555 368.662 502.543 
603.7 457.43 485.988 468.151 366.929 497.389 
603.676 457.471 485.849 467.719 366.797 495.307 
603.669 457.487 485.938 467.08 366.679 492.192 
603.66 457.506 485.937 466.406 366.728 489.426 
603.482 457.749 486.104 465.291 365.569 486.509 
603.67 457.67 486.226 464.786 365.787 484.822 
603.777 457.7 486.377 464.254 365.752 482.894 
603.868 457.784 486.568 463.28 365.831 479.738 
603.887 457.816 486.721 462.81 366.161 477.907 
603.904 457.846 486.807 461.83 365.875 475.603 
603.966 457.841 487.113 459.818 366.228 470.512 
603.955 457.855 487.179 458.991 366.368 468.703 
603.965 457.832 487.303 457.887 365.813 466.419 
604.0 457.894 487.186 457.026 365.605 463.965 
603.933 458.037 486.969 456.959 365.422 463.605 
603.936 458.044 486.944 457.079 365.347 463.831 
603.908 458.034 487.028 458.081 365.86 465.288 
603.869 458.048 487.045 459.104 365.762 467.281 
603.874 458.019 487.107 460.825 366.049 470.621 
603.914 457.994 487.264 461.236 366.274 471.598 
603.927 458.014 487.396 461.86 366.522 472.93 
604.019 458.123 487.548 462.231 366.652 473.035 
604.085 458.175 487.743 461.732 367.378 471.289 
604.096 458.204 487.777 461.472 366.762 471.024 
604.108 458.24 487.785 461.266 367.382 469.835 
604.09 458.424 487.936 461.338 367.42 469.628 
604.123 458.44 488.071 461.652 367.371 470.09 
604.175 458.459 487.942 462.443 367.368 471.142 
604.253 458.464 488.117 463.485 367.211 473.327 
604.381 458.515 488.219 464.88 367.117 476.28 
604.419 458.531 488.235 465.198 367.509 476.56 
604.507 458.598 488.482 466.035 368.119 477.806 
604.567 458.615 488.722 466.439 368.017 479.087 
604.749 458.62 489.09 466.647 368.818 479.091 
604.794 458.62 489.186 466.7 368.881 479.054 
604.913 458.617 489.295 466.759 368.919 478.965 
604.905 458.559 489.262 466.822 368.8 479.053 
604.86 458.55 489.135 466.877 368.751 479.162 
604.73 458.489 489.012 466.974 368.16 479.654 
604.656 458.357 488.831 467.211 368.762 479.837 
604.574 458.305 488.79 467.589 368.398 481.371 
604.577 458.273 488.886 467.697 368.47 481.589 
604.592 458.256 489.019 467.921 368.864 481.689 
604.65 458.117 489.401 467.826 369.179 481.661 
604.715 458.061 489.368 467.907 369.257 481.571 
604.777 458.116 489.554 467.899 369.483 481.339 
604.795 458.142 489.686 467.708 369.516 481.164 
604.858 458.111 489.705 467.275 369.359 481.127 
604.882 458.105 489.627 467.222 369.409 481.096 
604.943 458.124 489.637 467.165 369.775 481.588 
604.961 458.119 489.837 467.591 369.752 482.825 
605.022 458.042 490.086 468.175 369.941 484.798 
605.023 458.012 490.086 468.267 370.391 485.457 
604.974 457.989 490.009 468.514 370.68 486.569 
604.878 457.984 490.053 469.011 370.735 487.707 
604.777 457.77 489.95 469.496 371.332 489.436 
604.763 457.727 489.913 469.733 371.316 490.039 
604.72 457.684 489.875 469.909 371.396 491.144 
604.63 457.628 489.743 470.344 371.302 492.898 
604.572 457.588 489.581 470.644 372.059 494.933 
604.562 457.585 489.549 470.66 371.995 495.507 
604.507 457.565 489.498 471.008 372.645 497.228 
604.475 457.553 489.366 471.35 372.864 498.616 
604.516 457.515 489.196 471.452 373.313 501.542 
604.508 457.502 489.136 471.482 373.339 502.863 
604.523 457.528 489.082 471.882 373.717 504.918 
604.517 457.538 488.869 472.606 374.222 508.703 
604.498 457.545 488.822 472.723 374.438 510.11 
604.452 457.544 488.836 472.799 374.993 512.139 
604.361 457.501 488.629 473.153 375.43 514.004 
604.092 457.396 488.438 473.516 376.104 516.794 
603.999 457.447 488.321 473.651 376.462 517.485 
603.91 457.429 488.044 473.703 376.647 519.055 
603.795 457.426 487.924 473.76 377.465 520.822 
603.806 457.454 487.782 473.845 378.748 523.388 
603.776 457.455 487.769 473.883 379.069 524.11 
603.829 457.487 487.715 474.086 380.28 527.076 
603.839 457.506 487.768 474.447 381.364 529.281 
603.865 457.509 487.811 474.799 382.954 532.52 
603.881 457.511 487.81 475.206 384.208 534.713 
603.872 457.506 487.878 475.563 385.304 536.815 
603.814 457.517 487.866 476.331 387.1 540.162 
603.892 457.503 488.002 476.422 387.617 541.258 
603.829 457.512 488.015 476.638 388.464 542.875 
603.784 457.414 487.961 476.907 389.282 544.383 
603.698 457.414 487.871 477.296 390.639 546.796 
603.687 457.423 487.845 477.42 391.27 547.712 
603.654 457.429 487.837 477.561 392.39 549.123 
603.662 457.443 487.847 477.767 393.787 551.119 
603.713 457.453 487.863 478.008 396.016 554.074 
603.697 457.591 487.872 478.077 396.537 554.507 
603.698 457.617 487.963 478.435 398.778 556.682 
603.678 457.626 487.901 478.737 400.212 558.742 
603.458 457.731 487.944 479.047 403.166 561.768 
603.455 457.598 487.957 479.145 404.552 562.801 
603.41 457.599 487.972 479.313 406.264 564.617 
603.361 457.618 487.913 479.664 408.428 566.391 
603.292 457.623 487.903 480.148 411.276 568.865 
603.276 457.635 487.863 480.26 412.391 569.942 
603.253 457.644 487.841 480.485 413.979 571.289 
603.248 457.642 487.916 480.692 416.642 572.833 
603.226 457.636 487.916 480.756 417.49 573.385 
603.224 457.608 487.927 480.79 418.628 574.062 
603.2 457.608 487.916 480.765 420.06 574.98 
603.157 457.605 487.827 480.789 422.472 575.819 
603.136 457.612 487.802 480.797 422.561 576.231 
603.135 457.593 487.702 480.794 424.874 577.167 
602.999 457.587 487.631 480.836 426.743 577.814 
602.834 457.589 487.696 480.952 430.238 579.745 
602.776 457.599 487.681 481.061 431.881 580.358 
602.706 457.603 487.585 481.203 434.105 581.5 
602.649 457.592 487.313 481.515 436.422 582.461 
602.573 457.517 487.086 481.819 439.748 583.832 
602.59 457.513 486.982 481.862 441.09 584.054 
602.522 457.513 486.843 481.925 442.651 584.651 
602.385 457.523 486.561 481.914 444.727 585.342 
602.279 457.553 486.456 482.006 445.604 585.445 
601.961 457.658 486.457 482.149 446.72 585.543 
601.563 457.722 486.34 482.422 447.814 586.084 
601.422 457.61 486.043 482.441 448.967 586.218 
601.407 457.598 485.98 482.436 449.294 586.207 
601.306 457.62 485.798 482.497 449.786 586.557 
601.248 457.616 485.858 482.59 450.428 586.658 
601.138 457.615 485.907 482.795 450.955 586.687 
601.116 457.689 485.911 482.834 451.185 586.651 
601.059 457.635 485.872 482.818 451.634 586.538 
601.058 457.705 485.817 482.772 452.138 586.37 
600.907 457.838 485.802 482.793 452.319 586.414 
600.776 457.707 485.819 482.827 452.625 586.413 
600.687 457.62 485.859 482.894 453.475 586.408 
600.653 457.615 485.865 482.935 453.8 586.414 
600.607 457.613 485.884 483.018 454.085 586.661 
600.508 457.614 485.795 483.124 454.715 586.72 
600.458 457.621 485.755 483.132 454.917 586.729 
600.474 457.552 485.825 483.156 455.295 586.684 
600.463 457.508 485.835 483.197 455.25 586.791 
600.401 457.479 485.848 483.2 455.348 586.78 
600.454 457.456 485.882 483.175 454.937 586.856 
600.464 457.452 485.812 483.196 454.543 586.939 
600.538 457.465 485.885 483.056 453.997 586.836 
600.552 457.474 485.86 483.033 453.647 586.747 
600.559 457.466 485.815 482.996 453.176 586.775 
600.537 457.438 485.766 483.011 452.925 586.606 
600.468 457.352 485.807 483.118 452.831 586.78 
600.532 457.274 485.954 483.081 452.84 586.805 
600.431 457.22 485.807 483.282 452.861 586.898 
600.403 457.033 485.825 483.315 452.824 587.055 
600.395 456.9 486.013 483.298 452.851 587.529 
600.406 456.823 486.071 483.316 452.393 587.931 
600.39 456.687 486.22 483.306 452.12 588.45 
600.334 456.548 486.382 483.419 452.155 588.741 
600.053 456.178 486.582 483.57 451.622 588.883 
599.812 456.185 486.608 483.59 451.364 588.887 
599.706 456.13 486.569 483.644 451.008 588.856 
599.514 456.044 486.454 483.837 451.004 588.711 
599.416 456.001 486.409 483.865 451.024 588.747 
599.511 455.895 486.295 483.929 451.531 588.745 
599.502 455.877 486.312 483.723 451.131 588.743 
599.399 455.977 486.341 483.656 450.492 588.332 
599.435 456.007 486.439 483.597 449.833 588.004 
599.488 456.142 486.425 483.562 448.007 587.677 
599.548 456.202 486.417 483.524 446.441 586.995 
599.676 456.295 486.442 483.501 444.05 586.473 
599.876 456.595 486.438 483.424 442.175 585.985 
600.362 456.597 486.446 483.247 439.791 585.385 
600.754 456.82 486.383 483.057 436.653 584.416 
601.019 456.93 486.453 482.849 434.178 583.419 
601.157 457.079 486.515 482.728 431.426 582.434 
601.647 457.13 486.626 482.641 426.397 580.586 
601.952 457.052 486.638 482.62 424.446 579.772 
602.194 457.086 486.625 482.582 421.46 578.52 
602.271 457.258 486.565 482.309 417.788 576.235 
602.405 457.278 486.54 481.815 414.852 574.562 
602.501 457.28 486.395 481.4 412.012 572.466 
602.626 457.272 486.006 480.695 407.473 569.037 
602.688 457.271 485.928 480.452 405.703 567.526 
602.701 457.351 485.865 480.058 402.899 565.055 
602.766 457.397 485.838 479.536 399.982 562.894 
602.788 457.404 485.785 479.19 395.589 558.742 
602.807 457.415 485.781 478.942 394.186 557.031 
602.796 457.478 485.768 478.69 392.178 554.576 
602.853 457.492 485.768 478.228 389.387 551.286 
602.974 457.513 485.581 477.666 386.108 547.133 
602.999 457.517 485.531 477.578 385.582 546.438 
603.057 457.507 485.297 477.242 383.313 542.968 
603.077 457.515 485.146 476.73 381.785 540.0 
603.21 457.506 485.072 476.035 379.525 536.078 
603.18 457.52 485.017 475.586 377.91 532.92 
603.18 457.504 484.988 474.83 376.239 529.485 
603.16 457.476 484.808 473.948 374.502 524.657 
603.133 457.488 484.728 473.308 373.014 521.257 
603.034 457.47 484.698 472.248 371.073 517.786 
602.905 457.469 484.62 470.605 369.791 511.19 
603.022 457.461 484.671 469.877 369.408 508.381 
603.132 457.481 484.727 468.741 368.235 504.764 
603.204 457.504 484.738 467.468 367.226 499.718 
603.245 457.517 484.795 466.562 367.189 495.783 
603.297 457.536 485.088 465.615 366.274 493.034 
603.378 457.556 485.366 464.475 366.188 489.039 
603.436 457.561 485.491 463.77 365.889 486.484 
603.617 457.465 485.578 462.888 365.942 483.934 
603.625 457.417 485.885 461.583 365.837 480.236 
603.623 457.405 486.001 461.075 365.971 478.143 
603.628 457.401 486.18 459.677 365.316 474.512 
603.656 457.423 486.344 458.247 365.925 469.468 
603.649 457.434 486.379 458.013 365.835 468.828 
603.684 457.443 486.594 456.678 365.838 465.325 
603.71 457.448 486.759 456.046 365.389 463.799 
603.743 457.436 486.823 455.317 366.006 461.43 
603.763 457.424 486.817 455.264 366.264 460.666 
603.796 457.466 486.841 455.21 366.329 460.325 
603.787 457.442 486.834 455.137 365.928 460.47 
603.722 457.434 486.759 455.297 366.551 460.375 
603.679 457.459 486.74 455.42 366.649 460.456 
603.62 457.47 486.812 455.649 366.534 460.993 
603.642 457.471 487.028 456.422 366.449 461.717 
603.67 457.507 487.08 456.768 366.743 462.034 
603.797 457.684 487.226 457.019 366.892 462.343 
604.027 457.75 487.38 457.627 367.447 463.051 
604.145 457.822 487.456 457.9 366.828 463.871 
604.35 457.943 487.583 458.317 367.071 464.416 
604.528 458.224 487.692 459.077 367.532 465.315 
604.725 458.525 487.937 460.183 368.278 466.288 
604.78 458.613 488.058 460.451 368.346 466.444 
604.977 458.807 488.238 461.276 367.844 467.859 
605.098 458.852 488.414 462.168 368.294 468.816 
605.366 458.983 488.96 463.245 368.726 470.643 
605.447 459.071 489.092 463.605 368.94 471.105 
605.585 459.142 489.118 464.178 368.831 472.343 
605.642 459.201 489.139 464.306 368.763 472.772 
605.638 459.252 489.012 464.261 368.665 472.773 
605.606 459.264 488.775 464.147 368.708 472.52 
605.509 459.26 488.728 463.666 368.161 471.954 
605.402 459.232 488.312 463.216 368.007 470.939 
605.428 459.326 488.411 462.984 368.137 469.793 
605.448 459.343 488.539 462.944 368.197 469.623 
605.596 459.387 488.954 463.014 369.059 468.882 
605.764 459.35 489.304 463.383 369.647 469.314 
606.0 459.26 489.525 464.191 369.744 471.331 
606.084 459.2 489.563 464.379 369.556 472.395 
606.057 459.086 489.457 464.697 369.372 473.837 
605.954 458.969 489.155 465.081 369.415 474.881 
605.578 458.897 488.817 465.317 369.207 475.816 
605.604 458.832 488.692 465.299 369.181 475.849 
605.522 458.843 488.476 465.137 368.599 475.648 
605.609 458.868 488.459 464.816 368.516 475.187 
605.838 458.846 488.525 465.191 369.716 477.96 
605.869 458.834 488.638 465.556 369.229 478.937 
606.006 458.81 488.825 467.073 370.012 481.593 
605.919 458.833 488.922 467.794 369.849 484.431 
605.969 458.593 489.121 468.63 371.004 488.127 
605.964 458.533 489.244 468.927 371.077 489.956 
605.931 458.494 489.011 469.885 371.295 492.448 
605.88 458.471 489.031 470.422 371.571 494.79 
605.819 458.201 488.886 471.276 371.918 498.209 
605.775 458.134 488.812 471.384 372.583 498.818 
605.677 458.094 488.635 471.371 372.779 500.757 
605.313 458.163 488.221 471.509 373.49 504.78 
605.227 458.162 488.006 471.831 373.704 506.708 
604.994 458.131 487.856 472.401 374.354 509.732 
604.883 458.035 487.391 472.954 375.293 513.254 
604.843 458.004 487.23 473.284 376.167 516.883 
604.829 457.992 487.248 473.34 376.327 517.281 
604.821 458.011 487.253 473.603 376.965 519.008 
604.783 458.013 487.348 473.653 377.326 520.078 
604.79 457.859 487.122 473.75 377.923 521.592 
604.751 457.849 487.037 473.69 378.286 522.622 
604.688 457.878 486.885 473.648 379.043 524.129 
604.668 457.85 486.729 473.878 379.704 526.262 
604.601 457.823 486.721 474.411 381.569 529.509 
604.594 457.794 486.725 474.75 382.29 530.835 
604.617 457.764 486.81 475.084 383.361 532.772 
604.709 457.767 486.843 475.845 384.762 535.837 
604.703 457.796 486.866 475.982 385.409 536.537 
604.605 457.758 486.865 476.123 386.182 537.951 
604.512 457.734 486.823 476.398 387.138 539.538 
604.381 457.745 486.775 476.57 388.282 541.453 
604.375 457.738 486.764 476.612 388.55 541.705 
604.335 457.715 486.782 476.768 389.525 543.189 
604.354 457.709 486.842 476.892 390.511 544.099 
604.421 457.694 486.931 477.071 391.745 545.813 
604.408 457.725 486.92 477.231 392.222 546.869 
604.438 457.731 486.946 477.361 393.358 548.06 
604.517 457.773 487.039 477.693 395.237 550.535 
604.506 457.806 487.061 477.82 395.88 551.792 
604.505 457.84 487.061 478.037 397.337 553.349 
604.51 457.861 487.151 478.579 399.547 555.775 
604.523 457.85 487.196 478.758 400.254 557.033 
604.508 457.858 487.214 479.054 401.519 558.496 
604.471 457.876 487.261 479.523 403.384 560.397 
604.472 457.881 487.297 479.601 404.017 560.882 
604.442 457.892 487.337 479.727 404.83 561.904 
604.405 457.905 487.357 479.793 406.18 562.994 
604.383 457.895 487.364 479.79 406.684 563.338 
604.356 457.874 487.321 479.8 407.302 563.865 
604.377 457.914 487.258 479.767 409.452 565.191 
604.37 457.92 487.181 479.768 410.346 566.184 
604.378 457.949 487.055 479.878 412.162 567.498 
604.386 457.967 487.097 480.028 414.091 568.987 
604.396 457.963 487.316 480.597 417.891 571.549 
604.403 457.942 487.398 480.734 419.492 572.407 
604.389 457.938 487.444 480.867 422.066 573.728 
604.365 457.94 487.277 480.957 425.543 575.569 
604.305 457.97 487.133 480.992 427.042 576.453 
604.055 458.003 486.847 481.102 429.438 577.461 
603.896 458.016 486.731 481.264 432.251 578.785 
603.789 457.986 486.689 481.459 435.022 579.983 
603.712 457.975 486.636 481.525 436.28 580.709 
603.439 457.95 486.378 481.66 438.778 581.677 
603.351 457.82 486.323 481.726 441.364 582.705 
603.298 457.819 486.307 481.749 442.048 582.743 
603.182 457.695 486.203 481.976 444.071 583.284 
603.032 457.793 486.104 482.119 444.98 583.568 
602.736 457.671 486.014 482.235 447.065 584.203 
602.661 457.663 485.98 482.271 448.038 584.355 
602.543 457.646 485.921 482.36 449.424 584.685 
602.472 457.524 485.861 482.472 451.004 585.038 
602.357 457.457 485.741 482.665 453.682 585.603 
602.227 457.44 485.681 482.739 454.561 585.7 
601.954 457.507 485.614 482.854 456.023 585.837 
601.71 457.488 485.535 483.159 457.236 586.317 
601.594 457.363 485.46 483.258 458.197 586.41 
601.552 457.362 485.441 483.282 458.305 586.466 
601.483 457.367 485.406 483.328 458.387 586.472 
601.498 457.362 485.411 483.324 458.326 586.349 
601.532 457.383 485.574 483.24 457.989 586.277 
601.549 457.41 485.6 483.243 457.831 586.238 
601.531 457.554 485.632 483.243 457.639 586.147 
601.545 457.564 485.671 483.244 457.482 586.097 
601.527 457.55 485.748 483.345 457.41 586.083 
601.498 457.548 485.727 483.365 457.485 586.111 
601.507 457.415 485.706 483.382 457.499 586.097 
601.54 457.366 485.641 483.574 457.417 586.116 
601.492 457.343 485.68 483.637 457.305 586.105 
601.459 457.34 485.717 483.769 456.979 586.102 
601.43 457.348 485.819 483.87 456.342 586.033 
601.411 457.361 485.879 483.908 455.417 586.024 
601.377 457.401 485.953 483.922 454.287 586.236 
601.312 457.434 486.052 483.891 452.596 586.396 
601.315 457.425 486.047 483.892 452.064 586.506 
601.31 457.399 486.028 483.853 451.467 586.734 
601.229 457.379 486.025 483.816 451.418 586.829 
601.188 457.327 486.056 483.809 451.921 587.049 
601.169 457.325 486.065 483.823 452.059 587.268 
601.089 457.295 486.088 483.874 452.969 587.646 
601.049 457.253 486.065 483.916 453.638 587.77 
600.947 457.185 486.042 483.934 454.753 587.844 
600.928 457.171 486.058 483.932 454.985 588.076 
600.871 457.139 486.079 483.969 455.361 588.44 
600.819 457.073 486.117 484.067 455.767 588.955 
600.74 456.899 486.248 484.201 456.069 589.33 
600.648 456.853 486.261 484.224 456.483 589.561 
600.523 456.794 486.302 484.323 456.673 590.234 
600.499 456.76 486.315 484.387 456.807 590.365 
600.42 456.728 486.325 484.483 456.849 590.587 
600.306 456.678 486.318 484.564 456.841 590.733 
600.246 456.631 486.322 484.628 456.661 590.831 
600.234 456.598 486.305 484.629 456.543 590.833 
600.057 456.663 486.292 484.669 456.34 590.818 
600.066 456.629 486.331 484.652 456.025 590.787 
600.283 456.519 486.362 484.6 455.642 590.727 
600.29 456.503 486.35 484.609 455.385 590.744 
600.369 456.476 486.373 484.521 454.942 590.781 
600.452 456.448 486.382 484.461 454.751 590.675 
600.59 456.341 486.415 484.422 454.589 590.877 
600.644 456.323 486.442 484.412 454.572 590.943 
600.566 456.323 486.453 484.406 454.636 591.014 
600.58 456.289 486.513 484.411 454.658 591.134 
600.573 456.291 486.488 484.408 454.576 591.304 
600.597 456.269 486.507 484.376 454.45 591.43 
600.645 456.245 486.506 484.34 454.24 591.48 
600.654 456.24 486.525 484.344 454.375 591.375 
600.646 456.221 486.54 484.37 454.177 591.374 
600.578 456.051 486.536 484.43 453.681 591.095 
600.549 456.04 486.541 484.46 453.511 591.079 
