667.541 464.552 573.851 479.295 560.861 556.878 
667.546 464.55 573.858 479.292 560.857 556.87 
667.556 464.545 573.85 479.291 560.847 556.888 
667.563 464.552 573.866 479.289 560.803 556.918 
667.578 464.557 573.858 479.3 560.78 556.952 
667.55 464.541 573.865 479.29 560.769 556.904 
667.547 464.541 573.862 479.285 560.749 556.862 
667.544 464.54 573.851 479.279 560.737 556.857 
667.547 464.547 573.868 479.272 560.723 556.842 
667.556 464.552 573.863 479.252 560.694 556.817 
667.563 464.538 573.866 479.25 560.7 556.803 
667.565 464.54 573.881 479.259 560.691 556.793 
667.554 464.546 573.876 479.261 560.706 556.784 
667.533 464.533 573.873 479.235 560.704 556.777 
667.536 464.526 573.861 479.227 560.696 556.771 
667.522 464.525 573.865 479.237 560.685 556.792 
667.517 464.527 573.885 479.232 560.667 556.773 
667.501 464.521 573.871 479.199 560.63 556.752 
667.5 464.505 573.874 479.157 560.559 556.622 
667.485 464.484 573.884 479.123 560.435 556.555 
667.449 464.49 573.944 479.063 559.623 556.227 
667.438 464.483 573.934 479.043 559.525 556.18 
667.434 464.517 573.976 478.887 559.121 555.976 
667.434 464.517 573.969 478.78 558.672 555.775 
667.438 464.544 574.012 478.676 557.323 554.76 
667.445 464.582 574.036 478.656 556.766 554.42 
667.463 464.626 574.049 478.626 555.711 553.541 
667.513 464.694 574.036 478.499 554.115 552.355 
667.538 464.764 574.08 478.466 552.759 551.288 
667.571 464.812 574.005 478.271 551.242 550.329 
667.599 464.905 574.035 478.173 550.334 549.0 
667.681 465.09 574.039 478.11 549.172 548.136 
667.704 465.138 574.075 478.08 548.31 547.302 
667.74 465.195 574.104 477.954 546.935 545.996 
667.743 465.22 574.118 477.92 546.258 545.392 
667.765 465.235 574.182 477.871 545.782 544.728 
667.775 465.236 574.195 477.853 544.783 543.873 
667.786 465.257 574.209 477.817 543.806 542.671 
667.836 465.382 574.221 477.791 543.024 542.205 
667.874 465.41 574.366 477.81 542.314 541.27 
668.125 465.538 574.375 477.759 540.656 539.645 
667.949 465.501 574.391 477.733 539.661 538.727 
667.942 465.526 574.364 477.584 538.922 537.749 
668.186 465.615 574.404 477.51 536.905 535.661 
668.179 465.617 574.41 477.456 536.075 534.667 
668.184 465.612 574.435 477.338 535.304 533.415 
668.186 465.622 574.458 477.047 533.571 531.421 
668.189 465.623 574.555 476.981 532.759 530.426 
668.145 465.564 574.56 476.982 532.094 529.344 
668.221 465.576 574.574 477.015 530.811 527.801 
668.224 465.666 574.61 476.825 529.845 526.114 
668.237 465.675 574.624 476.767 529.475 525.777 
668.237 465.703 574.608 476.464 528.867 524.455 
668.105 465.706 574.833 476.443 528.172 523.391 
668.137 465.741 574.898 476.366 527.185 521.765 
668.152 465.757 574.942 476.309 526.835 520.94 
668.156 465.761 574.978 476.19 526.088 519.967 
668.176 465.78 575.058 475.955 525.431 518.398 
668.208 465.802 575.104 475.899 525.012 517.388 
668.216 465.794 575.152 475.82 524.378 516.12 
668.394 465.827 575.337 475.519 523.37 514.064 
668.242 465.805 575.376 475.412 522.961 513.206 
668.499 465.885 575.339 475.24 522.338 511.877 
668.532 465.88 575.355 475.018 521.732 510.466 
668.567 465.827 575.591 474.691 520.719 508.014 
668.661 465.925 575.643 474.555 520.229 507.028 
668.683 465.929 575.671 474.301 519.783 505.566 
668.753 465.911 575.77 474.005 518.997 503.205 
668.774 465.914 575.856 473.888 518.664 502.119 
668.831 465.924 575.934 473.7 517.976 500.609 
669.013 465.904 576.22 473.315 517.495 498.756 
669.095 465.909 576.437 473.015 516.817 496.121 
669.115 465.904 576.482 472.949 516.708 495.676 
669.24 465.903 576.705 472.656 516.701 494.392 
669.29 465.886 576.867 472.201 515.866 492.017 
669.315 465.885 576.938 471.723 515.596 489.955 
669.317 465.876 576.983 471.669 515.538 489.48 
669.321 465.869 577.317 471.379 515.237 487.533 
669.316 465.87 577.325 470.953 515.16 486.347 
669.317 465.851 577.499 470.435 514.942 484.303 
669.308 465.856 577.546 470.293 514.877 483.501 
669.311 465.852 577.664 470.076 514.738 482.361 
669.288 465.899 577.868 469.571 514.641 480.856 
669.289 465.915 577.904 469.423 514.578 480.123 
669.285 465.938 577.975 469.223 514.601 479.389 
669.21 465.88 578.062 468.665 514.609 478.096 
669.238 465.937 578.121 468.536 514.595 477.459 
669.277 466.053 578.145 468.347 514.939 476.781 
669.223 466.109 578.211 467.984 514.9 475.325 
669.205 466.15 578.254 467.878 515.181 474.903 
669.189 466.174 578.275 467.737 514.874 474.01 
669.055 466.162 578.32 467.561 515.164 473.175 
669.049 466.17 578.48 467.428 514.835 472.706 
669.02 466.187 578.504 467.377 514.832 472.511 
668.986 466.291 578.481 467.389 514.836 472.412 
668.965 466.291 578.473 467.396 514.849 472.406 
668.972 466.337 578.475 467.499 514.844 472.417 
668.981 466.357 578.309 467.58 514.871 472.44 
669.007 466.396 578.32 467.626 514.861 472.439 
669.166 466.493 578.296 467.709 514.918 472.506 
669.212 466.695 578.441 467.901 514.876 472.654 
669.24 466.725 578.437 467.957 515.102 472.852 
669.273 466.811 578.485 468.148 515.207 473.26 
669.368 466.925 578.478 468.363 515.001 473.768 
669.394 466.95 578.436 468.476 515.227 474.066 
669.439 467.018 578.218 468.588 515.343 474.679 
669.726 467.266 578.26 469.122 515.358 475.634 
669.796 467.265 578.212 469.244 515.427 476.153 
670.091 467.381 578.199 469.379 515.203 476.486 
670.281 467.427 578.304 469.481 515.206 476.42 
670.344 467.418 578.33 469.454 515.454 476.427 
670.433 467.421 578.344 469.396 515.416 475.952 
670.529 467.483 578.346 469.205 515.343 475.12 
670.565 467.506 578.367 469.17 515.366 475.03 
670.631 467.529 578.357 469.135 515.386 474.791 
670.671 467.618 578.499 469.246 515.321 474.391 
670.964 467.822 578.315 469.445 515.285 474.397 
671.067 467.812 578.291 469.5 515.308 474.719 
671.148 467.809 578.274 469.629 515.227 474.848 
671.21 467.679 578.275 469.854 514.846 474.893 
671.35 467.588 578.278 469.97 514.684 474.939 
671.388 467.497 578.281 469.967 514.653 474.924 
671.604 467.391 578.284 469.854 514.65 474.77 
671.706 467.391 578.318 469.782 514.639 474.628 
671.779 467.351 578.493 469.623 514.535 474.655 
671.79 467.339 578.475 469.642 514.421 474.709 
671.784 467.359 578.252 469.633 513.932 474.7 
671.819 467.345 578.308 469.857 513.956 475.084 
671.853 467.356 578.288 470.22 514.072 475.761 
671.864 467.367 578.263 470.271 514.466 475.986 
671.893 467.332 578.3 470.226 514.636 475.987 
671.935 467.287 578.386 469.829 515.21 475.538 
671.962 467.291 578.597 469.652 515.338 475.277 
671.971 467.303 578.694 469.482 515.412 474.758 
672.015 467.328 578.78 469.287 515.512 474.604 
672.015 467.35 578.76 469.319 515.413 474.674 
672.013 467.397 578.628 469.538 515.394 475.224 
672.162 467.601 578.337 470.219 515.251 476.228 
672.135 467.681 578.295 470.365 515.329 476.829 
672.115 467.684 578.259 470.497 515.413 477.496 
671.99 467.528 578.201 470.642 515.551 478.378 
672.002 467.453 578.223 470.773 515.583 478.587 
671.977 467.435 578.217 470.79 515.624 478.938 
671.948 467.401 578.212 470.783 515.567 479.116 
671.946 467.41 578.197 470.792 515.55 479.197 
671.958 467.415 578.171 470.849 515.55 479.413 
671.933 467.399 578.13 470.962 515.744 480.709 
671.941 467.388 578.108 471.003 515.84 481.253 
671.932 467.408 578.088 471.164 515.951 482.364 
671.93 467.407 578.034 471.601 516.085 484.7 
671.902 467.4 578.002 471.709 516.254 485.677 
671.849 467.372 577.949 471.894 516.475 487.042 
671.76 467.329 577.753 472.375 516.658 488.905 
671.723 467.312 577.688 472.469 516.694 489.483 
671.663 467.261 577.642 472.531 516.844 490.093 
671.671 467.258 577.571 472.498 517.008 490.919 
671.643 467.258 577.557 472.47 517.302 491.26 
671.634 467.233 577.538 472.429 517.362 491.968 
671.625 467.194 577.514 472.496 518.087 493.052 
671.637 467.185 577.505 472.525 518.257 493.76 
671.639 467.159 577.473 472.615 518.32 494.357 
671.649 467.145 577.453 472.76 518.503 495.39 
671.665 467.133 577.393 472.898 518.699 496.381 
671.665 467.124 577.386 472.917 518.761 496.654 
671.668 467.138 577.139 472.892 518.84 497.287 
671.661 467.137 577.14 472.911 519.062 498.039 
671.677 467.144 577.104 473.024 519.308 498.956 
671.665 467.129 577.064 473.063 519.419 499.417 
671.63 467.122 577.031 473.07 519.721 500.028 
671.611 467.113 577.055 473.297 520.104 501.264 
671.609 467.108 577.033 473.382 520.151 501.673 
671.58 467.085 577.012 473.453 520.538 502.544 
671.559 467.078 576.999 473.506 520.594 502.988 
671.355 466.987 576.989 473.572 520.854 503.744 
671.346 466.987 576.957 473.579 520.937 504.06 
671.317 466.987 576.932 473.562 521.018 504.496 
671.312 466.994 576.936 473.63 521.456 505.786 
671.306 466.993 576.902 473.707 521.566 506.43 
671.276 466.985 576.863 473.819 522.375 507.533 
671.139 466.838 576.787 474.005 522.987 509.553 
671.142 466.833 576.686 474.094 523.191 510.224 
671.111 466.798 576.631 474.267 523.449 511.306 
671.077 466.761 576.558 474.383 524.016 512.586 
671.073 466.755 576.534 474.414 524.149 512.867 
671.055 466.761 576.498 474.441 524.408 513.214 
671.061 466.816 576.459 474.451 524.773 514.035 
671.054 466.84 576.422 474.438 524.938 514.332 
671.051 466.87 576.396 474.475 525.257 515.101 
671.028 466.873 576.342 474.602 526.319 516.757 
671.013 466.866 576.161 474.873 527.05 518.795 
670.991 466.866 575.93 474.868 527.281 519.479 
670.973 466.825 575.913 475.248 528.39 521.31 
670.938 466.789 575.854 475.414 528.825 522.553 
670.893 466.786 575.788 475.659 529.689 524.122 
670.883 466.789 575.74 475.724 530.048 524.543 
670.869 466.8 575.703 475.799 530.367 525.302 
670.851 466.808 575.706 475.939 530.564 525.68 
670.851 466.824 575.699 476.015 531.29 526.619 
670.849 466.826 575.669 476.023 531.454 526.852 
670.854 466.822 575.66 476.04 531.895 527.263 
670.844 466.822 575.634 476.098 532.303 528.174 
670.843 466.833 575.477 476.226 533.221 529.464 
670.829 466.823 575.47 476.258 533.476 529.692 
670.841 466.903 575.422 476.348 534.082 530.795 
670.817 466.843 575.405 476.411 534.995 531.593 
670.797 466.913 575.305 476.539 535.916 533.091 
670.805 466.932 575.385 476.687 536.614 533.731 
670.79 466.932 575.355 476.752 537.396 534.729 
670.779 466.947 575.316 476.805 538.308 535.589 
670.663 466.97 575.267 476.938 539.562 537.449 
670.64 466.976 575.264 477.063 540.446 538.094 
670.606 467.0 575.208 477.27 541.151 539.156 
670.578 466.99 575.158 477.421 542.614 540.841 
670.568 466.986 575.139 477.46 543.418 541.624 
670.558 466.974 575.1 477.56 544.176 542.466 
670.543 466.979 575.038 477.659 545.313 543.386 
670.565 467.006 575.001 477.716 546.036 544.348 
670.554 466.996 574.992 477.731 546.153 544.439 
670.511 467.097 574.962 477.761 547.091 545.27 
670.477 467.1 574.953 477.779 547.396 545.562 
670.462 467.117 574.904 477.801 548.749 546.612 
670.45 467.131 574.703 477.773 549.206 546.896 
670.425 467.13 574.686 477.841 550.4 547.849 
670.39 467.121 574.671 477.935 551.907 549.03 
670.341 467.113 574.655 478.046 552.613 549.592 
670.325 467.123 574.627 478.108 553.782 550.487 
669.985 466.916 574.666 478.298 555.298 551.571 
669.941 466.91 574.643 478.316 555.625 551.825 
669.843 466.916 574.609 478.37 555.979 552.288 
669.785 466.915 574.626 478.388 557.207 552.781 
669.716 466.911 574.565 478.44 558.476 553.496 
669.702 466.914 574.568 478.458 558.805 553.846 
669.669 466.921 574.545 478.492 559.585 554.236 
669.631 466.917 574.46 478.547 560.626 554.988 
669.541 466.922 574.434 478.632 562.161 555.913 
669.524 466.931 574.421 478.644 562.37 556.113 
669.438 466.908 574.409 478.784 563.543 556.689 
669.393 466.903 574.38 478.843 564.44 557.324 
669.332 466.996 574.334 478.975 565.38 557.868 
669.297 466.997 574.31 479.019 565.767 558.247 
669.267 466.927 574.174 479.057 566.592 558.553 
669.206 466.941 574.09 479.235 567.112 558.781 
669.174 466.938 574.07 479.259 567.417 558.837 
669.127 467.04 574.022 479.325 567.902 558.969 
668.994 467.012 573.983 479.42 568.171 559.023 
668.927 467.07 573.935 479.464 568.339 559.037 
668.834 467.04 573.935 479.481 568.358 559.051 
668.7 467.06 573.923 479.455 568.292 559.13 
668.658 467.097 573.915 479.394 567.539 559.254 
668.541 467.157 573.941 479.271 566.922 559.116 
668.521 467.22 573.925 479.246 566.701 559.058 
668.356 467.285 573.951 479.085 566.068 558.807 
668.32 467.302 574.021 478.862 565.69 558.712 
668.244 467.271 573.998 478.699 566.024 558.943 
668.217 467.202 574.009 478.66 566.315 559.064 
668.232 467.207 573.916 478.541 566.911 559.436 
668.079 467.087 573.883 478.541 568.403 560.188 
667.951 466.879 573.839 478.584 569.015 560.654 
667.828 466.818 573.778 478.636 570.094 561.153 
667.519 466.726 573.705 478.711 571.257 561.877 
667.282 466.661 573.499 478.935 572.183 562.409 
667.208 466.628 573.466 478.982 572.785 562.879 
667.201 466.606 573.457 479.039 572.933 563.029 
667.201 466.588 573.436 479.027 572.144 563.003 
667.208 466.579 573.454 479.005 571.791 563.019 
667.24 466.591 573.481 478.945 571.058 562.99 
667.279 466.571 573.464 478.656 569.634 562.592 
667.321 466.452 573.705 478.39 567.721 562.169 
667.328 466.443 573.725 478.352 567.257 562.035 
667.285 466.38 573.776 478.165 566.101 561.477 
667.265 466.212 573.75 477.999 565.344 561.295 
667.181 466.0 573.637 477.863 564.641 561.193 
667.065 465.778 573.596 477.885 564.598 561.211 
667.055 465.653 573.597 477.947 564.958 561.331 
667.042 465.593 573.559 478.062 565.329 561.608 
667.083 465.529 573.463 478.278 566.482 562.012 
667.111 465.493 573.286 478.258 566.85 561.962 
667.091 465.435 573.479 478.295 567.057 561.739 
667.105 465.368 573.519 478.184 566.888 561.383 
667.086 465.407 573.545 478.064 566.6 561.072 
667.073 465.45 573.524 478.013 566.34 560.87 
667.032 465.581 573.556 477.935 565.675 560.402 
667.045 465.634 573.352 477.667 565.188 559.993 
667.074 465.698 573.386 477.493 563.946 559.328 
667.082 465.722 573.384 477.446 563.586 558.959 
667.096 465.82 573.389 477.407 562.837 558.672 
667.238 466.021 573.412 477.373 562.022 558.168 
667.364 466.208 573.599 477.354 560.74 557.504 
667.409 466.255 573.607 477.333 560.082 556.863 
667.488 466.279 573.615 477.304 559.183 556.301 
667.678 466.416 573.673 477.323 558.149 555.172 
667.779 466.436 573.648 477.386 557.412 554.477 
667.847 466.463 573.715 477.626 556.865 553.946 
668.015 466.507 573.747 477.841 555.428 552.699 
668.42 466.579 573.827 477.879 553.775 551.324 
668.492 466.601 573.864 477.8 552.72 550.543 
668.577 466.615 574.083 477.532 551.296 549.198 
668.733 466.607 574.194 477.229 549.373 547.246 
668.907 466.625 574.26 477.061 547.2 545.174 
669.012 466.63 574.267 477.04 546.658 544.659 
669.039 466.643 574.276 477.01 544.633 543.011 
669.294 466.772 574.29 476.997 542.514 540.747 
669.321 466.774 574.245 476.87 542.299 540.425 
669.345 466.694 574.3 476.727 540.742 538.526 
669.387 466.692 574.33 476.541 539.494 537.044 
669.447 466.698 574.392 476.396 538.178 535.139 
669.489 466.683 574.4 476.366 537.507 534.176 
669.479 466.689 574.437 476.313 536.852 533.073 
669.536 466.687 574.423 476.174 535.458 531.265 
669.504 466.693 574.421 476.142 534.867 530.375 
669.537 466.683 574.461 476.084 534.032 529.204 
669.565 466.658 574.532 475.867 532.621 527.051 
669.575 466.656 574.572 475.814 532.163 526.032 
669.613 466.66 574.64 475.686 531.426 524.575 
669.626 466.704 574.899 475.408 530.246 521.902 
669.648 466.707 574.987 475.299 529.852 520.788 
669.668 466.74 575.065 475.137 528.864 519.088 
669.726 466.751 575.256 474.755 527.61 516.172 
669.76 466.752 575.409 474.496 526.97 514.745 
669.787 466.725 575.529 474.216 526.321 512.628 
669.948 466.733 575.585 473.77 524.832 509.235 
670.017 466.756 575.727 473.388 524.189 506.651 
670.268 466.885 575.83 472.961 523.18 503.969 
670.404 467.072 576.26 472.343 522.535 500.41 
670.469 467.136 576.414 471.874 522.144 497.545 
670.515 467.176 576.747 471.352 521.967 494.801 
670.56 467.316 576.92 470.456 521.136 490.097 
675 471 580 473 520 482 
670.605 467.371 577.373 469.517 520.454 485.996 
670.558 467.376 577.661 468.972 519.686 482.983 
670.545 467.384 577.732 468.768 519.635 482.199 
670.549 467.375 577.893 468.489 519.541 481.295 
670.576 467.329 578.067 468.163 519.397 479.919 
670.574 467.329 578.108 468.001 519.424 479.628 
670.596 467.317 578.107 467.646 519.238 478.698 
670.636 467.34 578.517 467.375 519.096 477.011 
670.657 467.365 578.577 467.239 519.027 476.19 
670.695 467.414 578.8 466.91 518.866 474.754 
670.738 467.479 579.018 465.956 518.618 472.377 
670.751 467.508 579.095 465.66 518.504 471.228 
670.765 467.545 579.165 465.079 518.464 469.983 
670.765 467.641 579.249 464.551 518.792 469.086 
670.85 467.784 579.554 464.006 518.818 467.584 
670.716 467.687 579.588 463.85 518.726 466.855 
670.673 467.717 579.653 463.612 518.781 466.322 
670.631 467.749 579.657 463.379 519.121 465.903 
670.716 467.884 579.724 463.292 519.168 465.778 
670.647 467.936 579.735 463.031 519.151 465.134 
670.582 467.986 579.774 462.89 519.277 464.933 
670.552 468.01 579.801 462.846 519.353 464.91 
670.35 467.999 579.853 462.806 519.344 464.55 
670.151 468.05 579.81 462.751 519.305 464.453 
670.124 468.079 579.787 462.739 519.248 464.399 
670.25 468.244 579.717 462.759 519.179 464.353 
670.34 468.523 579.619 462.841 519.006 464.101 
670.279 468.633 579.582 462.858 518.87 463.797 
670.327 468.888 579.589 462.87 518.628 463.544 
670.442 469.007 579.564 463.117 518.92 463.474 
670.572 469.278 579.666 463.693 519.037 463.566 
670.677 469.373 579.634 463.815 519.153 463.814 
670.93 469.55 579.494 464.531 519.286 464.249 
671.067 469.571 579.759 465.331 519.324 464.72 
671.393 469.429 579.603 465.92 519.258 465.494 
671.502 469.366 579.665 465.938 519.251 465.894 
671.575 469.278 579.919 466.05 519.136 466.366 
671.664 468.978 580.01 466.351 519.187 467.624 
671.667 468.917 579.961 466.472 519.302 468.137 
671.623 468.843 579.924 466.654 519.32 468.669 
671.454 468.684 579.889 466.686 519.104 469.106 
671.452 468.66 579.893 466.631 519.139 469.097 
671.471 468.67 579.893 466.596 519.415 468.999 
671.786 468.75 579.959 466.469 519.05 468.87 
671.827 468.734 579.911 466.609 518.839 469.206 
672.028 468.711 579.586 467.215 518.706 470.396 
672.149 468.675 579.432 468.144 518.16 472.111 
672.182 468.658 579.411 468.31 518.248 473.222 
672.206 468.594 579.386 468.74 518.192 474.297 
672.248 468.471 579.184 469.437 517.372 475.439 
672.277 468.452 579.092 469.577 517.584 476.023 
672.285 468.388 579.019 469.692 517.079 476.312 
672.249 468.297 578.925 469.868 517.07 476.971 
672.235 468.26 578.883 469.989 517.074 477.563 
672.268 468.24 578.859 470.071 517.184 478.144 
672.295 468.232 578.832 470.399 517.365 479.227 
672.303 468.241 578.699 470.476 517.48 479.747 
672.316 468.23 578.817 470.625 517.621 480.41 
672.324 468.235 578.626 470.514 518.265 481.971 
672.325 468.245 578.615 470.581 518.311 482.426 
672.282 468.251 578.573 470.772 518.61 483.727 
672.151 468.264 578.532 471.086 518.991 485.75 
672.093 468.254 578.48 471.009 519.122 486.621 
672.046 468.237 578.401 471.28 519.354 487.93 
671.987 468.218 578.309 471.542 519.581 488.992 
671.912 468.191 578.253 471.79 519.742 490.422 
671.917 468.204 578.23 471.797 519.848 490.925 
671.919 468.204 578.203 471.799 520.032 491.672 
671.914 468.225 578.196 472.025 520.211 492.638 
671.888 468.228 578.074 472.263 520.761 494.256 
671.926 468.243 578.058 472.275 520.735 494.72 
671.923 468.238 577.926 472.407 521.48 496.221 
671.929 468.233 577.817 472.66 521.763 497.464 
671.917 468.232 577.735 472.88 522.281 499.656 
671.911 468.241 577.699 472.998 522.539 500.511 
671.886 468.222 577.665 473.093 522.813 501.857 
671.829 468.208 577.583 473.229 523.767 503.672 
671.721 468.106 577.516 473.288 524.132 504.878 
671.536 468.043 577.3 473.298 524.422 506.034 
671.462 468.082 577.229 473.344 525.32 508.204 
671.428 468.097 577.205 473.389 525.802 509.06 
671.393 468.095 577.177 473.487 526.113 510.42 
671.356 468.108 577.133 473.991 527.067 512.799 
671.33 468.121 577.03 474.118 527.363 513.833 
671.311 468.129 576.978 474.289 527.994 515.305 
671.285 468.122 576.964 474.569 528.421 516.674 
671.274 468.12 576.768 474.786 529.503 518.833 
671.256 468.132 576.728 474.894 529.783 519.722 
671.249 468.149 576.599 475.039 530.254 520.867 
671.242 468.157 576.533 475.305 531.349 522.595 
671.236 468.158 576.487 475.464 531.691 523.219 
671.221 468.186 576.458 475.66 531.967 524.063 
671.205 468.202 576.451 475.887 532.791 525.3 
671.234 468.285 576.453 476.0 533.648 526.792 
671.229 468.291 576.394 476.023 533.812 527.181 
671.214 468.297 576.341 476.173 534.9 528.487 
671.194 468.29 576.32 476.281 535.444 529.495 
671.182 468.28 576.1 476.35 536.86 531.316 
671.178 468.272 576.074 476.375 537.249 531.916 
671.161 468.282 576.057 476.508 538.354 533.059 
671.151 468.289 576.028 476.595 539.176 534.358 
671.143 468.294 576.017 476.659 540.328 535.46 
671.136 468.314 576.039 476.837 541.275 536.495 
671.115 468.316 576.03 476.931 542.251 537.681 
671.112 468.3 575.972 477.06 543.845 539.372 
671.098 468.296 575.927 477.219 545.496 541.07 
671.103 468.3 575.907 477.304 545.813 541.805 
671.082 468.281 575.875 477.435 547.958 543.541 
670.947 468.283 575.862 477.665 550.057 545.357 
670.933 468.288 575.843 477.694 550.438 545.777 
670.803 468.26 575.683 477.834 552.141 547.292 
670.722 468.247 575.63 477.884 553.476 548.238 
670.626 468.239 575.551 477.943 555.202 549.509 
670.53 468.198 575.507 478.028 556.504 550.376 
670.434 468.185 575.467 478.097 557.661 551.324 
670.112 468.107 575.41 478.242 559.57 552.557 
670.084 468.105 575.381 478.306 560.178 553.018 
670.018 468.086 575.346 478.366 561.164 553.517 
669.945 468.084 575.287 478.371 561.843 553.815 
669.827 468.079 575.221 478.418 563.231 554.502 
669.784 468.067 575.22 478.443 563.598 554.583 
669.804 468.137 575.187 478.426 564.388 554.769 
669.659 468.115 575.176 478.386 565.151 554.905 
669.553 468.116 575.105 478.298 566.457 555.208 
669.518 468.108 575.093 478.272 566.583 555.25 
669.251 467.942 575.092 478.203 567.536 555.523 
669.185 467.933 575.086 478.179 568.175 555.642 
669.057 467.934 574.833 478.15 569.585 556.135 
669.037 467.91 574.823 478.176 569.96 556.332 
668.951 467.906 574.782 478.208 570.85 556.613 
668.863 467.893 574.755 478.246 571.434 556.789 
668.681 467.87 574.68 478.369 572.641 557.459 
668.604 467.857 574.652 478.452 572.846 557.552 
668.23 467.784 574.589 478.54 573.154 557.643 
668.147 467.795 574.574 478.672 573.316 557.732 
668.156 467.877 574.559 478.716 573.322 557.744 
668.125 467.862 574.531 478.738 573.254 557.706 
668.096 467.849 574.547 478.838 572.998 557.599 
668.067 467.815 574.499 478.715 572.887 557.468 
668.093 467.845 574.53 478.76 572.782 557.275 
668.103 467.901 574.525 478.795 572.586 557.181 
668.091 467.911 574.535 478.857 572.505 557.062 
668.094 467.919 574.542 478.868 572.486 557.073 
668.094 467.977 574.55 478.905 572.558 557.36 
668.055 467.967 574.562 478.971 571.593 557.28 
668.052 467.97 574.569 478.99 571.507 557.282 
668.078 467.95 574.584 479.058 571.458 557.387 
668.083 467.93 574.591 479.051 570.873 557.276 
668.07 467.826 574.609 479.028 569.513 557.119 
668.091 467.818 574.598 478.996 568.917 556.989 
668.116 467.798 574.576 478.991 568.009 556.939 
668.211 467.744 574.546 479.081 566.639 556.746 
668.248 467.693 574.51 479.076 566.358 556.773 
668.307 467.615 574.48 479.117 565.415 556.428 
668.415 467.288 574.404 479.24 565.026 556.413 
668.469 467.195 574.297 479.258 564.927 556.451 
668.656 467.064 574.283 479.347 564.993 556.664 
668.628 466.963 574.407 479.268 565.115 556.917 
668.659 466.623 574.467 479.401 565.97 557.468 
668.63 466.56 574.454 479.414 566.468 557.567 
668.586 466.488 574.445 479.347 567.014 557.686 
668.53 466.444 574.437 479.326 568.257 558.269 
668.535 466.477 574.427 479.282 568.216 558.191 
668.519 466.543 574.453 479.152 567.87 557.699 
668.476 466.637 574.491 478.925 567.531 557.161 
668.346 466.725 574.446 478.824 567.021 556.368 
668.335 466.744 574.425 478.815 566.964 556.323 
668.116 466.712 574.368 478.6 566.583 556.243 
668.162 466.708 574.392 478.507 565.895 556.134 
668.484 467.001 574.414 478.462 564.948 555.885 
668.582 467.064 574.428 478.487 563.811 555.293 
668.601 467.02 574.455 478.491 562.963 554.951 
668.912 467.099 574.488 478.446 561.341 553.87 
669.191 467.147 574.511 478.458 559.808 552.819 
669.337 467.258 574.578 478.631 558.188 551.689 
669.517 467.347 574.606 478.783 555.939 550.013 
669.695 467.586 574.639 478.87 554.266 548.392 
669.844 467.63 574.699 478.978 552.93 547.026 
670.188 467.741 574.711 479.031 550.931 544.939 
670.205 467.698 574.74 479.029 549.824 543.336 
670.304 467.719 574.755 478.933 548.645 541.885 
670.335 467.754 574.805 478.75 546.676 539.515 
670.356 467.766 574.827 478.689 545.658 538.601 
670.386 467.787 574.855 478.543 544.16 536.931 
670.417 467.82 574.869 478.236 542.08 534.251 
670.444 467.833 574.901 478.161 540.929 532.957 
670.468 467.848 575.113 478.043 539.654 531.175 
670.656 468.026 575.184 477.513 537.143 527.437 
670.666 468.033 575.2 477.348 536.826 526.784 
670.76 468.13 575.317 476.957 535.014 523.9 
670.808 468.163 575.425 476.686 532.696 520.405 
670.815 468.16 575.461 476.643 532.114 519.835 
670.926 468.17 575.54 476.365 530.733 517.368 
670.962 468.166 575.78 475.894 529.209 514.619 
670.972 468.159 575.815 475.822 528.669 514.012 
671.013 468.156 575.797 475.444 528.047 512.042 
671.111 468.149 575.998 475.088 527.568 510.303 
671.139 468.164 576.042 474.81 527.055 509.115 
671.206 468.166 576.149 474.327 526.24 506.944 
671.265 468.192 576.497 473.846 525.511 504.076 
671.264 468.185 576.511 473.77 525.203 503.393 
671.252 468.128 576.636 473.443 524.274 500.967 
671.276 468.124 576.898 472.995 523.548 497.783 
671.342 468.205 576.934 472.91 523.417 497.311 
671.271 468.116 577.021 472.227 522.694 494.612 
671.342 468.207 577.19 471.62 522.659 492.877 
671.264 468.108 577.658 470.713 521.994 489.837 
671.287 468.099 577.988 469.973 522.05 487.434 
671.295 468.11 578.13 469.208 521.511 484.886 
671.312 468.162 578.377 468.113 521.543 481.28 
671.302 468.199 578.636 467.779 521.4 479.839 
671.277 468.213 578.811 467.287 520.853 477.665 
671.274 468.23 579.076 466.768 520.586 475.758 
671.364 468.459 579.196 465.897 520.865 473.738 
671.285 468.387 579.269 465.505 520.75 472.586 
671.27 468.419 579.372 465.095 520.658 471.262 
671.231 468.501 579.832 464.353 520.647 469.109 
671.223 468.531 579.936 463.991 520.524 467.863 
671.188 468.559 580.225 463.231 520.774 466.294 
671.023 468.548 580.373 461.654 520.623 462.821 
671.021 468.56 580.627 461.012 520.637 461.591 
671.008 468.538 580.727 460.145 521.043 460.036 
671.005 468.599 580.889 459.466 521.408 458.372 
671.014 468.733 580.895 459.406 521.488 458.126 
671.007 468.739 580.877 459.5 521.52 458.279 
670.976 468.727 580.578 460.283 521.117 459.269 
670.984 468.738 580.404 461.086 520.997 460.62 
670.95 468.71 580.199 462.443 520.485 462.883 
670.929 468.686 579.916 462.76 520.34 463.549 
670.953 468.707 579.83 463.255 520.015 464.449 
670.937 468.814 579.727 463.549 519.86 464.516 
670.949 468.866 579.569 463.152 519.224 463.314 
670.948 468.894 579.581 462.948 519.588 463.133 
670.956 468.929 579.593 462.786 519.169 462.319 
671.211 469.116 579.544 462.845 519.141 462.178 
671.25 469.135 579.328 463.087 519.148 462.491 
671.304 469.157 579.444 463.717 519.127 463.208 
671.361 469.169 579.186 464.535 519.162 464.695 
671.492 469.229 579.044 465.638 519.234 466.712 
671.519 469.247 579.055 465.891 519.196 466.913 
671.555 469.316 578.831 466.551 518.714 467.757 
671.594 469.337 578.751 466.876 518.643 468.624 
671.715 469.355 578.717 467.053 518.095 468.622 
671.741 469.358 578.7 467.098 518.055 468.597 
671.771 469.361 578.686 467.147 518.022 468.536 
671.775 469.306 578.635 467.193 518.09 468.596 
671.784 469.296 578.607 467.231 518.126 468.67 
671.805 469.234 578.595 467.302 518.49 469.007 
671.711 469.1 578.59 467.483 518.139 469.132 
671.718 469.049 578.543 467.779 518.145 470.167 
671.735 469.019 578.496 467.866 518.038 470.312 
671.989 469.016 578.479 468.048 517.597 470.368 
672.12 468.893 578.231 467.973 517.328 470.344 
672.219 468.847 578.445 468.048 517.325 470.285 
672.438 468.914 578.486 468.051 517.378 470.138 
672.702 468.952 578.551 467.907 517.561 470.031 
672.827 468.932 578.854 467.58 517.991 470.025 
672.84 468.928 578.976 467.542 518.017 470.007 
672.905 468.952 579.051 467.502 518.014 470.356 
672.895 468.947 578.871 467.837 518.023 471.2 
672.918 468.878 578.723 468.302 517.974 472.553 
672.918 468.849 578.683 468.372 517.673 473.001 
672.863 468.822 578.582 468.561 517.673 473.771 
672.805 468.811 578.353 468.944 517.574 474.545 
672.715 468.599 578.205 469.317 517.15 475.723 
672.721 468.557 578.203 469.503 517.083 476.13 
672.71 468.514 578.147 469.639 517.158 476.894 
672.708 468.457 578.065 469.974 517.298 478.098 
672.71 468.417 578.074 470.206 517.427 479.53 
672.721 468.414 578.069 470.217 517.473 479.924 
672.722 468.393 578.032 470.489 517.465 481.129 
672.696 468.378 578.03 470.755 517.515 482.093 
672.552 468.337 577.928 470.824 517.945 484.149 
672.552 468.324 577.872 470.842 518.297 485.082 
672.525 468.349 577.702 471.148 518.552 486.529 
672.44 468.353 577.494 471.701 519.094 489.194 
672.409 468.357 577.412 471.787 519.463 490.201 
672.345 468.352 577.139 471.832 519.773 491.649 
672.295 468.305 577.16 472.105 520.024 492.976 
672.108 468.185 577.071 472.38 520.412 494.966 
672.082 468.229 577.068 472.482 520.486 495.468 
672.058 468.207 576.956 472.505 520.954 496.601 
671.992 468.195 576.899 472.542 521.387 497.904 
671.996 468.223 576.831 472.599 522.081 499.811 
671.988 468.222 576.818 472.628 522.237 500.343 
672.012 468.257 576.755 472.784 523.063 502.544 
672.02 468.275 576.6 473.062 523.717 504.2 
672.002 468.278 576.437 473.332 524.336 506.609 
671.973 468.279 576.341 473.648 524.945 508.274 
671.94 468.272 576.241 473.928 525.287 509.845 
671.829 468.274 576.156 474.529 526.113 512.384 
671.554 468.251 575.914 474.592 526.258 513.201 
671.494 468.254 575.838 474.76 526.535 514.419 
671.393 468.154 575.786 474.966 527.066 515.588 
671.354 468.148 575.735 475.268 527.923 517.469 
671.344 468.156 575.729 475.364 528.126 518.179 
671.35 468.161 575.686 475.472 528.607 519.305 
671.367 468.176 575.674 475.635 529.719 520.936 
671.377 468.187 575.645 475.824 531.262 523.363 
671.41 468.319 575.626 475.878 531.428 523.727 
671.405 468.344 575.478 476.156 532.306 525.542 
671.381 468.351 575.408 476.387 533.492 527.255 
671.394 468.442 575.339 476.63 535.159 529.845 
671.32 468.312 575.308 476.706 535.627 530.752 
671.269 468.309 575.287 476.838 536.852 532.341 
671.23 468.322 575.311 477.115 537.638 533.892 
671.177 468.322 575.259 477.493 539.795 536.184 
671.159 468.332 575.209 477.577 540.464 537.143 
671.144 468.339 575.177 477.752 541.675 538.409 
671.116 468.336 575.125 477.916 543.015 539.937 
671.129 468.329 575.12 477.966 543.598 540.489 
671.103 468.302 575.09 477.991 543.979 541.134 
671.094 468.3 575.085 477.971 545.093 542.078 
671.066 468.294 575.077 477.985 545.653 542.984 
671.07 468.3 575.08 477.991 546.642 543.424 
670.957 468.276 575.067 477.983 547.653 544.458 
670.87 468.261 575.053 478.012 548.896 545.273 
670.801 468.253 574.811 478.091 551.443 547.372 
670.77 468.259 574.789 478.175 552.363 548.107 
670.704 468.256 574.753 478.28 553.858 549.374 
670.632 468.24 574.703 478.512 555.394 550.528 
670.331 468.151 574.654 478.738 557.682 552.2 
670.131 468.138 574.627 478.765 558.436 552.605 
670.043 468.131 574.599 478.807 559.597 553.373 
669.9 468.127 574.569 478.784 561.36 554.351 
669.822 468.148 574.525 478.849 561.813 554.582 
669.661 468.226 574.463 478.958 562.779 554.905 
669.509 468.264 574.376 479.162 563.712 555.56 
669.094 468.132 574.349 479.162 565.014 555.963 
669.036 468.117 574.335 479.154 565.213 556.017 
668.914 468.128 574.309 479.192 566.298 556.488 
668.834 468.117 574.142 479.257 566.743 556.695 
668.762 468.108 574.083 479.417 567.55 556.885 
668.7 468.175 574.05 479.446 567.937 556.937 
668.644 468.118 574.043 479.431 568.228 556.938 
668.431 468.174 574.02 479.391 568.52 556.902 
668.423 468.293 573.997 479.406 568.911 557.01 
668.23 468.154 573.957 479.43 569.164 557.077 
668.178 468.066 573.906 479.482 569.878 557.263 
668.137 468.057 573.88 479.512 570.073 557.328 
668.087 468.052 573.836 479.576 570.803 557.653 
667.988 468.044 573.798 479.653 571.358 557.843 
667.959 468.047 573.791 479.657 571.51 557.892 
667.804 467.975 573.558 479.664 571.764 557.933 
667.804 467.933 573.562 479.697 572.051 558.052 
667.968 467.911 573.561 479.7 571.725 558.007 
667.996 467.893 573.561 479.682 571.407 557.978 
668.025 467.891 573.743 479.707 571.015 557.945 
668.049 467.907 573.79 479.603 570.036 557.669 
668.046 467.916 573.793 479.584 569.921 557.548 
668.042 467.908 573.807 479.553 569.693 557.488 
668.021 467.88 573.816 479.564 569.606 557.319 
668.005 467.796 573.792 479.649 569.788 557.47 
667.973 467.723 573.594 479.613 569.807 557.492 
668.012 467.669 573.746 479.775 569.836 557.57 
667.982 467.49 573.721 479.8 569.727 557.672 
668.063 467.369 573.544 479.784 568.899 557.921 
668.09 467.298 573.524 479.799 568.466 558.121 
668.122 467.17 573.501 479.797 567.856 558.404 
668.137 467.037 573.449 479.889 567.161 558.532 
668.158 466.679 573.361 480.012 566.684 558.516 
668.336 466.685 573.342 480.027 566.647 558.487 
668.336 466.629 573.338 480.068 566.712 558.435 
668.315 466.539 573.37 480.217 567.108 558.38 
668.305 466.495 573.37 480.237 567.511 558.468 
668.125 466.39 573.412 480.285 567.904 558.576 
668.156 466.374 573.383 480.122 567.732 558.507 
668.394 466.476 573.395 480.071 567.188 558.048 
668.398 466.506 573.372 480.028 566.997 557.7 
668.394 466.635 573.374 479.999 566.7 557.219 
668.398 466.694 573.369 479.969 566.288 556.477 
668.447 466.789 573.388 479.953 565.183 555.679 
668.596 467.087 573.424 479.895 564.011 554.953 
668.653 467.111 573.465 479.758 562.788 554.086 
669.048 467.356 573.756 479.625 560.639 552.742 
669.191 467.477 573.818 479.468 559.117 551.538 
669.442 467.636 573.856 479.378 557.436 550.301 
669.67 467.714 573.906 479.317 554.719 548.073 
669.68 467.654 573.931 479.303 553.608 547.135 
669.823 467.702 573.963 479.274 551.951 545.709 
670.139 467.884 574.044 479.062 549.791 543.404 
670.185 467.91 573.988 478.667 548.193 541.706 
670.255 467.919 574.113 478.342 546.604 539.719 
670.386 467.923 574.378 477.785 543.74 536.475 
670.434 467.927 574.423 477.593 542.472 535.075 
670.554 468.01 574.497 477.284 540.724 532.848 
670.602 468.058 574.474 476.87 539.099 530.863 
670.614 468.066 574.529 476.598 536.646 527.261 
670.632 468.078 574.535 476.403 535.474 525.8 
670.686 468.141 574.56 476.205 533.889 523.726 
670.709 468.157 574.658 475.847 532.245 521.011 
670.716 468.182 574.921 475.412 530.827 517.697 
670.719 468.187 574.964 475.343 530.314 517.118 
670.758 468.182 575.186 475.082 529.275 514.42 
670.805 468.192 575.413 474.686 528.204 512.132 
670.907 468.194 575.501 474.14 527.114 509.14 
671.024 468.213 575.643 473.792 526.18 506.752 
671.045 468.198 575.722 473.199 525.563 504.207 
671.068 468.172 576.055 472.516 524.255 500.641 
671.072 468.183 576.24 472.018 523.742 498.163 
671.095 468.163 576.367 471.188 523.461 495.639 
671.048 468.154 576.773 469.912 522.121 490.923 
671.125 468.155 576.868 469.345 521.799 488.95 
671.134 468.179 577.057 468.461 521.555 486.393 
671.166 468.205 577.516 467.481 521.139 482.858 
671.204 468.221 577.739 466.78 520.785 480.138 
671.23 468.243 577.819 466.046 520.718 478.215 
671.289 468.268 577.98 465.163 520.453 475.464 
671.322 468.276 578.385 464.631 520.388 473.702 
671.3 468.191 578.725 463.954 520.32 471.959 
671.326 468.147 578.9 462.94 520.522 469.442 
671.343 468.137 579.038 462.549 520.46 468.014 
671.383 468.135 579.412 461.466 520.729 465.529 
671.391 468.157 579.833 460.359 520.562 462.096 
671.382 468.167 579.887 460.177 520.648 461.661 
671.393 468.178 579.996 459.132 520.95 459.285 
671.363 468.182 580.188 458.644 521.4 458.253 
671.342 468.171 580.588 458.086 521.47 456.655 
671.337 468.16 580.651 458.047 521.439 456.139 
671.353 468.201 580.75 458.009 521.535 455.911 
671.33 468.178 580.844 457.955 521.91 456.017 
671.26 468.164 580.852 458.08 521.607 455.954 
671.244 468.185 580.835 458.176 521.573 456.01 
671.217 468.192 580.777 458.357 521.519 456.372 
671.206 468.193 580.344 458.957 521.266 456.853 
671.225 468.229 580.279 459.23 520.941 457.062 
671.274 468.405 580.169 459.428 520.755 457.269 
671.367 468.481 580.087 459.911 520.396 457.75 
671.419 468.557 580.047 460.128 520.781 458.312 
671.494 468.684 579.999 460.46 520.711 458.687 
671.663 468.967 579.976 461.065 520.356 459.296 
671.927 469.275 579.941 461.949 520.252 459.977 
671.937 469.361 579.834 462.16 520.21 460.083 
672.177 469.566 579.717 462.814 520.199 461.035 
672.247 469.617 579.711 463.527 520.059 461.695 
672.316 469.756 579.37 464.383 519.777 462.942 
672.347 469.845 579.345 464.672 519.714 463.261 
672.385 469.92 579.342 465.127 519.788 464.107 
672.391 469.978 579.322 465.228 519.755 464.396 
672.378 470.026 579.373 465.191 519.853 464.399 
672.359 470.036 579.602 465.105 519.921 464.232 
672.31 470.025 579.47 464.714 520.265 463.846 
672.267 469.992 579.693 464.354 520.264 463.147 
672.224 470.081 579.716 464.175 520.107 462.36 
672.233 470.098 579.659 464.145 520.045 462.243 
672.286 470.148 579.534 464.207 519.477 461.733 
672.381 470.125 579.314 464.502 519.113 462.027 
672.576 470.059 579.34 465.152 519.051 463.405 
672.702 470.012 579.329 465.301 519.094 464.128 
672.794 469.907 579.297 465.549 519.162 465.112 
672.813 469.792 579.306 465.844 519.23 465.83 
672.866 469.711 579.339 466.021 519.468 466.476 
672.76 469.645 579.355 466.003 519.551 466.502 
672.891 469.659 579.394 465.869 519.952 466.368 
672.96 469.689 579.398 465.613 520.161 466.062 
673.084 469.685 579.437 465.915 519.816 467.978 
673.112 469.675 579.382 466.206 520.134 468.648 
673.219 469.664 579.294 467.412 519.687 470.467 
673.48 469.696 579.229 467.984 519.757 472.407 
673.521 469.471 578.921 468.638 519.432 474.961 
673.508 469.413 578.921 468.878 519.466 476.219 
673.52 469.375 578.84 469.625 519.522 477.94 
673.525 469.352 578.702 470.044 519.568 479.559 
673.192 469.074 578.385 470.698 519.744 481.931 
673.143 469.006 578.33 470.778 519.382 482.353 
673.105 468.962 578.262 470.757 519.64 483.71 
673.016 469.009 578.144 470.843 520.283 486.554 
672.988 469.003 578.118 471.089 520.578 487.913 
672.972 468.963 577.957 471.525 521.209 490.075 
672.886 468.864 577.79 471.934 521.753 492.594 
672.841 468.83 577.711 472.185 522.588 495.215 
672.828 468.818 577.687 472.229 522.623 495.501 
672.772 468.833 577.566 472.43 522.857 496.749 
672.741 468.832 577.365 472.462 523.217 497.541 
672.516 468.673 577.257 472.522 523.462 498.643 
672.492 468.661 577.24 472.471 523.719 499.4 
672.501 468.687 577.211 472.43 524.101 500.522 
672.512 468.66 577.175 472.603 525.029 502.125 
672.547 468.633 577.085 473.019 525.663 504.553 
672.549 468.606 577.066 473.286 525.88 505.541 
672.526 468.577 576.947 473.547 526.477 507.015 
672.456 468.579 576.898 474.147 527.202 509.315 
672.433 468.606 576.864 474.254 527.289 509.855 
672.429 468.566 576.815 474.363 527.618 510.927 
672.367 468.536 576.616 474.567 527.966 512.138 
672.354 468.54 576.548 474.696 528.828 513.646 
672.355 468.534 576.53 474.728 528.931 513.851 
672.358 468.511 576.5 474.85 529.52 515.023 
672.366 468.505 576.461 474.948 529.805 515.76 
672.381 468.495 576.39 475.089 530.726 517.152 
672.406 468.525 576.366 475.214 530.989 517.958 
672.395 468.532 576.329 475.315 531.411 518.926 
672.407 468.575 576.097 475.568 532.517 520.935 
672.395 468.605 576.056 475.666 533.075 521.935 
672.388 468.637 576.027 475.836 533.684 523.218 
672.356 468.656 575.995 476.267 535.087 525.271 
672.329 468.644 575.954 476.408 535.711 526.295 
672.315 468.651 575.888 476.638 536.486 527.528 
672.251 468.664 575.866 477.01 537.398 529.144 
672.253 468.668 575.875 477.073 537.845 529.595 
672.228 468.676 575.872 477.174 538.19 530.435 
672.183 468.685 575.853 477.226 538.691 531.388 
672.183 468.674 575.846 477.224 538.856 531.696 
672.189 468.654 575.84 477.229 539.608 532.217 
672.201 468.694 575.829 477.2 540.449 533.453 
672.209 468.7 575.818 477.196 541.232 534.342 
672.194 468.726 575.836 477.279 542.131 535.558 
672.207 468.745 575.824 477.399 543.431 536.966 
672.17 468.739 575.613 477.844 545.448 539.419 
672.185 468.72 575.584 477.955 546.624 540.339 
672.19 468.716 575.559 478.06 547.396 541.637 
672.098 468.713 575.517 478.121 550.019 543.65 
672.063 468.737 575.522 478.143 551.009 544.572 
671.841 468.747 575.511 478.216 552.263 545.708 
671.695 468.745 575.432 478.334 554.254 547.224 
671.409 468.698 575.36 478.481 555.611 548.566 
671.36 468.682 575.343 478.53 556.65 549.372 
671.297 468.645 575.216 478.617 558.171 550.549 
671.049 468.505 574.945 478.649 559.637 551.78 
671.032 468.501 574.926 478.665 559.908 551.913 
670.938 468.374 574.949 478.841 560.479 552.602 
670.82 468.455 574.934 478.949 561.627 553.068 
670.72 468.323 574.89 479.033 563.105 553.966 
670.694 468.311 574.881 479.059 563.484 554.232 
670.592 468.285 574.853 479.125 564.637 554.786 
670.356 468.154 574.818 479.208 565.532 555.343 
670.039 468.071 574.718 479.349 567.284 556.298 
670.005 468.048 574.698 479.403 567.827 556.54 
669.973 468.099 574.663 479.488 568.506 556.893 
669.798 468.063 574.676 479.726 569.641 557.551 
669.615 467.93 574.636 479.798 570.495 557.844 
669.577 467.926 574.618 479.815 570.588 557.913 
669.538 467.926 574.616 479.85 570.892 557.969 
669.524 467.921 574.618 479.847 570.912 557.87 
669.508 467.942 574.429 479.775 570.723 557.752 
669.523 467.969 574.443 479.78 570.679 557.699 
669.586 468.107 574.422 479.78 570.611 557.599 
669.576 468.116 574.399 479.781 570.59 557.541 
669.527 468.1 574.364 479.862 570.723 557.542 
669.523 468.097 574.358 479.876 570.807 557.583 
669.456 467.968 574.35 479.889 571.006 557.602 
669.303 467.915 574.34 480.036 571.213 557.638 
669.241 467.889 574.304 480.085 571.278 557.627 
669.231 467.884 574.245 480.187 571.368 557.603 
669.184 467.888 574.195 480.268 571.395 557.487 
669.159 467.899 574.183 480.3 571.298 557.37 
669.124 467.933 574.17 480.314 571.094 557.387 
669.123 467.962 574.126 480.291 570.076 557.19 
669.12 467.954 574.155 480.293 569.947 557.201 
669.103 467.927 574.137 480.261 569.642 557.272 
669.093 467.905 574.145 480.232 569.483 557.317 
669.053 467.852 574.133 480.227 569.433 557.531 
669.039 467.849 574.127 480.238 569.502 557.724 
668.986 467.815 574.126 480.279 569.698 558.138 
668.926 467.771 574.12 480.311 569.849 558.325 
668.812 467.697 574.114 480.323 570.091 558.534 
668.771 467.681 574.093 480.321 570.223 558.756 
668.674 467.644 574.043 480.348 570.316 559.09 
668.301 467.56 574.001 480.425 570.343 559.534 
668.212 467.389 573.833 480.525 570.376 559.86 
668.132 467.338 573.811 480.543 570.536 560.106 
668.033 467.272 573.764 480.619 571.065 560.723 
668.012 467.238 573.75 480.669 571.13 560.848 
667.954 467.202 573.73 480.744 571.338 561.054 
667.912 467.148 573.698 480.806 571.434 561.18 
667.884 467.101 573.674 480.855 571.535 561.251 
667.87 467.068 573.67 480.855 571.545 561.242 
667.946 467.126 573.677 480.885 571.529 561.206 
667.959 467.096 573.677 480.874 571.415 561.132 
667.947 466.999 573.68 480.835 571.012 560.986 
667.961 466.985 573.683 480.841 570.867 560.95 
668.035 466.966 573.703 480.774 570.332 560.854 
668.103 466.946 573.721 480.729 570.123 560.722 
668.209 466.855 573.744 480.702 569.897 560.827 
668.245 466.842 573.749 480.695 569.665 560.843 
668.394 466.847 573.756 480.691 568.984 560.805 
668.403 466.816 573.75 480.697 568.608 560.845 
668.39 466.816 573.752 480.694 568.505 560.952 
668.4 466.798 573.738 480.669 568.291 561.005 
668.423 466.778 573.754 480.642 568.07 560.988 
668.421 466.773 573.736 480.645 567.656 560.862 
668.436 466.756 573.737 480.666 567.587 560.83 
668.449 466.593 573.72 480.711 567.449 560.542 
