1.21462 -0.662228 -1.29267 0.793468 -0.567064 -1.61503 0.736454 -0.139347 -1.77997 
1.21465 -0.662236 -1.2927 0.793499 -0.567077 -1.61502 0.736429 -0.139411 -1.77986 
1.21469 -0.66226 -1.29267 0.79346 -0.567088 -1.615 0.736362 -0.139362 -1.77966 
1.21473 -0.662226 -1.2927 0.793541 -0.567096 -1.615 0.736101 -0.139341 -1.77905 
1.21479 -0.662207 -1.29262 0.793504 -0.567037 -1.61504 0.735979 -0.139175 -1.779 
1.21467 -0.662275 -1.29271 0.793536 -0.567082 -1.61505 0.735939 -0.139362 -1.77934 
1.21467 -0.662272 -1.29278 0.793523 -0.567107 -1.61506 0.735868 -0.139445 -1.78002 
1.21467 -0.662268 -1.29286 0.793467 -0.567139 -1.61507 0.73583 -0.139385 -1.78045 
1.21469 -0.662234 -1.29288 0.793562 -0.567162 -1.61519 0.735772 -0.139402 -1.78075 
1.21475 -0.662201 -1.29296 0.793543 -0.567259 -1.61523 0.735619 -0.139529 -1.78081 
1.21478 -0.662272 -1.29293 0.79355 -0.56728 -1.61514 0.735646 -0.139619 -1.78072 
1.21477 -0.662269 -1.29285 0.793624 -0.567236 -1.61512 0.735603 -0.139666 -1.78075 
1.21473 -0.662235 -1.2929 0.793601 -0.567222 -1.61515 0.735685 -0.139693 -1.78083 
1.21464 -0.662297 -1.29296 0.793582 -0.567358 -1.6151 0.735663 -0.139781 -1.78059 
1.21467 -0.662321 -1.29304 0.793523 -0.567401 -1.6151 0.735615 -0.139841 -1.78046 
1.21461 -0.662326 -1.29308 0.793548 -0.567338 -1.61522 0.735559 -0.139729 -1.7805 
1.21462 -0.6623 -1.29326 0.793657 -0.567352 -1.61531 0.735468 -0.139812 -1.78059 
1.21455 -0.662329 -1.29328 0.793591 -0.567512 -1.6154 0.735272 -0.139928 -1.78059 
1.21458 -0.662387 -1.29346 0.793616 -0.567715 -1.61552 0.734901 -0.140627 -1.78061 
1.2146 -0.66245 -1.29391 0.793676 -0.567878 -1.61563 0.734262 -0.14097 -1.78078 
1.21449 -0.6624 -1.29423 0.793983 -0.568173 -1.61569 0.729945 -0.143117 -1.77961 
1.21444 -0.662432 -1.29425 0.793936 -0.568276 -1.61569 0.729436 -0.143349 -1.77977 
1.21445 -0.662255 -1.29441 0.794177 -0.569026 -1.61612 0.727392 -0.144223 -1.78115 
1.21443 -0.662265 -1.2943 0.794137 -0.569579 -1.61607 0.725202 -0.144675 -1.78452 
1.2144 -0.662155 -1.29407 0.794389 -0.57006 -1.61656 0.718345 -0.149367 -1.78912 
1.2144 -0.661989 -1.2939 0.794526 -0.570136 -1.61675 0.715582 -0.150563 -1.79259 
1.21444 -0.661797 -1.29367 0.794589 -0.570299 -1.61667 0.710232 -0.154571 -1.7968 
1.21461 -0.661498 -1.29331 0.794513 -0.570963 -1.61654 0.702159 -0.159715 -1.80401 
1.21463 -0.661202 -1.29281 0.794731 -0.571139 -1.61645 0.695214 -0.164737 -1.80856 
1.21471 -0.661003 -1.29242 0.794319 -0.572182 -1.61606 0.687348 -0.169515 -1.81167 
1.21472 -0.660608 -1.29181 0.794476 -0.572685 -1.61606 0.68295 -0.174751 -1.82183 
1.21507 -0.659736 -1.2916 0.794491 -0.573009 -1.61602 0.676954 -0.178846 -1.82558 
1.21513 -0.659529 -1.29134 0.794682 -0.573149 -1.61612 0.672551 -0.182628 -1.82986 
1.21524 -0.659278 -1.29103 0.794844 -0.573765 -1.61636 0.665481 -0.188751 -1.83565 
1.21524 -0.659162 -1.29098 0.79492 -0.573934 -1.61644 0.661941 -0.191853 -1.83701 
1.21531 -0.659108 -1.29079 0.79525 -0.574171 -1.61651 0.659545 -0.194761 -1.84083 
1.21533 -0.65911 -1.29066 0.795331 -0.574245 -1.61668 0.65431 -0.199189 -1.84265 
1.21534 -0.659032 -1.29044 0.795404 -0.574418 -1.61675 0.649336 -0.204532 -1.84941 
1.21566 -0.658393 -1.29085 0.795465 -0.574554 -1.6167 0.645202 -0.207087 -1.84992 
1.21577 -0.658287 -1.29047 0.796242 -0.574378 -1.61732 0.641557 -0.211405 -1.85439 
1.21705 -0.657628 -1.29082 0.796278 -0.574657 -1.61716 0.63293 -0.219208 -1.86106 
1.21601 -0.6579 -1.28987 0.796358 -0.574794 -1.61713 0.627659 -0.224194 -1.86183 
1.21587 -0.657825 -1.28935 0.7962 -0.575591 -1.61682 0.623875 -0.22846 -1.86805 
1.21722 -0.657309 -1.2902 0.796396 -0.575971 -1.61678 0.613264 -0.239066 -1.87371 
1.21717 -0.657307 -1.29013 0.796431 -0.576243 -1.61681 0.608876 -0.244316 -1.87522 
1.21719 -0.657333 -1.2901 0.796563 -0.576841 -1.61686 0.604863 -0.250298 -1.8804 
1.21718 -0.65729 -1.29002 0.796669 -0.578348 -1.61668 0.595707 -0.260519 -1.88538 
1.21718 -0.657289 -1.28995 0.79713 -0.578715 -1.61628 0.591392 -0.265819 -1.88671 
1.21678 -0.657658 -1.289 0.797146 -0.578726 -1.61612 0.587912 -0.270976 -1.89148 
1.21705 -0.657638 -1.28851 0.797187 -0.578594 -1.61574 0.58109 -0.279198 -1.89365 
1.21704 -0.65722 -1.2884 0.797356 -0.579585 -1.61553 0.575973 -0.287768 -1.89809 
1.21712 -0.657166 -1.2885 0.79743 -0.57988 -1.61553 0.573995 -0.289737 -1.89764 
1.21709 -0.657046 -1.28836 0.797331 -0.58146 -1.61529 0.570777 -0.296382 -1.90149 
1.21627 -0.657119 -1.28744 0.798556 -0.581429 -1.61645 0.567079 -0.301964 -1.90341 
1.21633 -0.656991 -1.28698 0.79891 -0.581783 -1.61679 0.561823 -0.310386 -1.90705 
1.21638 -0.656922 -1.28686 0.79914 -0.582055 -1.61692 0.55996 -0.314595 -1.90914 
1.21635 -0.656923 -1.28663 0.799337 -0.582645 -1.61707 0.555965 -0.319931 -1.90967 
1.2164 -0.656854 -1.28639 0.79972 -0.58387 -1.61678 0.552463 -0.327952 -1.91368 
1.21653 -0.656757 -1.28627 0.799971 -0.584134 -1.61698 0.550231 -0.332918 -1.9176 
1.21653 -0.656811 -1.28609 0.800228 -0.584516 -1.61717 0.546831 -0.339817 -1.91835 
1.2175 -0.656591 -1.28663 0.80124 -0.585945 -1.61816 0.54143 -0.350565 -1.92253 
1.21663 -0.656766 -1.28595 0.801454 -0.586468 -1.61837 0.539231 -0.355145 -1.92364 
1.21803 -0.656292 -1.28676 0.801239 -0.587385 -1.61804 0.535886 -0.362126 -1.9262 
1.21817 -0.656326 -1.28665 0.801328 -0.588521 -1.61808 0.532629 -0.369747 -1.92746 
1.21826 -0.656609 -1.28626 0.802571 -0.590114 -1.61868 0.527174 -0.382776 -1.93119 
1.21873 -0.656124 -1.28635 0.802841 -0.590799 -1.61876 0.524537 -0.388213 -1.9314 
1.21879 -0.656125 -1.28613 0.802972 -0.592113 -1.61859 0.522124 -0.395927 -1.93392 
1.21912 -0.656211 -1.28608 0.803492 -0.593601 -1.61881 0.517878 -0.408503 -1.93736 
1.21919 -0.656206 -1.28592 0.803924 -0.594199 -1.61874 0.516075 -0.414424 -1.93796 
1.21945 -0.656162 -1.28585 0.804325 -0.595153 -1.61879 0.512365 -0.422704 -1.93868 
1.22033 -0.656244 -1.28585 0.805839 -0.597026 -1.6196 0.509753 -0.432599 -1.94125 
1.22065 -0.656243 -1.28549 0.806941 -0.598544 -1.6196 0.506076 -0.446969 -1.94267 
1.22073 -0.656272 -1.28541 0.807178 -0.598867 -1.61971 0.505481 -0.449264 -1.94397 
1.2212 -0.656327 -1.28475 0.808374 -0.600269 -1.62053 0.505394 -0.455697 -1.94901 
1.2214 -0.65642 -1.28455 0.809163 -0.602637 -1.62005 0.5009 -0.469114 -1.94689 
1.22148 -0.65644 -1.28435 0.80952 -0.605093 -1.61994 0.4994 -0.480097 -1.95017 
1.22149 -0.656484 -1.28434 0.809763 -0.605347 -1.62017 0.499065 -0.482517 -1.95192 
1.22152 -0.656512 -1.28439 0.811563 -0.606681 -1.62149 0.49742 -0.493183 -1.95269 
1.22151 -0.6565 -1.28447 0.811592 -0.608887 -1.6213 0.496981 -0.499564 -1.95407 
1.22152 -0.65659 -1.28448 0.812521 -0.611476 -1.62189 0.495763 -0.510576 -1.95655 
1.22148 -0.656567 -1.28449 0.81278 -0.612175 -1.62217 0.495406 -0.514989 -1.95668 
1.22147 -0.656594 -1.28439 0.813401 -0.61326 -1.62243 0.494639 -0.521261 -1.95698 
1.22126 -0.656414 -1.2839 0.814521 -0.615744 -1.62344 0.494079 -0.529322 -1.95934 
1.22124 -0.656349 -1.28378 0.814714 -0.616487 -1.62356 0.493741 -0.533443 -1.95864 
1.22117 -0.656263 -1.28353 0.815102 -0.617479 -1.62393 0.493842 -0.537353 -1.95999 
1.22054 -0.656662 -1.2822 0.815561 -0.620326 -1.62407 0.493867 -0.544437 -1.96049 
1.22063 -0.656406 -1.28198 0.815882 -0.620956 -1.62438 0.493782 -0.547926 -1.96078 
1.22083 -0.65584 -1.28207 0.815995 -0.62194 -1.62424 0.495592 -0.551273 -1.96442 
1.22051 -0.655607 -1.28177 0.816343 -0.623788 -1.62436 0.495365 -0.559313 -1.9645 
1.22042 -0.655413 -1.28175 0.81657 -0.62432 -1.62449 0.496836 -0.561164 -1.96916 
1.22032 -0.655308 -1.28166 0.816687 -0.625033 -1.62461 0.495194 -0.5664 -1.96643 
1.21945 -0.655475 -1.28055 0.816925 -0.625927 -1.62468 0.496729 -0.57073 -1.96915 
1.21939 -0.655451 -1.28039 0.817814 -0.626515 -1.62563 0.494968 -0.573609 -1.9665 
1.21918 -0.6554 -1.28005 0.817929 -0.626779 -1.62558 0.494951 -0.574684 -1.96651 
1.21892 -0.65495 -1.27959 0.817793 -0.626744 -1.62528 0.494973 -0.57522 -1.96663 
1.21875 -0.654981 -1.27924 0.817741 -0.626719 -1.62516 0.49504 -0.575253 -1.96666 
1.21872 -0.654786 -1.27894 0.817746 -0.626196 -1.62509 0.495014 -0.575214 -1.96641 
1.21869 -0.654723 -1.27858 0.816819 -0.625888 -1.62404 0.49516 -0.575074 -1.96651 
1.21877 -0.654556 -1.27836 0.816859 -0.625665 -1.62384 0.495117 -0.575152 -1.96577 
1.21963 -0.654038 -1.27883 0.816715 -0.625268 -1.62355 0.495421 -0.574754 -1.966 
1.21978 -0.653103 -1.27849 0.81749 -0.624225 -1.62401 0.495209 -0.574085 -1.96442 
1.2199 -0.652965 -1.27842 0.817454 -0.623953 -1.62384 0.496412 -0.572781 -1.9664 
1.21998 -0.652583 -1.27805 0.817711 -0.622955 -1.624 0.496979 -0.570433 -1.96726 
1.22033 -0.65208 -1.27754 0.817602 -0.621934 -1.62303 0.495917 -0.568118 -1.96227 
1.22039 -0.651987 -1.27722 0.817374 -0.621372 -1.62288 0.497127 -0.566304 -1.9638 
1.22045 -0.651724 -1.27646 0.816139 -0.620961 -1.62126 0.497758 -0.562935 -1.96345 
1.22139 -0.650713 -1.27431 0.816314 -0.61826 -1.62073 0.497863 -0.557827 -1.96174 
1.22162 -0.650763 -1.27378 0.815991 -0.617732 -1.61969 0.498239 -0.554929 -1.96194 
1.22315 -0.650136 -1.27432 0.815871 -0.617101 -1.61899 0.497071 -0.553501 -1.95801 
1.22394 -0.649955 -1.27373 0.816298 -0.616694 -1.6176 0.497115 -0.554161 -1.95501 
1.22419 -0.65002 -1.27346 0.816404 -0.616863 -1.61723 0.49843 -0.553872 -1.95728 
1.22459 -0.650008 -1.27332 0.816451 -0.617187 -1.61692 0.498226 -0.556583 -1.95642 
1.22499 -0.649731 -1.27304 0.816415 -0.618226 -1.6163 0.497838 -0.561301 -1.95516 
1.22514 -0.649632 -1.27291 0.816513 -0.618414 -1.61618 0.497946 -0.561644 -1.95675 
1.22542 -0.64953 -1.27273 0.816435 -0.618618 -1.61588 0.498063 -0.56308 -1.95551 
1.2255 -0.649154 -1.27219 0.817201 -0.61799 -1.61641 0.497719 -0.565425 -1.95413 
1.22695 -0.648142 -1.27241 0.816124 -0.617153 -1.61457 0.497535 -0.565512 -1.95291 
1.22733 -0.648228 -1.27185 0.815944 -0.616938 -1.61382 0.497661 -0.563671 -1.95353 
1.22765 -0.648268 -1.2715 0.815789 -0.616364 -1.61291 0.497238 -0.563116 -1.95203 
1.22758 -0.649045 -1.2697 0.815684 -0.615337 -1.61148 0.495233 -0.56334 -1.94753 
1.22821 -0.649485 -1.26949 0.815619 -0.614842 -1.61042 0.494391 -0.563368 -1.94478 
1.22843 -0.649898 -1.26966 0.815618 -0.614874 -1.61022 0.494226 -0.563485 -1.94448 
1.2297 -0.650285 -1.27076 0.815601 -0.61549 -1.6098 0.494204 -0.564301 -1.94478 
1.2304 -0.650187 -1.27177 0.815787 -0.615842 -1.60999 0.494145 -0.565085 -1.9448 
1.23083 -0.65034 -1.27215 0.816737 -0.61657 -1.61077 0.493598 -0.565085 -1.94333 
1.2309 -0.650385 -1.27224 0.816621 -0.616501 -1.61042 0.493005 -0.564951 -1.94178 
1.23086 -0.650295 -1.27218 0.815345 -0.616737 -1.60857 0.490434 -0.565531 -1.93681 
1.23098 -0.650382 -1.27194 0.815591 -0.615633 -1.60808 0.490567 -0.563389 -1.93715 
1.23082 -0.650466 -1.27038 0.815471 -0.613797 -1.60785 0.491187 -0.559617 -1.93757 
1.23081 -0.650441 -1.27008 0.815351 -0.613533 -1.6079 0.493266 -0.557984 -1.94121 
1.23091 -0.650622 -1.26989 0.815556 -0.613733 -1.60817 0.494165 -0.55785 -1.94235 
1.23114 -0.650822 -1.27002 0.816107 -0.615621 -1.60966 0.497195 -0.559771 -1.94736 
1.23129 -0.650792 -1.2701 0.817307 -0.616362 -1.61131 0.497875 -0.561118 -1.94811 
1.23135 -0.650727 -1.27018 0.817876 -0.617133 -1.6123 0.498274 -0.564056 -1.9472 
1.23158 -0.650596 -1.27029 0.818343 -0.618091 -1.61268 0.4988 -0.564765 -1.94855 
1.23158 -0.65049 -1.27028 0.818222 -0.617948 -1.61244 0.498281 -0.564556 -1.94681 
1.23149 -0.650303 -1.26991 0.817486 -0.616921 -1.61156 0.498182 -0.561471 -1.94745 
1.23219 -0.649328 -1.26983 0.815825 -0.613675 -1.60919 0.497459 -0.556361 -1.94337 
1.23198 -0.648982 -1.26946 0.8156 -0.612939 -1.60909 0.497877 -0.552966 -1.9442 
1.23185 -0.648983 -1.26929 0.815439 -0.612243 -1.60933 0.498334 -0.549293 -1.94414 
1.23118 -0.649768 -1.26895 0.815201 -0.611437 -1.6101 0.499082 -0.544405 -1.94435 
1.23131 -0.650094 -1.26929 0.815332 -0.61074 -1.61036 0.499256 -0.543256 -1.94436 
1.23121 -0.65017 -1.26939 0.815312 -0.61064 -1.61048 0.499485 -0.541345 -1.94409 
1.23116 -0.650295 -1.26982 0.815278 -0.610684 -1.61041 0.499181 -0.540423 -1.94363 
1.23115 -0.650256 -1.26982 0.8152 -0.610646 -1.61034 0.499096 -0.539999 -1.9434 
1.23122 -0.650225 -1.26987 0.815071 -0.610349 -1.61039 0.499097 -0.538839 -1.94316 
1.23107 -0.650316 -1.26972 0.814886 -0.609745 -1.61069 0.500146 -0.531599 -1.94406 
1.23111 -0.650366 -1.26974 0.814776 -0.609537 -1.61074 0.500679 -0.528789 -1.94227 
1.23108 -0.650267 -1.2698 0.814723 -0.60865 -1.61139 0.501293 -0.522723 -1.94175 
1.23109 -0.650264 -1.26989 0.814504 -0.606344 -1.61215 0.502071 -0.51036 -1.93733 
1.23097 -0.65029 -1.26996 0.814367 -0.605765 -1.61246 0.502991 -0.505062 -1.9366 
1.23074 -0.650418 -1.27008 0.814114 -0.604797 -1.61272 0.504196 -0.497628 -1.93592 
1.23035 -0.650613 -1.27027 0.813084 -0.602395 -1.61228 0.505203 -0.487488 -1.93507 
1.2302 -0.650685 -1.2704 0.812761 -0.601912 -1.61237 0.505403 -0.484333 -1.9349 
1.22996 -0.650914 -1.27063 0.812542 -0.60158 -1.61256 0.506211 -0.480983 -1.93481 
1.23023 -0.650825 -1.27175 0.812285 -0.601627 -1.61392 0.507094 -0.476353 -1.93551 
1.23013 -0.650813 -1.27191 0.812252 -0.601721 -1.61445 0.508667 -0.474289 -1.93683 
1.23015 -0.650903 -1.27223 0.812212 -0.601866 -1.61518 0.508997 -0.470475 -1.93616 
1.23021 -0.651048 -1.27271 0.812153 -0.601442 -1.61601 0.512888 -0.464273 -1.93756 
1.23028 -0.651083 -1.27279 0.812106 -0.601295 -1.61604 0.513808 -0.460355 -1.93763 
1.23029 -0.65121 -1.27277 0.811943 -0.600834 -1.61604 0.514161 -0.457262 -1.93608 
1.23033 -0.651279 -1.27273 0.811836 -0.600098 -1.61598 0.51516 -0.451765 -1.93456 
1.23039 -0.651341 -1.27265 0.81148 -0.599459 -1.6153 0.516229 -0.44657 -1.9325 
1.23039 -0.651384 -1.27266 0.811445 -0.599361 -1.61531 0.516564 -0.445065 -1.9325 
1.2304 -0.651317 -1.27264 0.810106 -0.599626 -1.61417 0.517 -0.441816 -1.9307 
1.23037 -0.651321 -1.27264 0.810127 -0.599505 -1.6144 0.518196 -0.437718 -1.93031 
1.23047 -0.651278 -1.27277 0.809963 -0.598907 -1.61462 0.519533 -0.432862 -1.92877 
1.23044 -0.65134 -1.27289 0.80978 -0.598689 -1.61488 0.520128 -0.43035 -1.92858 
1.23026 -0.65138 -1.27284 0.809612 -0.598654 -1.61487 0.521751 -0.426948 -1.92871 
1.23018 -0.651416 -1.27289 0.80977 -0.597436 -1.6154 0.523823 -0.420365 -1.92698 
1.23019 -0.651434 -1.27298 0.809662 -0.597 -1.61544 0.524078 -0.418199 -1.92639 
1.23008 -0.651533 -1.27314 0.809563 -0.596627 -1.61556 0.526155 -0.413278 -1.92716 
1.23005 -0.651538 -1.27347 0.809511 -0.596343 -1.61572 0.526464 -0.411005 -1.92595 
1.22896 -0.652031 -1.27295 0.809479 -0.595978 -1.61598 0.527861 -0.407001 -1.92471 
1.22894 -0.652022 -1.27306 0.80932 -0.595943 -1.61602 0.52831 -0.405282 -1.92457 
1.22883 -0.652014 -1.27319 0.809204 -0.596018 -1.61617 0.528751 -0.402995 -1.9238 
1.22886 -0.651957 -1.27347 0.809284 -0.595591 -1.61697 0.531107 -0.396066 -1.92249 
1.22883 -0.651963 -1.27346 0.809122 -0.595185 -1.61714 0.5317 -0.392829 -1.92036 
1.22873 -0.651986 -1.27367 0.808947 -0.594578 -1.61747 0.536041 -0.386413 -1.92229 
1.22815 -0.652664 -1.27404 0.808575 -0.593615 -1.61764 0.539329 -0.375831 -1.91853 
1.22818 -0.652677 -1.27412 0.808026 -0.593213 -1.61719 0.540425 -0.37245 -1.91637 
1.22804 -0.652845 -1.27416 0.807727 -0.592361 -1.6169 0.54181 -0.366778 -1.91453 
1.22791 -0.653008 -1.27431 0.807335 -0.591797 -1.61666 0.544844 -0.359861 -1.91356 
1.22789 -0.653038 -1.27431 0.807201 -0.591651 -1.61652 0.545557 -0.358466 -1.9125 
1.22781 -0.653008 -1.27435 0.807023 -0.591519 -1.61652 0.546941 -0.35653 -1.91253 
1.22785 -0.652738 -1.27442 0.806822 -0.591471 -1.61653 0.548897 -0.352179 -1.91135 
1.22784 -0.652616 -1.27453 0.806643 -0.591532 -1.61661 0.549777 -0.350749 -1.90992 
1.22784 -0.652468 -1.27461 0.806516 -0.591331 -1.61674 0.551477 -0.34676 -1.90829 
1.22777 -0.652436 -1.27479 0.806262 -0.590666 -1.61696 0.557158 -0.337698 -1.9075 
1.22772 -0.652463 -1.27491 0.805342 -0.589292 -1.61698 0.561032 -0.327558 -1.90068 
1.22763 -0.652457 -1.27499 0.804081 -0.589454 -1.6158 0.562262 -0.323947 -1.8998 
1.22757 -0.65264 -1.27512 0.803996 -0.587506 -1.61585 0.568164 -0.314362 -1.89641 
1.22742 -0.652811 -1.2752 0.803669 -0.586698 -1.61546 0.570464 -0.308029 -1.89341 
1.22724 -0.652812 -1.27537 0.803302 -0.585488 -1.61504 0.575038 -0.299991 -1.88967 
1.22719 -0.652801 -1.27536 0.803055 -0.585162 -1.61501 0.576938 -0.297879 -1.88826 
1.22715 -0.652733 -1.27551 0.802874 -0.584777 -1.61507 0.578623 -0.29396 -1.88678 
1.22709 -0.652689 -1.27563 0.8029 -0.584045 -1.61524 0.579657 -0.292161 -1.88509 
1.22712 -0.652598 -1.27578 0.802883 -0.583632 -1.61546 0.583511 -0.287153 -1.88391 
1.22712 -0.652583 -1.27584 0.802731 -0.583591 -1.6155 0.584373 -0.286035 -1.88289 
1.22715 -0.652599 -1.27585 0.802685 -0.583508 -1.61548 0.586702 -0.283975 -1.88147 
1.22711 -0.652596 -1.27589 0.80255 -0.583218 -1.61542 0.588838 -0.279437 -1.87877 
1.22711 -0.65254 -1.27593 0.801672 -0.582687 -1.61432 0.593689 -0.272735 -1.87627 
1.22704 -0.652593 -1.2759 0.801637 -0.582524 -1.61433 0.595042 -0.271485 -1.87611 
1.22719 -0.652168 -1.27637 0.801377 -0.582087 -1.61411 0.5982 -0.266176 -1.87174 
1.22699 -0.652497 -1.27594 0.801287 -0.581774 -1.61407 0.603034 -0.261877 -1.87081 
1.227 -0.652114 -1.27648 0.800785 -0.581114 -1.61417 0.607838 -0.254572 -1.86546 
1.22705 -0.652018 -1.27653 0.801224 -0.580304 -1.61462 0.611518 -0.251205 -1.86431 
1.22699 -0.652017 -1.27659 0.801077 -0.57997 -1.61467 0.615615 -0.2462 -1.86143 
1.22694 -0.651942 -1.2766 0.800888 -0.57969 -1.6148 0.620415 -0.241729 -1.85965 
1.22632 -0.651869 -1.27631 0.80064 -0.579013 -1.61481 0.626905 -0.232818 -1.85238 
1.22622 -0.651837 -1.27636 0.80064 -0.578351 -1.61501 0.63156 -0.229411 -1.85117 
1.22607 -0.651719 -1.27643 0.800356 -0.577292 -1.61505 0.635167 -0.224543 -1.84594 
1.22593 -0.651773 -1.27642 0.80009 -0.576539 -1.61489 0.642752 -0.216333 -1.84005 
1.22589 -0.65179 -1.27646 0.799993 -0.576343 -1.61487 0.64696 -0.212274 -1.83855 
1.22584 -0.651847 -1.27645 0.799786 -0.575843 -1.61478 0.650856 -0.208335 -1.83477 
1.22579 -0.651815 -1.27654 0.799479 -0.575334 -1.61489 0.656759 -0.203862 -1.8313 
1.22606 -0.651614 -1.27736 0.799288 -0.575051 -1.61484 0.660412 -0.199567 -1.82617 
1.22599 -0.651668 -1.27727 0.799239 -0.574982 -1.61474 0.661003 -0.199227 -1.82528 
1.2258 -0.651182 -1.27737 0.799087 -0.574831 -1.61477 0.665915 -0.194811 -1.82425 
1.22564 -0.651171 -1.27739 0.799041 -0.57474 -1.61479 0.667425 -0.193772 -1.82127 
1.22561 -0.651071 -1.27759 0.798793 -0.574633 -1.61476 0.674433 -0.188605 -1.81771 
1.22557 -0.650996 -1.27767 0.797695 -0.574905 -1.61371 0.67671 -0.187703 -1.81413 
1.22547 -0.650997 -1.27778 0.797613 -0.574554 -1.61373 0.682924 -0.182786 -1.81214 
1.22531 -0.651039 -1.27782 0.797554 -0.574048 -1.614 0.690689 -0.177076 -1.80777 
1.22509 -0.65107 -1.2779 0.797502 -0.573438 -1.61442 0.694161 -0.175135 -1.8018 
1.22509 -0.650992 -1.27827 0.797368 -0.573113 -1.61452 0.700215 -0.170602 -1.79958 
1.22325 -0.652096 -1.27727 0.797616 -0.572067 -1.61522 0.707952 -0.165593 -1.7944 
1.22308 -0.652111 -1.27748 0.797517 -0.571949 -1.61546 0.70955 -0.164726 -1.7917 
1.2227 -0.652047 -1.27792 0.797367 -0.571637 -1.61583 0.71118 -0.163226 -1.78667 
1.22247 -0.652035 -1.27818 0.797468 -0.571529 -1.61598 0.71763 -0.160328 -1.78688 
1.22222 -0.652024 -1.27857 0.797184 -0.571231 -1.61635 0.724125 -0.156966 -1.7836 
1.22216 -0.652007 -1.27861 0.797204 -0.571129 -1.61645 0.725725 -0.155579 -1.781 
1.22202 -0.651967 -1.27872 0.797105 -0.570933 -1.6167 0.729664 -0.153981 -1.778 
1.22188 -0.651973 -1.27893 0.796696 -0.570628 -1.61701 0.734855 -0.150848 -1.77292 
1.2215 -0.651933 -1.27918 0.796583 -0.570165 -1.61726 0.742557 -0.14696 -1.76667 
1.22144 -0.651883 -1.27929 0.796518 -0.570103 -1.61731 0.74357 -0.146168 -1.76522 
1.22108 -0.651972 -1.27957 0.796492 -0.569335 -1.61779 0.749477 -0.143752 -1.76114 
1.22091 -0.651982 -1.27978 0.796357 -0.569019 -1.61798 0.754016 -0.14076 -1.75859 
1.22079 -0.651464 -1.28066 0.79616 -0.568297 -1.61845 0.75866 -0.138686 -1.75396 
1.22066 -0.651446 -1.28086 0.796042 -0.568062 -1.61855 0.76062 -0.136819 -1.75299 
1.22058 -0.651754 -1.28116 0.795327 -0.567917 -1.61821 0.7649 -0.135141 -1.75254 
1.22035 -0.651666 -1.28148 0.794938 -0.566959 -1.61874 0.767518 -0.134189 -1.75089 
1.22019 -0.651683 -1.28146 0.794831 -0.566848 -1.61867 0.769047 -0.134049 -1.74987 
1.21997 -0.651199 -1.28149 0.794569 -0.566542 -1.6184 0.771649 -0.133003 -1.75105 
1.21926 -0.65137 -1.28116 0.794341 -0.566103 -1.61798 0.773084 -0.13257 -1.7515 
1.219 -0.651071 -1.28146 0.794065 -0.565931 -1.61751 0.774023 -0.132252 -1.75249 
1.21862 -0.651191 -1.28181 0.794065 -0.565848 -1.61748 0.774181 -0.131966 -1.75347 
1.21791 -0.651137 -1.28149 0.793991 -0.565996 -1.61731 0.773923 -0.131268 -1.75486 
1.21767 -0.650979 -1.28131 0.793939 -0.566329 -1.61714 0.770049 -0.130562 -1.75583 
1.21684 -0.650817 -1.28001 0.794066 -0.566964 -1.61709 0.76693 -0.131037 -1.7576 
1.21669 -0.650542 -1.27975 0.793987 -0.567088 -1.61712 0.765811 -0.131265 -1.75816 
1.21599 -0.650203 -1.28023 0.794137 -0.567885 -1.61736 0.762496 -0.132721 -1.75814 
1.21584 -0.650116 -1.28033 0.794523 -0.568979 -1.61776 0.76042 -0.133668 -1.7564 
1.21555 -0.650234 -1.28072 0.794442 -0.569763 -1.61828 0.762034 -0.132847 -1.75423 
1.21548 -0.65054 -1.281 0.794515 -0.569934 -1.61854 0.763417 -0.132645 -1.7519 
1.21583 -0.650392 -1.28238 0.794045 -0.570548 -1.6186 0.766332 -0.13127 -1.74863 
1.21535 -0.650863 -1.28364 0.793945 -0.570455 -1.61956 0.773649 -0.128616 -1.74118 
1.21482 -0.65183 -1.28405 0.793758 -0.570186 -1.62007 0.776531 -0.127073 -1.7364 
1.21436 -0.652073 -1.28473 0.793477 -0.569888 -1.62044 0.781817 -0.125349 -1.73126 
1.21297 -0.652494 -1.28522 0.793124 -0.569485 -1.62069 0.787547 -0.122361 -1.72649 
1.21198 -0.652754 -1.28597 0.79206 -0.568378 -1.62048 0.791723 -0.121445 -1.71706 
1.21167 -0.652897 -1.2862 0.791895 -0.568137 -1.62051 0.794879 -0.118755 -1.71759 
1.21166 -0.652994 -1.28631 0.791849 -0.567843 -1.62054 0.795494 -0.11842 -1.71541 
1.21162 -0.653098 -1.28611 0.791736 -0.56792 -1.62043 0.791274 -0.119146 -1.71344 
1.21163 -0.653148 -1.286 0.791826 -0.568031 -1.6204 0.789418 -0.119221 -1.71306 
1.21174 -0.65311 -1.28577 0.79197 -0.568327 -1.62048 0.785548 -0.119768 -1.71193 
1.21188 -0.653223 -1.28554 0.791882 -0.569813 -1.62047 0.778207 -0.122046 -1.71233 
1.2121 -0.653782 -1.2856 0.793201 -0.571012 -1.62185 0.768463 -0.124114 -1.71475 
1.21215 -0.653818 -1.28568 0.793312 -0.571191 -1.62198 0.766051 -0.124955 -1.71454 
1.212 -0.654096 -1.28596 0.793598 -0.572111 -1.62231 0.760252 -0.127464 -1.71745 
1.21197 -0.654871 -1.28628 0.793482 -0.572937 -1.62259 0.756361 -0.128478 -1.71786 
1.21182 -0.655781 -1.28754 0.792917 -0.573634 -1.62271 0.752694 -0.129284 -1.71726 
1.21129 -0.65684 -1.28767 0.7927 -0.573537 -1.62258 0.752415 -0.129401 -1.71632 
1.21136 -0.657387 -1.28824 0.792655 -0.573296 -1.62182 0.754204 -0.128978 -1.71504 
1.21137 -0.657643 -1.28861 0.792443 -0.572738 -1.62155 0.756093 -0.12757 -1.71455 
1.21181 -0.65784 -1.28979 0.791978 -0.571605 -1.62192 0.762149 -0.124866 -1.71623 
1.212 -0.657986 -1.29007 0.791016 -0.571817 -1.62102 0.764033 -0.125113 -1.71594 
1.21197 -0.658238 -1.29041 0.792098 -0.571461 -1.62243 0.765177 -0.125977 -1.71712 
1.21214 -0.658511 -1.2909 0.79232 -0.571994 -1.62274 0.76447 -0.127264 -1.7199 
1.21205 -0.658326 -1.29092 0.792452 -0.572615 -1.62269 0.763154 -0.128313 -1.72282 
1.212 -0.658114 -1.29099 0.792334 -0.572893 -1.62253 0.761876 -0.129174 -1.72396 
1.21175 -0.657515 -1.29074 0.792499 -0.573282 -1.62262 0.758637 -0.130994 -1.72747 
1.21178 -0.657275 -1.29058 0.791394 -0.574783 -1.62159 0.756358 -0.132337 -1.73164 
1.2118 -0.657017 -1.28998 0.791575 -0.575664 -1.62167 0.750185 -0.13504 -1.73644 
1.21177 -0.65693 -1.28965 0.791552 -0.575916 -1.62154 0.748452 -0.136536 -1.73882 
1.21167 -0.656535 -1.28882 0.791555 -0.576147 -1.62122 0.74477 -0.137371 -1.74268 
1.21232 -0.655576 -1.28867 0.791642 -0.576368 -1.62074 0.740711 -0.139497 -1.74589 
1.21279 -0.654734 -1.288 0.792576 -0.576472 -1.62051 0.734272 -0.142314 -1.75027 
1.21277 -0.65461 -1.28682 0.792558 -0.576661 -1.61971 0.731127 -0.14467 -1.75572 
1.21304 -0.654536 -1.28626 0.792571 -0.576854 -1.61927 0.72663 -0.147029 -1.75943 
1.21386 -0.653909 -1.2858 0.792852 -0.576763 -1.61911 0.721711 -0.151152 -1.76916 
1.21426 -0.653844 -1.28536 0.792694 -0.576493 -1.61864 0.717999 -0.154379 -1.772 
1.21454 -0.65373 -1.28513 0.793018 -0.575276 -1.61842 0.715556 -0.155461 -1.7809 
1.2152 -0.653574 -1.28437 0.793135 -0.574235 -1.61779 0.708509 -0.160178 -1.79149 
1.21722 -0.653166 -1.28471 0.793575 -0.573979 -1.61831 0.700289 -0.165631 -1.80219 
1.21751 -0.65308 -1.28443 0.793803 -0.574325 -1.61888 0.694895 -0.16925 -1.80587 
1.21783 -0.653046 -1.28398 0.795032 -0.57551 -1.62051 0.687654 -0.175393 -1.81232 
1.21841 -0.653148 -1.28313 0.795627 -0.577008 -1.62097 0.677854 -0.184418 -1.82121 
1.21912 -0.653107 -1.28248 0.795971 -0.577848 -1.6211 0.666818 -0.193438 -1.83391 
1.21954 -0.653109 -1.28206 0.796006 -0.577962 -1.62103 0.663978 -0.19615 -1.83468 
1.21946 -0.653139 -1.28104 0.796031 -0.578139 -1.62079 0.653463 -0.204151 -1.84099 
1.22075 -0.652475 -1.28135 0.796094 -0.578223 -1.62063 0.642505 -0.214924 -1.8504 
1.22088 -0.652462 -1.28134 0.795845 -0.578906 -1.62034 0.641432 -0.216258 -1.85274 
1.22081 -0.652925 -1.28042 0.796151 -0.579596 -1.6207 0.633341 -0.225504 -1.85951 
1.22099 -0.652942 -1.28031 0.796329 -0.58051 -1.62107 0.626784 -0.233153 -1.86256 
1.22124 -0.652925 -1.2801 0.796682 -0.581201 -1.62158 0.619989 -0.241982 -1.87188 
1.2214 -0.65301 -1.2799 0.796725 -0.581348 -1.62163 0.616453 -0.247004 -1.87357 
1.22136 -0.652978 -1.27995 0.7969 -0.581627 -1.62149 0.613069 -0.252134 -1.87892 
1.22162 -0.652993 -1.27987 0.796794 -0.582398 -1.62095 0.605752 -0.261085 -1.88508 
1.22149 -0.652957 -1.27998 0.796776 -0.582572 -1.62086 0.602619 -0.265747 -1.88659 
1.22162 -0.653014 -1.27985 0.796973 -0.58287 -1.62078 0.598217 -0.271656 -1.88997 
1.22173 -0.653139 -1.27973 0.797391 -0.583905 -1.62154 0.590774 -0.282491 -1.8964 
1.22177 -0.653154 -1.27968 0.797617 -0.584137 -1.62187 0.588373 -0.287493 -1.90007 
1.22194 -0.653136 -1.27961 0.798001 -0.584732 -1.62243 0.584488 -0.294713 -1.90506 
1.22195 -0.652951 -1.27936 0.799457 -0.585942 -1.62437 0.578243 -0.308212 -1.91277 
1.22203 -0.652944 -1.27922 0.799935 -0.586458 -1.62474 0.576163 -0.31376 -1.91648 
1.222 -0.652839 -1.27862 0.800371 -0.587229 -1.62529 0.570882 -0.322809 -1.91895 
1.2222 -0.652817 -1.27822 0.80141 -0.589083 -1.62621 0.564192 -0.337817 -1.92624 
1.2223 -0.652837 -1.2779 0.802245 -0.590322 -1.627 0.560754 -0.345533 -1.92747 
1.2223 -0.653022 -1.27727 0.802868 -0.591731 -1.62717 0.557281 -0.356423 -1.93285 
1.2229 -0.653044 -1.27642 0.803145 -0.594035 -1.62702 0.549264 -0.374731 -1.9364 
1.22315 -0.652969 -1.276 0.803859 -0.595996 -1.62689 0.5458 -0.388236 -1.94181 
1.22444 -0.652297 -1.27641 0.804393 -0.598173 -1.62702 0.540349 -0.40282 -1.94397 
1.22492 -0.651469 -1.27559 0.806672 -0.601198 -1.6282 0.536849 -0.42167 -1.95003 
1.22512 -0.651206 -1.27504 0.807528 -0.60351 -1.62911 0.534717 -0.436889 -1.95477 
1.22524 -0.651061 -1.27454 0.809284 -0.606086 -1.62993 0.533734 -0.450935 -1.96371 
1.22534 -0.650439 -1.27398 0.810184 -0.610666 -1.63012 0.529191 -0.476246 -1.97042 
0
1.2255 -0.650195 -1.27373 0.812635 -0.615297 -1.63195 0.525451 -0.498743 -1.97301 
1.22531 -0.650161 -1.27389 0.814156 -0.618021 -1.63257 0.521268 -0.515623 -1.97216 
1.22527 -0.650112 -1.27401 0.814554 -0.619023 -1.63303 0.52098 -0.51986 -1.97319 
1.22532 -0.650142 -1.27416 0.815429 -0.620388 -1.63373 0.52046 -0.524848 -1.97349 
1.22546 -0.650355 -1.2742 0.816344 -0.622025 -1.63405 0.51967 -0.532561 -1.97279 
1.22545 -0.650357 -1.27421 0.816551 -0.622855 -1.63406 0.519806 -0.534054 -1.97393 
1.22554 -0.650417 -1.27413 0.81648 -0.624765 -1.63315 0.518791 -0.539234 -1.97393 
1.22567 -0.650335 -1.27381 0.818621 -0.626076 -1.63373 0.518005 -0.548579 -1.97416 
1.22571 -0.650237 -1.27353 0.818907 -0.626788 -1.6335 0.517623 -0.55317 -1.97381 
1.22584 -0.650024 -1.27327 0.819995 -0.628525 -1.63282 0.516739 -0.561222 -1.97308 
1.22593 -0.649766 -1.2727 0.821099 -0.633446 -1.63261 0.51537 -0.574341 -1.97399 
1.22595 -0.649644 -1.27251 0.821471 -0.634993 -1.6323 0.514745 -0.580773 -1.97346 
1.22598 -0.649479 -1.27233 0.821833 -0.637975 -1.63237 0.514518 -0.587687 -1.97338 
1.22591 -0.649052 -1.272 0.822229 -0.640732 -1.63188 0.516272 -0.592333 -1.97676 
1.22635 -0.648352 -1.27216 0.823894 -0.643407 -1.63322 0.516395 -0.600648 -1.97697 
1.22563 -0.648857 -1.27179 0.824092 -0.644182 -1.63352 0.515895 -0.604773 -1.97617 
1.22542 -0.648722 -1.27178 0.824429 -0.645398 -1.63362 0.516189 -0.607715 -1.97636 
1.2252 -0.648579 -1.27169 0.824443 -0.646606 -1.63352 0.518012 -0.609715 -1.97982 
1.22568 -0.647896 -1.27204 0.82482 -0.647014 -1.63393 0.518258 -0.61026 -1.98157 
1.22533 -0.647666 -1.27196 0.824913 -0.648325 -1.6344 0.518172 -0.614051 -1.97908 
1.22493 -0.647467 -1.27154 0.825169 -0.648988 -1.63514 0.518847 -0.615051 -1.98034 
1.22477 -0.647363 -1.27147 0.825339 -0.649181 -1.63551 0.519256 -0.614992 -1.98247 
1.22358 -0.647532 -1.2704 0.82568 -0.649308 -1.63648 0.519204 -0.617029 -1.98207 
1.22245 -0.64738 -1.26956 0.825416 -0.649642 -1.6359 0.518989 -0.61755 -1.98233 
1.22226 -0.647269 -1.26927 0.82526 -0.649744 -1.63545 0.51868 -0.617893 -1.9819 
1.22302 -0.646405 -1.27005 0.824842 -0.649708 -1.63464 0.518307 -0.618177 -1.98165 
1.22342 -0.645084 -1.26991 0.824236 -0.649404 -1.63331 0.517367 -0.619652 -1.98094 
1.22296 -0.644639 -1.26912 0.823998 -0.649368 -1.63269 0.516629 -0.62145 -1.97972 
1.22303 -0.643495 -1.26835 0.823992 -0.649349 -1.63217 0.515326 -0.623097 -1.97702 
1.2233 -0.643045 -1.26699 0.823802 -0.648141 -1.63138 0.516906 -0.62335 -1.97838 
1.2236 -0.64189 -1.26543 0.824299 -0.645187 -1.63109 0.517549 -0.623009 -1.97615 
1.22412 -0.641421 -1.26552 0.824121 -0.644575 -1.63092 0.518179 -0.621589 -1.97658 
1.2252 -0.640623 -1.26487 0.82323 -0.641081 -1.62868 0.518903 -0.619181 -1.97632 
1.22572 -0.640572 -1.2642 0.824489 -0.637039 -1.6275 0.51912 -0.616649 -1.97526 
1.22724 -0.641243 -1.26396 0.823419 -0.634319 -1.62398 0.518779 -0.61259 -1.97248 
1.22771 -0.641556 -1.26371 0.823695 -0.634267 -1.62346 0.518749 -0.610435 -1.97174 
1.22811 -0.641947 -1.26393 0.825038 -0.63361 -1.62411 0.518135 -0.607967 -1.97008 
1.22864 -0.643317 -1.26441 0.825539 -0.632012 -1.62459 0.518428 -0.601119 -1.9686 
1.2287 -0.643589 -1.26462 0.825309 -0.631372 -1.62483 0.519048 -0.59813 -1.97013 
1.2286 -0.643897 -1.26514 0.825203 -0.630342 -1.62594 0.519151 -0.595157 -1.97038 
1.22802 -0.64456 -1.26626 0.825152 -0.630038 -1.62757 0.517987 -0.592815 -1.96968 
1.22811 -0.644631 -1.26673 0.825206 -0.630283 -1.62801 0.518179 -0.592812 -1.97024 
1.22821 -0.644578 -1.26678 0.825214 -0.630463 -1.62806 0.519662 -0.593068 -1.97319 
1.2298 -0.644139 -1.26715 0.825506 -0.631157 -1.62752 0.517697 -0.594171 -1.9692 
1.22993 -0.644244 -1.26682 0.82519 -0.630517 -1.62659 0.516567 -0.592576 -1.96644 
1.23069 -0.644429 -1.26582 0.823297 -0.627686 -1.62363 0.515866 -0.586121 -1.96512 
1.23105 -0.644685 -1.26476 0.822315 -0.623147 -1.6211 0.512967 -0.577302 -1.95845 
1.23119 -0.644774 -1.26465 0.822176 -0.622326 -1.62073 0.513447 -0.571063 -1.95943 
1.23134 -0.645061 -1.26483 0.822028 -0.620141 -1.62047 0.513161 -0.565227 -1.95845 
1.23166 -0.645588 -1.26537 0.820896 -0.616696 -1.61916 0.508799 -0.559764 -1.95062 
1.23192 -0.645625 -1.26595 0.820393 -0.616023 -1.61874 0.509939 -0.556429 -1.95159 
1.23207 -0.645878 -1.2665 0.819987 -0.615481 -1.61828 0.507252 -0.555355 -1.94686 
1.23205 -0.64625 -1.26721 0.819459 -0.614645 -1.61763 0.507211 -0.551708 -1.9471 
1.23203 -0.646405 -1.26745 0.819234 -0.614045 -1.61747 0.507235 -0.548441 -1.94716 
1.2322 -0.646492 -1.26749 0.819121 -0.613613 -1.61762 0.507837 -0.545257 -1.94688 
1.23232 -0.646531 -1.26745 0.819017 -0.611886 -1.61809 0.50882 -0.539288 -1.94677 
1.23234 -0.646497 -1.26735 0.818294 -0.611562 -1.61745 0.509443 -0.536372 -1.94717 
1.23237 -0.646562 -1.26721 0.818967 -0.610696 -1.61844 0.510212 -0.532776 -1.94649 
1.23238 -0.64655 -1.26706 0.817961 -0.611324 -1.61798 0.513676 -0.523853 -1.94898 
1.23239 -0.646502 -1.26708 0.817927 -0.610959 -1.61826 0.513933 -0.521468 -1.94776 
1.2322 -0.64647 -1.26716 0.817751 -0.609935 -1.61877 0.51555 -0.514087 -1.94949 
1.23166 -0.646378 -1.26761 0.817637 -0.608208 -1.62005 0.517633 -0.503356 -1.94541 
1.23143 -0.646407 -1.26785 0.817415 -0.60856 -1.62057 0.518348 -0.498582 -1.94512 
1.2313 -0.646452 -1.26831 0.817086 -0.607083 -1.62152 0.519611 -0.491384 -1.94485 
1.23107 -0.646522 -1.26857 0.816654 -0.605701 -1.62203 0.520845 -0.485631 -1.94383 
1.23077 -0.646631 -1.26885 0.816398 -0.60439 -1.62246 0.521726 -0.477877 -1.94276 
1.2308 -0.646566 -1.26889 0.816291 -0.604347 -1.62255 0.522304 -0.475167 -1.9422 
1.23082 -0.646563 -1.26893 0.816154 -0.60434 -1.62257 0.523304 -0.471159 -1.94119 
1.23082 -0.646449 -1.26906 0.816133 -0.603156 -1.62279 0.524278 -0.465967 -1.94003 
1.23074 -0.646418 -1.26928 0.815487 -0.601974 -1.62249 0.527253 -0.457166 -1.9388 
1.2309 -0.646354 -1.26917 0.8154 -0.60192 -1.6224 0.527118 -0.454772 -1.93758 
1.23088 -0.646379 -1.26914 0.814691 -0.6013 -1.62192 0.531131 -0.446398 -1.93786 
1.23092 -0.646401 -1.26918 0.81411 -0.600048 -1.62155 0.532664 -0.439797 -1.93583 
1.23086 -0.646408 -1.26917 0.813683 -0.598935 -1.62144 0.535464 -0.428213 -1.93193 
1.23084 -0.646358 -1.26922 0.813524 -0.598302 -1.62177 0.536855 -0.423644 -1.93079 
1.23071 -0.646454 -1.26917 0.813367 -0.597797 -1.622 0.538338 -0.416678 -1.92745 
1.23046 -0.646518 -1.26929 0.812976 -0.597067 -1.62238 0.543471 -0.406446 -1.92863 
1.22988 -0.647038 -1.26898 0.812634 -0.596774 -1.62234 0.545432 -0.400152 -1.92604 
1.22884 -0.647419 -1.26826 0.81147 -0.596824 -1.62152 0.546994 -0.394012 -1.92438 
1.22854 -0.647213 -1.26853 0.811159 -0.596528 -1.62218 0.551817 -0.382334 -1.92215 
1.22839 -0.64714 -1.2686 0.81106 -0.596272 -1.62247 0.5544 -0.377731 -1.92112 
1.22825 -0.64714 -1.26872 0.810949 -0.595728 -1.62294 0.556064 -0.370644 -1.91843 
1.22811 -0.647067 -1.26891 0.810768 -0.59309 -1.62351 0.561164 -0.358176 -1.91393 
1.228 -0.646995 -1.269 0.810255 -0.592427 -1.62367 0.562739 -0.352786 -1.91197 
1.22793 -0.646951 -1.26909 0.80997 -0.591581 -1.62342 0.566103 -0.345099 -1.90909 
1.2278 -0.646992 -1.26906 0.809892 -0.590156 -1.6233 0.56836 -0.338287 -1.90443 
1.22775 -0.646997 -1.26909 0.808752 -0.589243 -1.6214 0.574114 -0.326981 -1.90054 
1.22765 -0.646951 -1.26902 0.808521 -0.588733 -1.62102 0.575589 -0.322514 -1.89794 
1.22761 -0.64687 -1.26899 0.807869 -0.587995 -1.62107 0.578072 -0.316791 -1.89435 
1.22757 -0.646835 -1.26897 0.807515 -0.586652 -1.62089 0.583888 -0.307714 -1.89137 
1.22754 -0.646832 -1.26896 0.807257 -0.585876 -1.62054 0.585686 -0.304623 -1.88922 
1.22748 -0.646695 -1.26901 0.807084 -0.584904 -1.62022 0.58712 -0.300521 -1.88604 
1.22742 -0.646613 -1.26909 0.807032 -0.583764 -1.61998 0.59148 -0.294091 -1.88358 
1.22778 -0.646115 -1.27019 0.807016 -0.583217 -1.61965 0.595975 -0.286695 -1.87864 
1.22776 -0.646089 -1.27021 0.806741 -0.583074 -1.61997 0.596831 -0.284774 -1.8774 
1.22771 -0.646049 -1.27031 0.806468 -0.582314 -1.61993 0.602589 -0.277905 -1.8752 
1.22761 -0.646087 -1.2703 0.806366 -0.581758 -1.61997 0.605416 -0.273037 -1.87127 
1.22758 -0.646121 -1.27043 0.805164 -0.581535 -1.61889 0.612885 -0.263502 -1.86817 
1.22757 -0.64616 -1.27047 0.80504 -0.581395 -1.61899 0.61489 -0.260784 -1.86481 
1.2275 -0.646107 -1.27052 0.804979 -0.580683 -1.61934 0.62073 -0.254647 -1.86356 
1.22745 -0.646073 -1.27052 0.804839 -0.580229 -1.61944 0.624975 -0.248502 -1.85794 
1.22742 -0.646048 -1.27056 0.804804 -0.57987 -1.61973 0.631044 -0.242689 -1.85613 
1.22739 -0.645952 -1.27059 0.804935 -0.578928 -1.61999 0.635962 -0.23772 -1.85188 
1.22731 -0.645936 -1.27068 0.804889 -0.57845 -1.61999 0.641008 -0.232056 -1.84702 
1.22732 -0.645999 -1.2708 0.804592 -0.577791 -1.61999 0.649276 -0.223804 -1.84098 
1.22725 -0.646022 -1.27079 0.804341 -0.577019 -1.61963 0.657811 -0.215635 -1.83436 
1.22728 -0.646001 -1.27081 0.804226 -0.576599 -1.61949 0.659303 -0.212739 -1.82854 
1.22717 -0.646093 -1.27078 0.804058 -0.575937 -1.61942 0.670486 -0.203871 -1.82428 
1.2265 -0.646105 -1.27066 0.804015 -0.574726 -1.61973 0.681223 -0.195556 -1.81506 
1.22646 -0.64607 -1.2708 0.803918 -0.574577 -1.61973 0.683145 -0.193686 -1.81281 
1.22596 -0.646162 -1.2714 0.803081 -0.573913 -1.61938 0.691829 -0.186701 -1.8056 
1.22563 -0.6462 -1.2717 0.802817 -0.573648 -1.61951 0.69867 -0.182285 -1.80119 
1.22522 -0.646222 -1.27196 0.80246 -0.573296 -1.62009 0.707435 -0.176587 -1.79421 
1.22485 -0.646389 -1.2724 0.80226 -0.572831 -1.62043 0.714052 -0.172702 -1.78937 
1.22445 -0.646428 -1.27271 0.802076 -0.572452 -1.6207 0.719903 -0.168394 -1.78471 
1.22281 -0.646868 -1.27225 0.80181 -0.571675 -1.62105 0.729572 -0.162907 -1.77777 
1.2227 -0.646868 -1.27238 0.801652 -0.571367 -1.62091 0.732652 -0.160776 -1.77568 
1.22244 -0.646938 -1.27264 0.80148 -0.571052 -1.62101 0.737677 -0.158484 -1.77304 
1.22215 -0.646924 -1.27296 0.80118 -0.571033 -1.621 0.741058 -0.157447 -1.76977 
1.22172 -0.646898 -1.27363 0.800873 -0.570758 -1.6214 0.748198 -0.15402 -1.76748 
1.22156 -0.646937 -1.27386 0.800907 -0.570572 -1.62194 0.750022 -0.153883 -1.76572 
1.22196 -0.646469 -1.27536 0.80078 -0.570611 -1.62246 0.754157 -0.15273 -1.76579 
1.2214 -0.646521 -1.27603 0.8008 -0.570706 -1.62356 0.75803 -0.152303 -1.76364 
1.22101 -0.646474 -1.27662 0.800536 -0.571029 -1.62487 0.764812 -0.15063 -1.76277 
1.22086 -0.646505 -1.2767 0.800488 -0.571141 -1.6251 0.765421 -0.150568 -1.76187 
1.21949 -0.647359 -1.27627 0.800544 -0.57141 -1.62591 0.770298 -0.149316 -1.76004 
1.21925 -0.647373 -1.27666 0.80055 -0.571479 -1.62645 0.773508 -0.149012 -1.75789 
1.21877 -0.647318 -1.27733 0.799244 -0.571678 -1.62621 0.780738 -0.146626 -1.75552 
1.21874 -0.647401 -1.27767 0.799207 -0.571531 -1.62635 0.782508 -0.146126 -1.75261 
1.21838 -0.647403 -1.27792 0.799008 -0.571353 -1.62654 0.787086 -0.14472 -1.7514 
1.21802 -0.647445 -1.27823 0.798892 -0.571133 -1.62683 0.789924 -0.144354 -1.74817 
1.21726 -0.647516 -1.27882 0.798511 -0.570509 -1.62681 0.796112 -0.140959 -1.74641 
1.21694 -0.647562 -1.27907 0.798366 -0.570091 -1.62676 0.797092 -0.140727 -1.74501 
1.21507 -0.647972 -1.27873 0.798016 -0.569686 -1.62637 0.798561 -0.140609 -1.74302 
1.21477 -0.647883 -1.27921 0.797945 -0.568997 -1.62647 0.799349 -0.140286 -1.74217 
1.21496 -0.647422 -1.27996 0.797854 -0.568795 -1.62627 0.79941 -0.140133 -1.74259 
1.21481 -0.647497 -1.27994 0.797688 -0.568717 -1.62596 0.799142 -0.140075 -1.74389 
1.21467 -0.647561 -1.27994 0.797763 -0.568214 -1.62581 0.798016 -0.140049 -1.74691 
1.21436 -0.647804 -1.2791 0.797476 -0.568909 -1.62526 0.797575 -0.14032 -1.74899 
1.21443 -0.647683 -1.27883 0.797619 -0.568705 -1.62499 0.797101 -0.141125 -1.75009 
1.21444 -0.64743 -1.27864 0.79758 -0.568542 -1.62482 0.79616 -0.141407 -1.75128 
1.21436 -0.647394 -1.27853 0.797642 -0.568202 -1.62501 0.795722 -0.142091 -1.75108 
1.21439 -0.647349 -1.27861 0.797688 -0.568131 -1.62514 0.795624 -0.142034 -1.75111 
1.2145 -0.647025 -1.27916 0.797745 -0.567923 -1.62534 0.796048 -0.140355 -1.75182 
1.21437 -0.647049 -1.27945 0.797816 -0.567564 -1.6255 0.790831 -0.141507 -1.74928 
1.21436 -0.647034 -1.27947 0.797853 -0.567467 -1.6255 0.790389 -0.141486 -1.74943 
1.21448 -0.647127 -1.27944 0.797917 -0.567131 -1.62533 0.790385 -0.140134 -1.75325 
1.2145 -0.647224 -1.27943 0.797943 -0.56718 -1.6252 0.787432 -0.140492 -1.7549 
1.21434 -0.647767 -1.27892 0.798016 -0.56732 -1.62497 0.780378 -0.14139 -1.75585 
1.21443 -0.647806 -1.27887 0.797946 -0.567508 -1.62475 0.777272 -0.142161 -1.75603 
1.2145 -0.647924 -1.27863 0.797812 -0.56757 -1.62444 0.772552 -0.1425 -1.75654 
1.2149 -0.648197 -1.27834 0.797597 -0.567198 -1.62359 0.765468 -0.143518 -1.75783 
1.21504 -0.648458 -1.27813 0.797366 -0.5673 -1.62291 0.764064 -0.143205 -1.75891 
1.2153 -0.648838 -1.278 0.797159 -0.56717 -1.62214 0.759078 -0.145411 -1.75796 
1.21586 -0.650372 -1.27816 0.796711 -0.566637 -1.62126 0.757104 -0.145355 -1.759 
1.21618 -0.650782 -1.27845 0.796108 -0.566643 -1.62043 0.756611 -0.145082 -1.75942 
1.21741 -0.651246 -1.28006 0.796023 -0.566213 -1.62022 0.756987 -0.143834 -1.75998 
1.21758 -0.651597 -1.28157 0.796719 -0.566507 -1.62117 0.757618 -0.142507 -1.75982 
1.21827 -0.652984 -1.28421 0.797092 -0.565712 -1.62216 0.762027 -0.139644 -1.75884 
1.21823 -0.653243 -1.2847 0.797047 -0.565624 -1.6224 0.764586 -0.139181 -1.75807 
1.21819 -0.653516 -1.28554 0.797032 -0.565921 -1.62285 0.767208 -0.139268 -1.75417 
1.21799 -0.6537 -1.28588 0.797008 -0.566007 -1.62307 0.77359 -0.136324 -1.7524 
1.21801 -0.653542 -1.28585 0.796973 -0.566211 -1.62328 0.773427 -0.13657 -1.75322 
1.2179 -0.653242 -1.28571 0.797129 -0.566835 -1.62366 0.77176 -0.138744 -1.7555 
1.21759 -0.652839 -1.28521 0.797347 -0.567965 -1.624 0.770208 -0.140897 -1.75904 
1.21692 -0.652448 -1.28501 0.797112 -0.568492 -1.62392 0.767748 -0.144465 -1.76246 
1.21686 -0.652361 -1.28498 0.797009 -0.56854 -1.62392 0.767496 -0.144539 -1.76328 
1.21555 -0.652646 -1.28371 0.796675 -0.569715 -1.6233 0.765574 -0.144783 -1.76451 
1.21568 -0.652699 -1.28327 0.796785 -0.570209 -1.62314 0.761987 -0.145453 -1.76471 
1.21736 -0.651218 -1.28391 0.796877 -0.570465 -1.62283 0.757184 -0.146386 -1.76745 
1.21765 -0.65099 -1.28303 0.796935 -0.570358 -1.62265 0.751397 -0.14913 -1.77037 
1.21748 -0.651316 -1.28171 0.79707 -0.570331 -1.62267 0.747315 -0.149745 -1.77694 
1.21881 -0.650988 -1.2809 0.797223 -0.570582 -1.62244 0.739199 -0.154277 -1.78427 
1.22018 -0.650726 -1.28101 0.797292 -0.570584 -1.62178 0.731519 -0.158659 -1.79156 
1.22073 -0.650251 -1.28028 0.797594 -0.569746 -1.62125 0.723393 -0.163343 -1.79961 
1.22142 -0.649888 -1.2794 0.797666 -0.569068 -1.62025 0.712049 -0.170522 -1.81044 
1.22212 -0.648801 -1.27866 0.797793 -0.568673 -1.6197 0.703591 -0.177803 -1.81892 
1.22264 -0.648668 -1.27768 0.798045 -0.568193 -1.61893 0.696975 -0.18326 -1.8296 
1.2242 -0.648155 -1.27721 0.798069 -0.567977 -1.61839 0.686821 -0.192686 -1.84062 
1.22398 -0.648493 -1.27573 0.798212 -0.567983 -1.61838 0.681244 -0.199982 -1.84856 
1.22432 -0.648444 -1.27508 0.798301 -0.568458 -1.61854 0.67525 -0.206544 -1.8563 
1.22436 -0.648321 -1.27455 0.798623 -0.569296 -1.61946 0.665133 -0.217652 -1.86721 
1.22444 -0.648274 -1.27443 0.798752 -0.569584 -1.6197 0.659798 -0.222212 -1.87027 
1.22455 -0.648186 -1.27427 0.798912 -0.570304 -1.61994 0.651953 -0.230617 -1.87519 
1.22459 -0.648074 -1.27374 0.799 -0.57185 -1.62021 0.641133 -0.243572 -1.88595 
1.2247 -0.648019 -1.27365 0.79919 -0.572194 -1.62058 0.635043 -0.250302 -1.88873 
1.22474 -0.647979 -1.27328 0.800422 -0.572555 -1.62274 0.628408 -0.258801 -1.89677 
1.22561 -0.64713 -1.27313 0.800865 -0.575154 -1.62385 0.615129 -0.278047 -1.90573 
1.22564 -0.647104 -1.27304 0.800969 -0.57597 -1.62417 0.613491 -0.281105 -1.90904 
1.22605 -0.646653 -1.27284 0.801628 -0.577879 -1.62505 0.603881 -0.295922 -1.91643 
1.22619 -0.646532 -1.2724 0.802219 -0.579199 -1.62562 0.591502 -0.314411 -1.92262 
1.22622 -0.646545 -1.27238 0.802423 -0.57939 -1.62588 0.588379 -0.317525 -1.92323 
1.22682 -0.646462 -1.2727 0.802823 -0.580812 -1.62587 0.581 -0.33044 -1.92838 
1.22698 -0.64648 -1.27265 0.804075 -0.583169 -1.62627 0.572822 -0.345142 -1.93231 
1.22704 -0.64651 -1.2727 0.804279 -0.583505 -1.62657 0.569894 -0.348832 -1.93047 
1.22721 -0.646532 -1.27257 0.804226 -0.585397 -1.62712 0.566575 -0.359024 -1.93517 
1.22747 -0.646654 -1.27153 0.805281 -0.587169 -1.62754 0.56402 -0.367953 -1.9399 
1.22756 -0.646597 -1.27133 0.80553 -0.588565 -1.62784 0.56125 -0.37448 -1.94041 
1.22781 -0.646614 -1.27096 0.806111 -0.590993 -1.6283 0.55686 -0.386075 -1.9436 
1.22802 -0.64652 -1.27061 0.807984 -0.593295 -1.6297 0.552926 -0.401258 -1.94866 
1.22801 -0.646554 -1.27058 0.808071 -0.593672 -1.62986 0.551257 -0.405113 -1.94825 
1.22775 -0.646915 -1.2696 0.80871 -0.595337 -1.6299 0.546232 -0.418277 -1.95068 
1.22788 -0.646927 -1.26967 0.810106 -0.597541 -1.63069 0.542299 -0.43533 -1.95522 
1.22838 -0.646456 -1.27057 0.810306 -0.597958 -1.63092 0.541591 -0.437724 -1.95702 
1.22785 -0.646966 -1.26964 0.810795 -0.60141 -1.63147 0.537661 -0.452471 -1.95895 
1.22837 -0.646449 -1.27052 0.811696 -0.604473 -1.632 0.537463 -0.461288 -1.96525 
1.22779 -0.647019 -1.26951 0.814268 -0.608881 -1.6344 0.533834 -0.478041 -1.96647 
1.22788 -0.647069 -1.26941 0.816084 -0.612512 -1.63605 0.534119 -0.490676 -1.97218 
1.22789 -0.647026 -1.26927 0.816844 -0.616413 -1.63646 0.531174 -0.505041 -1.97054 
1.22793 -0.646798 -1.26907 0.818148 -0.621993 -1.637 0.53131 -0.524171 -1.97855 
1.2279 -0.646611 -1.26917 0.819579 -0.623568 -1.63837 0.530516 -0.532164 -1.97878 
1.22778 -0.646548 -1.26916 0.82049 -0.626084 -1.6385 0.527527 -0.544419 -1.97753 
1.22777 -0.646464 -1.2692 0.821908 -0.628674 -1.63928 0.526063 -0.555128 -1.97659 
1.22841 -0.645278 -1.27022 0.822499 -0.633189 -1.63895 0.527548 -0.565716 -1.98286 
1.22781 -0.645724 -1.26915 0.822849 -0.635234 -1.63864 0.526918 -0.572243 -1.98167 
1.22762 -0.645625 -1.26858 0.823351 -0.637377 -1.63828 0.526402 -0.579613 -1.98166 
1.22732 -0.645287 -1.26805 0.825744 -0.641133 -1.63873 0.526327 -0.591589 -1.9816 
1.22726 -0.645154 -1.26794 0.826247 -0.643025 -1.63835 0.525646 -0.598679 -1.97991 
1.22706 -0.645038 -1.26779 0.827766 -0.646886 -1.63883 0.526986 -0.607174 -1.9823 
1.22615 -0.645155 -1.26721 0.828469 -0.655092 -1.63803 0.526138 -0.626638 -1.98073 
1.22615 -0.645093 -1.26726 0.829809 -0.658351 -1.63849 0.526207 -0.633507 -1.98037 
1.22607 -0.645206 -1.26719 0.830308 -0.662842 -1.6383 0.528391 -0.641806 -1.98449 
1.22602 -0.644937 -1.267 0.831228 -0.666258 -1.63936 0.530359 -0.650855 -1.987 
1.22613 -0.644268 -1.26734 0.831338 -0.666486 -1.64038 0.530794 -0.652142 -1.98812 
1.22609 -0.644243 -1.26731 0.831252 -0.666 -1.64044 0.53097 -0.651251 -1.98854 
1.22596 -0.644294 -1.2674 0.829612 -0.662071 -1.63915 0.528788 -0.646059 -1.98468 
1.22604 -0.644219 -1.26761 0.828666 -0.657984 -1.6385 0.528149 -0.638559 -1.98445 
1.22586 -0.644364 -1.26753 0.827534 -0.651071 -1.63749 0.525389 -0.626288 -1.98096 
1.22571 -0.644499 -1.2673 0.825961 -0.649579 -1.63597 0.524613 -0.622723 -1.97936 
1.22582 -0.6444 -1.26727 0.82545 -0.647106 -1.63507 0.522863 -0.617952 -1.97695 
1.22564 -0.643941 -1.26677 0.824842 -0.645677 -1.63406 0.522021 -0.617686 -1.9758 
1.22563 -0.643723 -1.26645 0.823941 -0.647842 -1.6328 0.518581 -0.624849 -1.97051 
1.22561 -0.643594 -1.26639 0.823991 -0.648904 -1.6327 0.520541 -0.625495 -1.97451 
1.22564 -0.64343 -1.26634 0.824056 -0.649739 -1.63272 0.518276 -0.630379 -1.97043 
1.22696 -0.642478 -1.26683 0.823742 -0.649506 -1.63189 0.518121 -0.631185 -1.97018 
1.22713 -0.642394 -1.26673 0.822545 -0.648372 -1.63067 0.518165 -0.629428 -1.97037 
1.22735 -0.6423 -1.26655 0.823195 -0.645051 -1.63148 0.518057 -0.625469 -1.9702 
1.22756 -0.642269 -1.26625 0.821753 -0.640984 -1.62989 0.518256 -0.61717 -1.97078 
1.2281 -0.642012 -1.26582 0.820949 -0.635401 -1.6289 0.518668 -0.60595 -1.97116 
1.2282 -0.641937 -1.26567 0.820996 -0.634103 -1.62882 0.518466 -0.604993 -1.96933 
1.22829 -0.641645 -1.26528 0.819709 -0.630876 -1.62701 0.515885 -0.600754 -1.96483 
1.22843 -0.641563 -1.26504 0.819197 -0.629328 -1.62566 0.515509 -0.595959 -1.96487 
1.22886 -0.641533 -1.26432 0.818887 -0.628578 -1.62387 0.512576 -0.596497 -1.95945 
1.22895 -0.641536 -1.26414 0.818763 -0.628392 -1.62338 0.512362 -0.596676 -1.95904 
1.22898 -0.641568 -1.26359 0.81865 -0.628185 -1.62284 0.512188 -0.597043 -1.95877 
1.22901 -0.641825 -1.26364 0.818392 -0.627953 -1.62285 0.512547 -0.596639 -1.95951 
1.2291 -0.641848 -1.26388 0.818286 -0.627717 -1.62335 0.512743 -0.596195 -1.95984 
1.22935 -0.642077 -1.26458 0.818266 -0.627305 -1.62387 0.514695 -0.593961 -1.96364 
1.22895 -0.642697 -1.26481 0.818298 -0.626305 -1.62466 0.51282 -0.593646 -1.95978 
1.22907 -0.642903 -1.26524 0.818058 -0.624786 -1.62468 0.51285 -0.587799 -1.96118 
1.22916 -0.643042 -1.26526 0.817777 -0.624394 -1.62411 0.512282 -0.587072 -1.96046 
1.23045 -0.643 -1.2656 0.817635 -0.623519 -1.62343 0.509921 -0.587108 -1.95715 
1.23107 -0.643579 -1.26554 0.816193 -0.624136 -1.62105 0.508485 -0.587474 -1.95483 
1.23151 -0.643804 -1.26538 0.817335 -0.623671 -1.62175 0.508466 -0.587829 -1.9545 
1.23257 -0.643468 -1.26542 0.817489 -0.623719 -1.62101 0.508756 -0.588704 -1.95377 
1.23391 -0.643231 -1.26576 0.817789 -0.624487 -1.6206 0.509739 -0.589226 -1.95433 
1.23449 -0.643329 -1.26565 0.819392 -0.626073 -1.62135 0.512045 -0.589012 -1.95659 
1.23453 -0.643357 -1.26555 0.820062 -0.626198 -1.62203 0.512187 -0.589118 -1.95648 
1.2348 -0.643256 -1.26535 0.820457 -0.626387 -1.62219 0.512178 -0.587336 -1.95488 
1.23473 -0.643288 -1.26524 0.819431 -0.624803 -1.62076 0.512237 -0.582673 -1.95489 
1.23479 -0.64364 -1.26498 0.818553 -0.62257 -1.61917 0.51199 -0.575323 -1.95372 
1.23479 -0.643778 -1.26498 0.818342 -0.622221 -1.61906 0.51039 -0.573169 -1.95065 
1.23456 -0.643894 -1.26514 0.817833 -0.621258 -1.61912 0.510406 -0.569048 -1.94933 
1.23436 -0.643916 -1.26553 0.816601 -0.619388 -1.61827 0.509885 -0.564861 -1.94862 
1.23401 -0.644897 -1.26591 0.815846 -0.617481 -1.6183 0.507646 -0.558834 -1.94439 
1.23406 -0.645086 -1.266 0.81585 -0.616514 -1.61844 0.507292 -0.556624 -1.94415 
1.23405 -0.645273 -1.2662 0.815563 -0.615821 -1.61845 0.507701 -0.552432 -1.94398 
1.23414 -0.6455 -1.26666 0.815173 -0.614077 -1.61879 0.508462 -0.545715 -1.94472 
1.23421 -0.645665 -1.26696 0.81527 -0.612818 -1.61952 0.509185 -0.538121 -1.94182 
1.23428 -0.645671 -1.26703 0.815254 -0.612749 -1.61965 0.509433 -0.535913 -1.9422 
1.23434 -0.645746 -1.26731 0.815074 -0.611345 -1.61975 0.509424 -0.529594 -1.93928 
1.23424 -0.645805 -1.26743 0.815107 -0.609927 -1.62031 0.509707 -0.524388 -1.93841 
1.23346 -0.646052 -1.26699 0.814625 -0.609538 -1.62081 0.512034 -0.513115 -1.93781 
1.23347 -0.64611 -1.26703 0.814345 -0.609439 -1.62093 0.513931 -0.507834 -1.93886 
1.23331 -0.646008 -1.26691 0.813465 -0.607908 -1.62069 0.515317 -0.499956 -1.938 
1.23288 -0.646005 -1.2668 0.81243 -0.605054 -1.62104 0.518252 -0.485319 -1.93748 
1.23274 -0.645983 -1.26684 0.812012 -0.604622 -1.62103 0.520245 -0.479711 -1.93778 
1.23246 -0.646003 -1.26697 0.810562 -0.604489 -1.62024 0.521923 -0.471891 -1.93637 
1.2323 -0.646195 -1.26735 0.810739 -0.602992 -1.6212 0.52329 -0.464714 -1.93526 
1.23162 -0.646682 -1.26841 0.810333 -0.601536 -1.6218 0.525396 -0.453963 -1.93355 
1.23158 -0.64644 -1.26883 0.810355 -0.600963 -1.62231 0.525796 -0.451364 -1.93224 
1.23155 -0.646508 -1.26924 0.809855 -0.600764 -1.62327 0.528318 -0.445 -1.933 
1.23133 -0.646525 -1.26971 0.809593 -0.60054 -1.62366 0.530654 -0.438064 -1.93094 
1.23134 -0.646397 -1.26966 0.809281 -0.60021 -1.62412 0.534396 -0.427933 -1.92777 
1.23133 -0.646389 -1.2698 0.809215 -0.60006 -1.62414 0.535234 -0.425114 -1.9269 
1.2314 -0.646245 -1.26957 0.808898 -0.599263 -1.6242 0.539678 -0.413284 -1.92445 
1.23143 -0.646159 -1.26953 0.808057 -0.597913 -1.62351 0.543189 -0.404474 -1.92198 
1.23131 -0.646163 -1.26937 0.807177 -0.596604 -1.62285 0.546515 -0.391899 -1.91712 
1.23114 -0.646173 -1.26924 0.80667 -0.595017 -1.62256 0.549775 -0.383202 -1.91374 
1.23098 -0.646208 -1.26923 0.806112 -0.593648 -1.62195 0.551596 -0.375113 -1.91008 
1.23047 -0.646196 -1.26934 0.805659 -0.590593 -1.6217 0.556004 -0.361899 -1.90502 
1.22897 -0.646407 -1.26849 0.804339 -0.590417 -1.62044 0.556775 -0.3577 -1.90322 
1.22873 -0.64638 -1.26871 0.803933 -0.589593 -1.62016 0.558246 -0.351454 -1.90042 
1.22826 -0.646855 -1.26878 0.803675 -0.588529 -1.62024 0.561078 -0.345288 -1.89865 
1.22815 -0.646851 -1.26915 0.803427 -0.586966 -1.62047 0.565637 -0.335408 -1.89561 
1.22811 -0.646812 -1.26919 0.803404 -0.586464 -1.62056 0.566704 -0.331844 -1.89353 
1.22817 -0.646775 -1.26936 0.803181 -0.58592 -1.62047 0.569246 -0.326174 -1.89028 
1.22825 -0.646702 -1.26935 0.80311 -0.585097 -1.62037 0.575156 -0.317523 -1.88796 
1.22825 -0.646669 -1.26911 0.802952 -0.584146 -1.6202 0.583332 -0.304857 -1.88343 
1.22843 -0.646027 -1.26923 0.802847 -0.583882 -1.6201 0.584195 -0.303135 -1.88172 
1.2284 -0.645914 -1.26921 0.802031 -0.582554 -1.61926 0.588782 -0.294308 -1.87488 
1.2283 -0.645877 -1.26927 0.801683 -0.581367 -1.61933 0.595056 -0.285247 -1.87254 
1.22859 -0.645338 -1.27039 0.801301 -0.580171 -1.61892 0.603796 -0.272252 -1.86514 
1.22822 -0.645971 -1.2703 0.801134 -0.579798 -1.61877 0.606199 -0.268065 -1.86062 
1.228 -0.645977 -1.27044 0.801017 -0.579138 -1.61863 0.612632 -0.259904 -1.85714 
1.22785 -0.6459 -1.27062 0.801158 -0.577687 -1.61892 0.616656 -0.252658 -1.8502 
1.22765 -0.645882 -1.27088 0.800883 -0.575766 -1.61878 0.62795 -0.240951 -1.84473 
1.22757 -0.645833 -1.27093 0.800633 -0.575337 -1.61882 0.63142 -0.236192 -1.84197 
1.22752 -0.645793 -1.27102 0.800465 -0.574443 -1.61881 0.637746 -0.229748 -1.83889 
1.22738 -0.645812 -1.271 0.800166 -0.573661 -1.61831 0.644623 -0.2227 -1.83147 
1.22747 -0.64583 -1.27113 0.800138 -0.573405 -1.61829 0.647645 -0.219988 -1.8296 
1.22734 -0.645964 -1.2711 0.799979 -0.573291 -1.61816 0.649544 -0.217186 -1.82578 
1.22732 -0.645963 -1.27121 0.799958 -0.573393 -1.6182 0.655334 -0.212462 -1.82301 
1.22722 -0.64598 -1.27138 0.799943 -0.573284 -1.61858 0.658004 -0.209208 -1.81413 
1.22726 -0.645941 -1.27149 0.799966 -0.573241 -1.6187 0.663297 -0.206157 -1.81687 
1.22668 -0.64608 -1.27131 0.799931 -0.573238 -1.61912 0.668383 -0.201812 -1.80982 
1.22637 -0.64611 -1.27185 0.799881 -0.573063 -1.6194 0.674761 -0.198085 -1.80546 
1.22619 -0.64609 -1.27257 0.798581 -0.572778 -1.61846 0.687852 -0.187938 -1.79783 
1.22609 -0.64604 -1.27281 0.798472 -0.572352 -1.61846 0.692499 -0.18474 -1.79336 
1.22582 -0.646037 -1.27305 0.798308 -0.571781 -1.61878 0.700117 -0.178797 -1.78801 
1.22551 -0.646105 -1.27322 0.798131 -0.570489 -1.61985 0.707913 -0.173527 -1.78234 
1.22404 -0.646562 -1.27311 0.797945 -0.569242 -1.62072 0.71952 -0.165857 -1.77436 
1.22299 -0.64668 -1.27269 0.797832 -0.569066 -1.62111 0.723284 -0.164332 -1.77063 
1.22261 -0.646702 -1.27289 0.797729 -0.5688 -1.62166 0.729174 -0.160775 -1.76709 
1.22201 -0.64669 -1.27334 0.797664 -0.568795 -1.62286 0.738176 -0.156108 -1.76302 
1.22172 -0.646563 -1.27374 0.797464 -0.568433 -1.62321 0.740402 -0.155341 -1.76042 
1.22121 -0.646081 -1.27506 0.797139 -0.567897 -1.62303 0.745327 -0.153892 -1.75828 
1.22083 -0.645758 -1.2768 0.796715 -0.56683 -1.6233 0.750078 -0.150716 -1.75608 
1.21884 -0.646417 -1.27683 0.796663 -0.566704 -1.62457 0.756794 -0.148612 -1.75474 
1.21856 -0.646495 -1.27681 0.796611 -0.566718 -1.62482 0.757782 -0.148476 -1.75385 
1.21803 -0.646426 -1.27711 0.796533 -0.566447 -1.62557 0.763505 -0.145575 -1.75482 
1.21768 -0.64647 -1.27727 0.795634 -0.566206 -1.62485 0.765736 -0.144736 -1.75322 
1.21742 -0.646477 -1.2777 0.795303 -0.565431 -1.62445 0.769947 -0.14357 -1.75322 
1.21712 -0.646166 -1.2777 0.795127 -0.565299 -1.62434 0.771976 -0.143199 -1.75333 
1.21689 -0.64642 -1.2779 0.795104 -0.565358 -1.6245 0.773427 -0.143381 -1.75216 
1.21579 -0.646206 -1.27754 0.794998 -0.565547 -1.62469 0.774866 -0.143804 -1.75075 
1.2159 -0.645572 -1.27827 0.794886 -0.565473 -1.6247 0.776927 -0.143091 -1.75108 
1.21504 -0.646219 -1.27862 0.794666 -0.565371 -1.62451 0.778206 -0.142823 -1.75043 
1.21487 -0.64661 -1.27899 0.794386 -0.565145 -1.62419 0.781827 -0.142074 -1.74866 
1.21469 -0.646644 -1.27909 0.794246 -0.565001 -1.62409 0.782782 -0.141884 -1.74775 
1.21448 -0.646661 -1.27924 0.79401 -0.564701 -1.62388 0.786654 -0.139856 -1.74858 
1.21407 -0.646678 -1.27957 0.793835 -0.564281 -1.62417 0.789469 -0.139012 -1.74732 
1.21397 -0.646648 -1.27977 0.793811 -0.564244 -1.62433 0.790231 -0.138823 -1.74684 
1.21316 -0.647032 -1.27944 0.79256 -0.564331 -1.6234 0.791492 -0.138763 -1.74586 
1.21317 -0.647227 -1.2795 0.792578 -0.564163 -1.62336 0.793062 -0.137859 -1.7469 
1.21408 -0.647265 -1.28009 0.79257 -0.564155 -1.6233 0.791265 -0.13846 -1.74549 
1.21417 -0.647368 -1.27987 0.79256 -0.564263 -1.62315 0.789666 -0.138481 -1.74643 
1.21431 -0.647375 -1.27987 0.793537 -0.564034 -1.62394 0.78766 -0.138598 -1.74707 
1.21436 -0.647325 -1.27954 0.793764 -0.564583 -1.62375 0.782523 -0.140323 -1.74669 
1.21433 -0.64729 -1.27946 0.793787 -0.564666 -1.62387 0.782004 -0.140716 -1.74796 
1.2143 -0.647333 -1.27942 0.793879 -0.564795 -1.62412 0.780909 -0.140764 -1.74944 
1.21422 -0.647459 -1.2795 0.793939 -0.564715 -1.62436 0.780512 -0.141478 -1.75035 
1.21421 -0.647835 -1.27983 0.793801 -0.56431 -1.6241 0.781524 -0.14045 -1.7513 
1.21398 -0.648219 -1.27946 0.792712 -0.564637 -1.62292 0.781622 -0.140325 -1.75131 
1.21429 -0.648417 -1.28004 0.793555 -0.563682 -1.62396 0.781772 -0.139915 -1.75129 
1.21417 -0.649263 -1.28015 0.793417 -0.563571 -1.62381 0.781192 -0.139437 -1.75112 
1.2146 -0.649817 -1.28034 0.792428 -0.56381 -1.6225 0.776699 -0.138853 -1.74848 
1.21473 -0.650153 -1.28034 0.792303 -0.563767 -1.62218 0.774485 -0.137732 -1.74924 
1.21492 -0.650746 -1.28049 0.792134 -0.563859 -1.62145 0.77126 -0.136502 -1.74861 
1.21506 -0.65135 -1.28081 0.79181 -0.56348 -1.62057 0.7675 -0.136449 -1.74636 
1.21547 -0.652924 -1.2823 0.791285 -0.562981 -1.61942 0.765072 -0.136417 -1.74735 
1.21663 -0.652748 -1.28381 0.791175 -0.562923 -1.61925 0.76494 -0.136354 -1.74841 
1.21674 -0.652968 -1.28435 0.791166 -0.562698 -1.61941 0.765391 -0.136227 -1.75023 
1.21683 -0.653313 -1.28529 0.791367 -0.561868 -1.61999 0.767528 -0.136178 -1.75144 
1.21688 -0.653485 -1.28577 0.791381 -0.561747 -1.62019 0.769702 -0.1354 -1.75255 
1.21586 -0.654068 -1.285 0.791639 -0.561432 -1.62081 0.771685 -0.134994 -1.75141 
1.21603 -0.654134 -1.2851 0.791482 -0.562284 -1.62068 0.770865 -0.135111 -1.75272 
1.21736 -0.653546 -1.28601 0.791539 -0.562555 -1.62059 0.768109 -0.137353 -1.75406 
1.21734 -0.653419 -1.28583 0.791386 -0.56283 -1.62009 0.76726 -0.138698 -1.75653 
1.21726 -0.652828 -1.28554 0.791399 -0.562968 -1.62016 0.766155 -0.139721 -1.764 
1.21722 -0.652573 -1.28524 0.791378 -0.563121 -1.62019 0.764356 -0.14246 -1.76998 
1.21734 -0.652166 -1.28467 0.791468 -0.563208 -1.62013 0.759005 -0.145316 -1.77758 
1.21789 -0.650801 -1.28388 0.79166 -0.56349 -1.62025 0.753136 -0.148356 -1.78258 
1.21769 -0.650893 -1.28153 0.791878 -0.564175 -1.62034 0.747103 -0.151717 -1.78972 
1.21932 -0.649814 -1.2802 0.793428 -0.564718 -1.62141 0.736193 -0.157712 -1.79738 
1.21978 -0.649324 -1.27909 0.793736 -0.565529 -1.62128 0.728504 -0.163089 -1.80392 
1.22093 -0.64857 -1.2788 0.793917 -0.566006 -1.62111 0.719981 -0.168551 -1.81114 
1.2216 -0.648368 -1.27671 0.794145 -0.566349 -1.62075 0.706265 -0.178162 -1.8253 
1.22134 -0.648793 -1.2752 0.794273 -0.566419 -1.62076 0.700608 -0.18236 -1.83056 
1.22183 -0.648639 -1.27422 0.794446 -0.566546 -1.62091 0.692159 -0.188736 -1.83869 
1.22337 -0.647739 -1.27434 0.794893 -0.567574 -1.62142 0.681056 -0.19968 -1.84826 
1.22347 -0.647664 -1.27374 0.794613 -0.569603 -1.62144 0.672841 -0.207609 -1.85623 
1.22373 -0.647649 -1.27337 0.795321 -0.571152 -1.62247 0.664635 -0.2172 -1.86378 
1.22428 -0.647656 -1.27296 0.796847 -0.573723 -1.625 0.649691 -0.233267 -1.8746 
1.22446 -0.647654 -1.27273 0.797112 -0.574656 -1.6255 0.643025 -0.240407 -1.87827 
1.22506 -0.64724 -1.27285 0.797524 -0.576183 -1.62602 0.633852 -0.251606 -1.8849 
1.22524 -0.647028 -1.2726 0.79742 -0.5783 -1.62614 0.625337 -0.261361 -1.89234 
1.22528 -0.646996 -1.27251 0.797729 -0.579649 -1.62656 0.612417 -0.279472 -1.90347 
1.22535 -0.646944 -1.27244 0.797766 -0.580645 -1.62662 0.606173 -0.287256 -1.90567 
1.22564 -0.646631 -1.27258 0.797903 -0.581644 -1.62677 0.597724 -0.29826 -1.90909 
1.2257 -0.646574 -1.27233 0.798423 -0.583443 -1.62708 0.588989 -0.31227 -1.91573 
1.22561 -0.646509 -1.27173 0.799878 -0.585493 -1.62868 0.581474 -0.329103 -1.92529 
1.2256 -0.646494 -1.27161 0.800123 -0.585811 -1.62903 0.578717 -0.332279 -1.9258 
1.22574 -0.646539 -1.27138 0.801377 -0.586967 -1.63072 0.573173 -0.346241 -1.93221 
1.22596 -0.646487 -1.27136 0.802631 -0.588852 -1.63206 0.56742 -0.358501 -1.93523 
1.22635 -0.646516 -1.27086 0.803125 -0.591592 -1.6327 0.56157 -0.37419 -1.94139 
1.22698 -0.646386 -1.2712 0.803902 -0.593304 -1.63338 0.556543 -0.386912 -1.94524 
1.22709 -0.64645 -1.27124 0.804335 -0.596309 -1.6338 0.55322 -0.40028 -1.95049 
1.22723 -0.646561 -1.27138 0.80617 -0.599627 -1.6356 0.546138 -0.419689 -1.9536 
1.22728 -0.646496 -1.27152 0.807181 -0.602087 -1.63652 0.54336 -0.432801 -1.95841 
1.2275 -0.646539 -1.27206 0.807874 -0.606299 -1.63711 0.541831 -0.44582 -1.966 
1.22739 -0.646531 -1.27263 0.810071 -0.6127 -1.63872 0.534535 -0.471935 -1.96714 
1.22767 -0.646564 -1.27217 0.810568 -0.615609 -1.63882 0.532771 -0.482813 -1.96785 
1.2276 -0.646499 -1.27163 0.811565 -0.62012 -1.63919 0.531423 -0.496494 -1.97229 
1.22769 -0.646399 -1.27132 0.814014 -0.625022 -1.6405 0.529135 -0.51578 -1.97553 
1.22784 -0.646333 -1.27117 0.815188 -0.628588 -1.64093 0.527187 -0.530988 -1.97475 
1.22792 -0.64625 -1.27095 0.815524 -0.632459 -1.6399 0.526802 -0.541265 -1.97866 
1.22814 -0.646153 -1.27064 0.816293 -0.637067 -1.63918 0.525334 -0.556597 -1.97842 
1.22825 -0.646133 -1.2704 0.818414 -0.639731 -1.63976 0.524964 -0.566262 -1.9797 
1.22795 -0.646624 -1.26946 0.8202 -0.643154 -1.64036 0.524577 -0.575977 -1.97947 
1.22808 -0.646832 -1.26947 0.821039 -0.648442 -1.63956 0.525649 -0.589802 -1.98105 
1.22817 -0.646874 -1.26951 0.821738 -0.65046 -1.63945 0.5253 -0.597798 -1.98045 
1.22837 -0.646877 -1.26955 0.823683 -0.656002 -1.63977 0.52673 -0.61124 -1.98461 
1.22838 -0.646782 -1.26942 0.825885 -0.66165 -1.64029 0.5258 -0.630583 -1.98189 
1.22834 -0.646732 -1.26944 0.826164 -0.662586 -1.6403 0.526262 -0.632933 -1.98266 
1.22836 -0.646696 -1.26928 0.826681 -0.668027 -1.63974 0.527881 -0.646022 -1.98414 
1.22818 -0.646695 -1.2691 0.827654 -0.670547 -1.63956 0.530317 -0.651456 -1.98791 
1.22804 -0.646768 -1.2689 0.82977 -0.673337 -1.64041 0.530684 -0.660511 -1.98578 
1.22799 -0.646831 -1.26879 0.830112 -0.673522 -1.64061 0.530514 -0.663472 -1.98464 
1.22804 -0.646645 -1.26865 0.83063 -0.673698 -1.64077 0.531036 -0.664723 -1.98476 
1.22793 -0.646759 -1.26866 0.831138 -0.673947 -1.64106 0.533077 -0.66388 -1.98788 
1.22764 -0.64681 -1.26887 0.831202 -0.673275 -1.64141 0.531425 -0.664526 -1.98408 
1.2276 -0.646693 -1.26906 0.831121 -0.672774 -1.64144 0.531244 -0.664254 -1.98353 
1.22752 -0.64664 -1.26931 0.830781 -0.67188 -1.64093 0.530952 -0.662228 -1.98376 
1.22744 -0.64665 -1.26918 0.828385 -0.66898 -1.6387 0.52958 -0.659617 -1.98309 
1.22751 -0.646484 -1.26907 0.828015 -0.66761 -1.63825 0.527818 -0.658662 -1.98058 
1.22762 -0.645699 -1.26849 0.827371 -0.666669 -1.63726 0.52681 -0.657628 -1.97921 
1.22786 -0.64542 -1.26748 0.826871 -0.664256 -1.63627 0.524871 -0.655256 -1.97543 
1.228 -0.645106 -1.26696 0.826631 -0.663176 -1.63579 0.526958 -0.651807 -1.97943 
1.22817 -0.64458 -1.26604 0.826321 -0.661526 -1.63503 0.526584 -0.649826 -1.97808 
1.22884 -0.643282 -1.26539 0.826153 -0.658455 -1.63439 0.524668 -0.646722 -1.9747 
1.22998 -0.641853 -1.2648 0.825868 -0.654002 -1.63306 0.524119 -0.643229 -1.97105 
1.22997 -0.641467 -1.26453 0.825249 -0.652991 -1.63219 0.523893 -0.642678 -1.97059 
1.23099 -0.640533 -1.26391 0.824556 -0.649723 -1.63097 0.523841 -0.637243 -1.97254 
1.23122 -0.640329 -1.26341 0.824447 -0.646124 -1.63005 0.523092 -0.633794 -1.97001 
1.23129 -0.63978 -1.26216 0.822434 -0.642033 -1.62654 0.521585 -0.627149 -1.96695 
1.23136 -0.639392 -1.26179 0.822251 -0.640609 -1.62583 0.521248 -0.625482 -1.96576 
1.23141 -0.639091 -1.26115 0.822215 -0.638281 -1.62564 0.521658 -0.620735 -1.96638 
1.23138 -0.638841 -1.26087 0.822103 -0.637774 -1.62548 0.521481 -0.619125 -1.9665 
1.23131 -0.638616 -1.26086 0.822418 -0.6379 -1.6262 0.522007 -0.619035 -1.96728 
1.23125 -0.638559 -1.26099 0.823721 -0.638183 -1.6279 0.522376 -0.619951 -1.96738 
1.2311 -0.638575 -1.2614 0.823041 -0.640213 -1.62782 0.524226 -0.621759 -1.97104 
1.23099 -0.638693 -1.26187 0.824378 -0.641837 -1.63036 0.524212 -0.625575 -1.97179 
1.23074 -0.638295 -1.26166 0.824466 -0.642789 -1.62999 0.523355 -0.630038 -1.97076 
1.23076 -0.638221 -1.26157 0.824121 -0.643011 -1.62926 0.523019 -0.630732 -1.97029 
1.23088 -0.638041 -1.26091 0.823307 -0.642884 -1.62702 0.519958 -0.634059 -1.96459 
1.23119 -0.638208 -1.26022 0.822014 -0.641573 -1.6248 0.518009 -0.632771 -1.96071 
1.23195 -0.638583 -1.25936 0.82206 -0.638312 -1.62377 0.517688 -0.625221 -1.95987 
1.23251 -0.638816 -1.25915 0.821987 -0.637562 -1.62355 0.517924 -0.621144 -1.96072 
1.23302 -0.63928 -1.25945 0.821855 -0.63626 -1.62392 0.518296 -0.615622 -1.96161 
1.23323 -0.63977 -1.26001 0.822001 -0.634626 -1.62528 0.518673 -0.611645 -1.96158 
1.2339 -0.639965 -1.262 0.822294 -0.633573 -1.62689 0.519955 -0.607907 -1.96325 
1.23333 -0.640313 -1.2617 0.822426 -0.633611 -1.62751 0.520405 -0.607718 -1.96367 
1.23409 -0.640178 -1.26233 0.822713 -0.634204 -1.62862 0.522564 -0.608087 -1.96765 
1.23435 -0.640059 -1.262 0.822742 -0.635508 -1.62874 0.523685 -0.609663 -1.96883 
1.23475 -0.640159 -1.26105 0.822922 -0.633971 -1.6285 0.521855 -0.599649 -1.96219 
1.23486 -0.640212 -1.26094 0.822584 -0.632537 -1.6278 0.523571 -0.595634 -1.96534 
1.23527 -0.640304 -1.26043 0.822035 -0.626443 -1.62655 0.521186 -0.586082 -1.9601 
1.2367 -0.640052 -1.26129 0.82165 -0.623567 -1.62586 0.521582 -0.575286 -1.96077 
1.23687 -0.641131 -1.26113 0.819935 -0.62039 -1.62405 0.519872 -0.561822 -1.95432 
1.23681 -0.641404 -1.26114 0.819888 -0.619209 -1.62346 0.52007 -0.554913 -1.95396 
1.23691 -0.641567 -1.26133 0.819534 -0.615306 -1.62421 0.52039 -0.545511 -1.953 
1.23699 -0.641651 -1.2616 0.818786 -0.613211 -1.6237 0.520658 -0.536699 -1.95177 
1.23535 -0.643014 -1.26139 0.817153 -0.6099 -1.62344 0.521635 -0.523727 -1.95062 
1.23515 -0.643328 -1.26154 0.816882 -0.609478 -1.62362 0.519704 -0.521893 -1.94642 
1.23506 -0.643498 -1.26198 0.816583 -0.609535 -1.62425 0.521104 -0.514397 -1.94635 
1.23498 -0.643131 -1.26366 0.816103 -0.608957 -1.62582 0.524591 -0.498785 -1.94531 
1.23493 -0.643125 -1.26405 0.816037 -0.607615 -1.6267 0.526195 -0.491276 -1.9453 
1.23509 -0.643209 -1.2652 0.815231 -0.605366 -1.6269 0.529609 -0.479388 -1.94456 
1.23477 -0.643648 -1.26563 0.814497 -0.603124 -1.62852 0.532561 -0.465748 -1.94222 
1.23458 -0.643801 -1.26576 0.814129 -0.601797 -1.62901 0.537079 -0.451362 -1.9412 
1.23453 -0.643856 -1.26581 0.813998 -0.601586 -1.62886 0.537268 -0.449857 -1.94061 
1.23425 -0.643794 -1.26576 0.813351 -0.600596 -1.62849 0.538536 -0.443226 -1.93858 
1.23413 -0.643789 -1.2659 0.812252 -0.600545 -1.62752 0.54048 -0.438873 -1.93825 
1.23297 -0.644596 -1.26551 0.811758 -0.600172 -1.62826 0.541803 -0.433021 -1.93645 
1.23289 -0.644641 -1.26567 0.8117 -0.600405 -1.62861 0.543192 -0.428926 -1.93574 
1.233 -0.644488 -1.266 0.811597 -0.600562 -1.62923 0.54525 -0.422976 -1.93375 
1.23308 -0.644602 -1.26612 0.811457 -0.599617 -1.62982 0.550251 -0.41401 -1.93408 
1.23333 -0.644692 -1.26652 0.810975 -0.597509 -1.62956 0.55365 -0.401426 -1.92808 
1.23335 -0.644817 -1.26656 0.810872 -0.596145 -1.62946 0.554813 -0.396321 -1.92565 
1.23321 -0.644971 -1.26641 0.810208 -0.594887 -1.62872 0.558009 -0.388538 -1.92302 
1.23275 -0.645016 -1.26583 0.809932 -0.591836 -1.62836 0.561895 -0.376384 -1.91931 
1.23264 -0.644893 -1.26582 0.809744 -0.59131 -1.62815 0.562344 -0.373788 -1.91678 
1.23272 -0.645038 -1.26631 0.809482 -0.590769 -1.62801 0.5641 -0.368217 -1.9145 
1.2325 -0.645152 -1.26668 0.808441 -0.589775 -1.62765 0.565946 -0.362006 -1.91148 
1.23257 -0.645074 -1.26732 0.808094 -0.589116 -1.62767 0.570553 -0.353957 -1.90943 
1.23258 -0.645103 -1.26735 0.808005 -0.588954 -1.62767 0.571097 -0.352942 -1.90862 
1.23264 -0.645193 -1.26756 0.807834 -0.588344 -1.62749 0.574234 -0.346811 -1.90636 
1.23266 -0.645224 -1.26748 0.807608 -0.587883 -1.6271 0.575731 -0.343255 -1.90304 
1.23267 -0.645303 -1.26717 0.807201 -0.587224 -1.62649 0.580634 -0.335884 -1.90079 
1.23281 -0.645147 -1.26727 0.807078 -0.58659 -1.62646 0.582032 -0.331649 -1.89955 
1.23272 -0.645131 -1.2671 0.806872 -0.586095 -1.62623 0.584249 -0.326874 -1.89601 
1.2327 -0.644958 -1.26672 0.805613 -0.584926 -1.62516 0.590102 -0.316503 -1.8915 
1.23265 -0.644814 -1.26675 0.805385 -0.584446 -1.62494 0.59307 -0.311141 -1.89053 
1.23261 -0.644663 -1.26674 0.80523 -0.583585 -1.62484 0.596263 -0.30479 -1.88618 
1.23244 -0.644584 -1.26666 0.805028 -0.58143 -1.62429 0.603666 -0.294254 -1.88119 
1.23229 -0.644652 -1.26655 0.804794 -0.580745 -1.62396 0.606972 -0.288785 -1.88013 
1.23223 -0.644615 -1.2666 0.804437 -0.579597 -1.62367 0.611051 -0.282484 -1.87714 
1.23194 -0.644555 -1.26668 0.804302 -0.577723 -1.62335 0.615809 -0.274478 -1.87194 
1.23195 -0.644532 -1.26668 0.804334 -0.577412 -1.6232 0.618161 -0.272187 -1.87065 
1.23185 -0.644487 -1.26679 0.804305 -0.576913 -1.623 0.619945 -0.268021 -1.86817 
1.23166 -0.644439 -1.2669 0.804194 -0.576663 -1.62285 0.622519 -0.263538 -1.86387 
1.23168 -0.644479 -1.26701 0.804156 -0.576681 -1.6228 0.623358 -0.26214 -1.86219 
1.23174 -0.644563 -1.26716 0.804141 -0.576634 -1.62298 0.627344 -0.259241 -1.86197 
1.23178 -0.64438 -1.26707 0.804105 -0.57676 -1.62324 0.631652 -0.253617 -1.85526 
1.23183 -0.644347 -1.26712 0.804068 -0.576747 -1.62356 0.635774 -0.248945 -1.85386 
1.23174 -0.644228 -1.26705 0.804206 -0.576261 -1.62417 0.640408 -0.243165 -1.84876 
1.2318 -0.644142 -1.26703 0.804129 -0.575671 -1.62393 0.647179 -0.23615 -1.84444 
1.2316 -0.64418 -1.26692 0.802937 -0.573567 -1.62232 0.657544 -0.224533 -1.83408 
1.23167 -0.644272 -1.26691 0.802754 -0.57305 -1.62186 0.66365 -0.220015 -1.83076 
1.23171 -0.644282 -1.26699 0.802604 -0.572541 -1.62157 0.667427 -0.214618 -1.82176 
1.23126 -0.644309 -1.26696 0.802441 -0.572169 -1.62221 0.681 -0.204749 -1.8146 
1.23114 -0.644174 -1.2672 0.80251 -0.571988 -1.62287 0.686077 -0.20034 -1.81101 
1.23026 -0.644064 -1.26809 0.802547 -0.571484 -1.62413 0.69241 -0.195367 -1.80423 
1.22967 -0.644033 -1.26865 0.802168 -0.570857 -1.62443 0.702612 -0.188184 -1.79782 
1.22831 -0.644275 -1.26872 0.8018 -0.570108 -1.62441 0.709374 -0.182433 -1.78955 
1.22814 -0.644324 -1.26903 0.801726 -0.56984 -1.6246 0.714714 -0.178456 -1.78707 
1.2281 -0.644391 -1.2703 0.801137 -0.569324 -1.62542 0.722373 -0.173251 -1.78046 
1.22692 -0.645073 -1.27035 0.799726 -0.569235 -1.62495 0.72969 -0.167923 -1.77322 
1.22689 -0.64507 -1.27059 0.799629 -0.569151 -1.62497 0.730998 -0.167621 -1.77097 
1.22653 -0.645642 -1.27103 0.799785 -0.568195 -1.62548 0.733597 -0.165388 -1.76354 
1.22607 -0.645215 -1.27158 0.799733 -0.567602 -1.62587 0.739563 -0.162842 -1.76289 
1.22587 -0.645731 -1.27292 0.79953 -0.567143 -1.62615 0.747009 -0.158854 -1.75786 
1.22581 -0.645758 -1.27325 0.799495 -0.566997 -1.62628 0.748805 -0.158052 -1.75458 
1.22541 -0.64585 -1.27368 0.799362 -0.566645 -1.62646 0.754657 -0.155503 -1.75172 
1.22427 -0.646495 -1.27366 0.799197 -0.566202 -1.62663 0.75906 -0.153344 -1.74718 
1.22276 -0.646911 -1.27372 0.798705 -0.565462 -1.62689 0.767762 -0.149452 -1.74014 
1.22272 -0.646971 -1.27432 0.798619 -0.565163 -1.6271 0.770444 -0.148581 -1.73773 
1.22283 -0.646612 -1.27563 0.798454 -0.564711 -1.6273 0.773681 -0.147577 -1.73305 
1.22218 -0.646712 -1.27657 0.798549 -0.56345 -1.62766 0.779437 -0.144385 -1.73078 
1.22136 -0.647331 -1.27686 0.798356 -0.56306 -1.62788 0.783753 -0.143081 -1.72887 
1.22121 -0.647339 -1.27701 0.798271 -0.562972 -1.62792 0.784222 -0.142755 -1.72864 
1.22108 -0.647318 -1.27729 0.798271 -0.562776 -1.62807 0.785836 -0.142291 -1.72915 
1.22099 -0.647353 -1.27719 0.798281 -0.562792 -1.62805 0.785962 -0.14273 -1.7295 
1.22087 -0.647272 -1.27699 0.79723 -0.563309 -1.62682 0.785049 -0.143173 -1.7305 
1.22093 -0.647149 -1.27693 0.797294 -0.563293 -1.62674 0.784858 -0.143333 -1.7311 
1.22127 -0.646467 -1.27711 0.797176 -0.563316 -1.62654 0.78455 -0.143724 -1.73179 
1.2212 -0.646433 -1.27702 0.797039 -0.563336 -1.6263 0.784483 -0.143891 -1.73245 
1.22097 -0.646512 -1.27703 0.796831 -0.562971 -1.62585 0.785222 -0.14371 -1.73317 
1.22098 -0.646515 -1.27717 0.796805 -0.562892 -1.62593 0.785651 -0.143497 -1.73307 
1.22063 -0.647147 -1.27703 0.796772 -0.562821 -1.626 0.786722 -0.14325 -1.73359 
1.21981 -0.64745 -1.27661 0.796738 -0.56204 -1.62625 0.787866 -0.142814 -1.73457 
1.21954 -0.647567 -1.27675 0.796535 -0.561821 -1.62597 0.788249 -0.142709 -1.73527 
1.21952 -0.647577 -1.2769 0.796208 -0.561339 -1.62563 0.788839 -0.142444 -1.73703 
1.21931 -0.647558 -1.27697 0.795911 -0.560991 -1.62503 0.789177 -0.142412 -1.74004 
1.2192 -0.647504 -1.27702 0.795829 -0.560859 -1.62472 0.788935 -0.142208 -1.744 
1.21905 -0.647332 -1.27713 0.795738 -0.560832 -1.62435 0.788169 -0.141201 -1.74856 
1.21911 -0.647166 -1.27745 0.795475 -0.561013 -1.62379 0.783157 -0.141444 -1.75328 
1.21909 -0.647208 -1.27743 0.795629 -0.560986 -1.62389 0.782615 -0.140983 -1.75532 
1.21901 -0.647335 -1.27743 0.79554 -0.561151 -1.62393 0.781132 -0.140295 -1.75712 
1.21904 -0.647408 -1.27782 0.795583 -0.561292 -1.62397 0.780286 -0.140143 -1.75686 
1.21888 -0.647649 -1.27797 0.795513 -0.561338 -1.6238 0.779865 -0.139547 -1.75438 
1.21883 -0.647656 -1.27804 0.795478 -0.561289 -1.62374 0.780198 -0.138615 -1.75393 
1.21864 -0.647795 -1.27836 0.795465 -0.561088 -1.62363 0.78099 -0.137165 -1.7503 
1.21837 -0.648001 -1.27846 0.795436 -0.560919 -1.62371 0.781609 -0.136711 -1.74767 
1.21789 -0.648335 -1.27879 0.795415 -0.560845 -1.6238 0.782586 -0.136499 -1.74327 
1.2177 -0.648409 -1.27882 0.795298 -0.560871 -1.62367 0.783226 -0.135456 -1.74257 
1.21726 -0.648584 -1.27895 0.795027 -0.560762 -1.62344 0.783614 -0.134003 -1.74108 
1.21539 -0.649045 -1.27859 0.794795 -0.560405 -1.62315 0.783634 -0.132061 -1.73924 
1.21502 -0.649843 -1.27886 0.793868 -0.560021 -1.6221 0.78372 -0.130631 -1.73791 
1.2147 -0.650064 -1.27919 0.793745 -0.559944 -1.62198 0.78446 -0.12962 -1.73646 
1.21432 -0.650344 -1.27966 0.793485 -0.559589 -1.62166 0.787254 -0.12615 -1.73706 
1.21424 -0.650498 -1.27975 0.793405 -0.559347 -1.62156 0.787559 -0.125578 -1.73662 
1.21402 -0.650647 -1.28005 0.793295 -0.558977 -1.62145 0.788671 -0.124368 -1.73701 
1.21392 -0.650861 -1.28056 0.793131 -0.558669 -1.62139 0.78919 -0.123625 -1.73731 
1.21384 -0.651068 -1.28082 0.793001 -0.558431 -1.6213 0.78979 -0.122991 -1.73842 
1.21378 -0.651221 -1.28086 0.792988 -0.558424 -1.62137 0.789878 -0.122917 -1.73899 
1.21435 -0.650847 -1.28187 0.793025 -0.558258 -1.62144 0.789857 -0.122913 -1.73988 
1.21441 -0.650994 -1.28185 0.793016 -0.558332 -1.62127 0.789334 -0.123085 -1.74099 
1.21413 -0.651553 -1.28075 0.793021 -0.558548 -1.62114 0.78727 -0.123809 -1.74157 
1.2142 -0.651619 -1.28074 0.793041 -0.558509 -1.6212 0.786563 -0.123865 -1.74232 
1.2145 -0.651727 -1.28047 0.79314 -0.558854 -1.62116 0.783803 -0.124384 -1.74277 
1.21477 -0.651845 -1.28017 0.793231 -0.559083 -1.62117 0.782734 -0.125062 -1.74304 
1.21518 -0.652313 -1.27967 0.793345 -0.55923 -1.62109 0.781554 -0.124546 -1.74309 
1.21531 -0.652392 -1.27946 0.793361 -0.559277 -1.62098 0.780308 -0.124642 -1.74248 
1.21616 -0.652302 -1.2801 0.793395 -0.559297 -1.62095 0.776609 -0.125478 -1.74017 
1.21619 -0.652453 -1.28005 0.793341 -0.559297 -1.62066 0.774577 -0.125609 -1.73895 
1.21613 -0.65245 -1.28006 0.793363 -0.5593 -1.62078 0.774043 -0.125058 -1.739 
1.21616 -0.652547 -1.27996 0.793281 -0.559443 -1.62066 0.772922 -0.124842 -1.73893 
1.21623 -0.652659 -1.27976 0.793366 -0.559576 -1.62071 0.771792 -0.124907 -1.73923 
1.21621 -0.652686 -1.27971 0.793267 -0.559577 -1.62058 0.769522 -0.126049 -1.73741 
1.2163 -0.652761 -1.27978 0.793267 -0.559476 -1.62051 0.76921 -0.126079 -1.73811 
1.21644 -0.653499 -1.28016 0.793181 -0.559248 -1.62048 0.768604 -0.127208 -1.73999 
1.21647 -0.653542 -1.28031 0.793213 -0.559123 -1.62047 0.768881 -0.127133 -1.74089 
