706 442 545 435 426 443 
706 442 545 435 426 443 
706 442 545 435 426 444 
706 442 545 435 426 443 
707 442 545 435 426 443 
707 442 545 435 426 443 
707 442 545 435 426 443 
707 442 545 435 426 443 
707 442 545 435 427 443 
707 442 545 435 427 443 
707 442 545 436 427 443 
706 441 545 435 427 443 
707 442 545 436 426 443 
707 442 545 436 426 443 
707 442 545 436 426 444 
707 442 545 436 426 444 
707 442 545 436 425 442 
707 442 545 436 425 444 
707 442 545 436 424 443 
707 442 545 436 425 444 
707 442 546 436 424 443 
707 442 545 436 425 443 
706 442 545 436 424 442 
706 443 545 436 425 442 
707 442 544 435 425 442 
707 443 546 436 426 442 
707 443 545 435 426 442 
707 443 545 434 426 442 
707 443 545 435 426 441 
706 443 545 434 426 441 
706 443 545 433 426 440 
706 443 545 432 427 440 
706 443 545 432 427 438 
706 442 545 431 427 438 
705 442 544 429 426 434 
705 442 546 427 428 434 
705 442 545 425 428 430 
706 442 546 423 429 427 
706 442 546 422 430 422 
706 442 547 420 432 419 
706 442 547 416 433 414 
706 442 548 414 435 408 
706 442 547 410 436 402 
706 442 550 407 436 398 
706 442 549 405 438 392 
706 442 551 401 440 387 
706 442 552 397 443 381 
705 442 553 393 444 375 
705 442 555 391 449 371 
705 442 557 387 451 364 
705 442 558 384 457 360 
705 442 561 380 459 354 
705 442 562 377 462 347 
706 441 563 373 466 342 
706 441 567 371 470 337 
706 441 569 366 475 331 
706 441 571 364 480 325 
706 441 573 361 484 320 
706 441 576 358 489 315 
706 441 577 356 493 309 
706 441 580 351 497 304 
706 441 584 349 504 300 
706 440 587 347 508 295 
706 441 588 343 513 291 
706 441 592 341 519 286 
706 440 596 339 525 281 
706 440 599 335 530 278 
707 441 602 332 535 274 
706 440 606 331 540 270 
708 441 610 327 547 267 
708 441 615 326 553 264 
707 440 620 325 558 260 
708 440 624 322 564 257 
708 440 628 320 571 253 
707 439 634 319 578 250 
708 440 638 317 585 247 
709 440 642 316 593 244 
710 440 646 315 599 242 
710 440 651 313 605 242 
710 440 654 311 610 239 
710 440 658 310 615 238 
711 440 661 310 619 237 
711 441 664 309 628 232 
712 441 667 309 632 232 
712 441 670 308 634 233 
712 441 673 308 639 231 
713 441 675 308 642 229 
713 441 677 307 645 228 
713 440 679 307 648 227 
713 440 681 307 651 226 
713 441 683 307 653 227 
713 441 685 306 657 225 
713 440 687 306 658 226 
713 440 688 307 659 226 
713 440 688 305 661 226 
714 440 689 306 662 227 
714 441 689 305 662 227 
714 441 690 306 662 227 
714 440 690 306 661 228 
714 441 689 307 659 228 
714 441 689 307 658 228 
714 440 689 306 659 229 
714 441 688 307 658 229 
714 441 688 306 658 229 
713 440 688 306 658 228 
714 440 689 306 659 228 
714 440 689 306 663 228 
714 441 690 306 664 228 
714 441 691 305 666 227 
714 440 692 306 667 227 
715 441 692 306 668 227 
715 441 693 306 668 227 
715 440 693 306 668 227 
715 441 692 306 667 227 
714 440 692 305 667 227 
714 440 691 306 666 227 
714 440 691 306 664 227 
714 440 689 305 663 227 
713 440 689 306 662 227 
714 440 688 306 661 227 
713 440 687 306 660 227 
713 441 687 305 658 226 
713 440 686 306 657 226 
713 440 685 306 656 226 
713 440 684 305 655 227 
713 440 683 306 653 227 
713 440 682 306 650 228 
713 440 680 306 648 228 
713 440 678 306 645 229 
713 440 676 306 642 229 
713 440 675 306 637 229 
712 440 673 307 635 229 
712 440 670 306 634 230 
713 440 670 307 632 231 
713 440 667 307 629 231 
713 440 667 307 627 231 
712 440 665 307 624 232 
712 440 663 307 621 232 
712 440 661 308 619 233 
712 440 660 307 618 233 
712 440 659 308 614 234 
711 441 657 309 612 234 
712 440 656 309 609 236 
712 440 654 309 607 237 
712 440 653 311 604 237 
712 441 651 311 602 239 
712 441 649 312 599 240 
711 440 648 313 596 241 
711 440 646 313 594 242 
711 440 642 312 590 244 
711 440 641 313 588 245 
711 440 640 313 585 245 
711 440 638 314 584 246 
711 440 637 314 581 247 
711 440 634 314 580 246 
711 440 633 316 578 247 
710 441 631 316 575 249 
711 440 629 316 573 250 
711 440 628 317 569 252 
710 440 625 318 565 254 
710 440 623 319 561 255 
711 441 621 321 558 257 
711 441 618 321 554 259 
710 440 615 323 551 261 
710 440 614 323 548 263 
710 441 612 325 545 264 
710 441 609 325 542 265 
710 440 607 327 539 267 
710 441 605 328 535 269 
710 441 602 330 532 271 
710 441 599 331 528 273 
710 441 598 332 525 275 
709 441 595 335 521 279 
709 440 592 336 518 282 
710 441 590 339 514 286 
710 441 589 341 510 290 
709 441 586 343 506 292 
709 440 585 345 502 296 
709 441 583 346 499 298 
709 441 583 348 497 302 
709 441 580 350 495 305 
708 441 579 351 493 307 
709 441 578 353 489 311 
709 441 576 355 487 314 
708 441 574 358 484 318 
708 440 573 360 480 321 
708 441 571 362 478 324 
709 440 571 364 474 329 
709 441 568 367 471 333 
709 440 566 370 468 337 
708 441 564 373 464 342 
708 440 562 376 461 347 
708 441 561 378 457 352 
707 440 560 381 456 358 
707 441 557 384 453 363 
708 440 557 385 451 368 
707 441 555 390 448 371 
707 441 554 391 447 377 
707 441 553 395 444 380 
707 441 552 398 442 386 
708 441 550 403 441 391 
708 441 549 405 439 395 
708 441 549 408 437 399 
707 441 548 409 437 402 
707 441 548 411 436 405 
707 440 547 412 435 406 
707 441 547 414 434 407 
707 441 547 415 433 408 
707 441 546 416 432 409 
707 441 546 418 431 410 
707 441 545 420 431 412 
707 441 546 421 430 414 
707 441 546 423 430 417 
707 441 546 424 429 420 
707 441 546 425 429 423 
707 441 546 425 428 425 
706 441 545 427 428 427 
707 441 545 427 427 428 
707 442 544 429 427 430 
707 441 544 430 427 432 
707 441 545 431 427 434 
707 441 545 433 426 434 
706 441 545 434 425 435 
706 442 544 433 425 434 
707 442 544 434 426 434 
706 442 545 434 425 435 
706 442 545 434 426 434 
707 442 545 435 425 435 
706 442 545 435 426 435 
707 442 545 436 426 436 
706 442 544 436 426 436 
707 442 544 436 426 437 
707 441 544 437 426 436 
707 441 544 437 425 436 
706 441 544 438 425 436 
707 441 543 437 425 437 
706 441 544 438 426 437 
707 442 544 437 426 437 
707 442 544 437 426 438 
707 441 544 437 426 437 
706 441 544 437 426 437 
707 441 544 438 426 437 
706 441 544 438 426 437 
706 441 544 438 426 437 
707 442 544 437 426 437 
706 442 543 437 426 437 
707 441 544 437 426 437 
706 441 543 437 426 437 
707 441 544 436 426 436 
706 441 544 437 426 438 
707 441 545 438 426 437 
707 441 544 437 426 437 
706 441 544 437 426 437 
707 441 544 438 426 437 
706 441 544 437 426 437 
706 442 544 437 426 437 
706 441 545 438 425 436 
706 441 544 437 426 437 
707 441 545 438 426 437 
707 441 545 438 427 437 
707 441 544 437 427 436 
707 442 544 436 427 436 
707 441 544 436 428 434 
707 442 544 435 427 433 
707 441 545 435 428 432 
706 442 544 433 429 431 
706 442 545 433 428 427 
707 441 545 432 429 424 
706 441 544 428 429 421 
707 441 545 427 430 417 
707 441 545 424 432 412 
706 442 545 421 433 407 
707 442 546 418 434 402 
707 441 547 414 437 395 
707 441 547 412 439 390 
706 441 549 408 441 385 
707 441 549 404 444 379 
707 441 551 401 445 373 
706 441 552 398 448 368 
707 441 553 395 451 363 
707 441 554 391 453 357 
707 441 556 387 457 352 
707 441 556 384 460 348 
707 441 558 381 462 342 
707 441 560 377 467 337 
707 441 563 375 470 333 
708 441 563 372 473 329 
708 441 566 368 477 325 
708 441 566 366 481 321 
708 440 568 363 484 317 
708 441 569 361 487 313 
707 440 571 360 490 309 
708 441 572 357 492 306 
708 440 574 355 495 303 
708 441 576 353 498 300 
708 441 579 351 502 299 
708 440 580 350 506 295 
708 441 583 347 510 292 
708 440 585 346 514 288 
708 440 588 343 518 284 
708 440 591 341 523 281 
708 441 594 338 529 278 
709 441 597 333 534 274 
709 440 601 332 540 270 
708 440 605 328 545 267 
709 440 609 326 552 263 
709 440 615 323 559 259 
709 439 620 321 567 256 
709 440 626 318 575 251 
710 439 631 316 582 248 
710 439 638 313 592 244 
710 440 643 313 600 241 
711 440 649 311 609 238 
711 439 654 310 615 236 
711 440 659 309 624 231 
712 439 665 308 630 231 
712 440 669 307 636 230 
712 439 673 306 641 228 
712 440 677 306 648 228 
713 440 680 306 653 226 
714 441 681 306 657 226 
714 441 683 306 658 226 
714 441 685 306 660 226 
714 441 685 306 661 226 
714 441 686 306 661 225 
713 440 685 306 660 226 
713 440 684 306 660 225 
713 440 684 307 659 225 
712 440 683 306 658 226 
713 439 682 306 656 226 
712 440 682 307 655 226 
712 440 681 306 655 227 
713 439 681 306 655 226 
713 440 681 306 654 226 
712 439 682 306 655 227 
712 440 682 306 656 227 
713 440 683 307 657 227 
712 439 684 306 657 227 
713 440 685 306 658 226 
713 439 685 307 659 226 
713 440 686 306 660 226 
712 439 686 307 660 227 
713 440 686 306 660 227 
713 439 686 306 660 227 
713 439 686 307 658 227 
713 439 685 307 657 227 
712 440 684 307 656 227 
713 439 683 307 655 227 
712 439 682 306 652 228 
713 439 681 306 652 228 
712 440 678 306 648 228 
712 439 676 306 645 227 
713 440 673 306 640 227 
713 439 671 306 636 228 
713 440 668 306 632 228 
712 440 666 307 628 228 
712 440 662 307 624 230 
712 439 659 307 620 231 
711 440 657 308 616 232 
711 440 653 309 611 232 
711 440 651 309 607 234 
711 440 647 310 603 235 
711 440 643 310 598 238 
711 440 640 311 594 240 
710 440 637 313 586 243 
711 440 633 315 581 244 
710 440 630 316 574 248 
711 440 626 317 568 250 
711 440 622 320 562 254 
710 440 618 321 556 258 
710 440 615 324 550 261 
710 440 613 326 545 265 
710 439 608 329 541 269 
709 440 605 330 535 271 
709 440 603 332 531 274 
709 440 599 334 526 277 
709 440 597 336 522 280 
709 440 594 338 518 283 
709 440 592 341 515 286 
709 440 589 342 511 289 
709 441 586 344 508 292 
709 440 584 346 504 295 
709 440 582 349 500 299 
709 441 579 352 496 303 
708 440 578 353 492 307 
709 441 575 357 489 313 
709 441 574 359 484 318 
708 440 571 363 481 323 
708 441 568 366 476 327 
708 440 566 368 472 333 
708 440 565 372 469 337 
708 441 564 374 465 342 
708 440 562 378 462 347 
708 441 561 379 458 352 
707 440 558 384 456 358 
707 441 559 385 453 360 
707 440 555 389 450 365 
708 441 555 392 449 371 
707 441 555 393 447 376 
707 441 553 396 446 381 
707 441 552 399 442 384 
707 441 551 401 441 389 
707 441 550 404 440 393 
707 441 550 407 439 397 
707 441 549 409 438 401 
707 441 548 412 437 404 
707 441 549 414 436 407 
707 441 548 416 435 411 
706 441 548 418 434 414 
707 440 548 420 432 418 
707 441 547 422 431 420 
706 441 546 424 431 424 
707 440 546 425 430 426 
707 441 545 428 430 429 
707 441 546 430 429 433 
707 441 546 432 428 435 
707 440 545 433 429 438 
707 441 545 433 428 439 
707 441 546 435 428 439 
706 441 546 436 427 437 
707 440 546 435 427 437 
707 441 546 435 426 437 
706 440 546 435 426 437 
707 441 546 437 426 437 
707 441 546 437 426 438 
706 440 545 436 426 437 
707 441 546 437 426 437 
707 441 546 437 426 437 
706 440 545 437 426 438 
707 441 546 437 426 438 
706 441 545 437 426 437 
707 441 546 436 427 438 
706 441 545 435 427 437 
707 441 545 435 427 437 
707 441 546 433 428 436 
706 441 546 433 428 436 
707 441 547 430 429 433 
706 440 546 428 430 433 
706 441 547 428 431 430 
707 441 548 424 432 426 
706 440 549 421 432 421 
707 441 548 419 433 415 
707 441 549 416 435 410 
707 441 550 412 437 404 
708 442 551 409 439 398 
708 441 552 405 440 391 
707 441 552 402 443 386 
707 441 554 399 446 380 
707 441 554 395 446 374 
707 441 556 393 450 370 
707 441 558 390 453 364 
708 441 560 387 454 358 
707 441 561 383 457 353 
707 441 563 380 461 347 
708 441 564 377 465 341 
707 440 566 372 470 335 
708 441 569 368 473 328 
707 441 570 364 478 323 
708 440 573 360 484 317 
708 441 577 357 488 310 
708 440 579 354 494 305 
708 441 582 350 499 300 
708 440 585 347 505 295 
708 441 588 344 511 289 
708 441 591 341 517 285 
708 440 595 338 523 280 
709 440 598 335 529 276 
709 441 601 333 534 272 
709 441 605 330 540 268 
709 440 608 329 544 266 
709 440 611 327 549 263 
710 440 614 326 554 261 
710 441 618 324 557 260 
710 441 619 323 561 257 
709 440 624 322 565 256 
710 440 626 321 569 253 
710 440 630 319 574 253 
710 441 635 317 584 247 
710 440 640 316 591 244 
711 440 644 314 596 240 
710 441 647 314 602 239 
711 441 651 312 608 237 
711 440 656 312 613 235 
711 440 659 311 619 235 
712 441 663 310 627 230 
712 441 666 310 631 230 
712 440 669 309 635 230 
712 440 672 309 639 230 
713 440 674 309 643 229 
712 440 676 309 644 230 
713 440 678 309 647 230 
712 440 678 309 649 230 
713 440 679 309 649 230 
713 440 679 309 649 230 
712 440 679 309 649 230 
713 439 678 309 649 230 
713 440 678 309 649 231 
712 440 678 310 648 230 
713 440 678 309 647 230 
712 439 677 310 647 230 
713 440 676 309 647 230 
713 440 676 309 647 229 
712 440 676 309 647 230 
713 440 676 309 646 230 
712 440 676 309 646 229 
712 440 675 309 646 229 
713 440 675 309 646 229 
712 440 675 309 645 229 
713 441 673 309 643 229 
712 441 672 309 640 229 
712 440 670 309 637 230 
713 440 668 309 635 230 
712 440 666 310 631 231 
712 440 664 310 628 231 
712 440 662 310 623 231 
712 440 660 310 621 231 
711 440 659 311 619 232 
712 440 657 311 616 232 
711 440 655 311 613 234 
711 440 654 311 612 234 
711 440 652 311 610 235 
711 441 651 312 606 235 
711 440 648 312 603 236 
712 440 647 313 600 236 
711 441 645 313 597 238 
711 440 642 314 593 239 
711 440 640 315 589 241 
711 441 637 315 585 242 
711 440 635 316 582 244 
711 440 632 317 577 246 
710 440 630 318 573 247 
711 441 628 320 570 251 
710 440 624 320 566 253 
710 440 622 323 561 256 
710 440 618 323 557 258 
710 440 616 325 553 262 
710 441 613 326 548 264 
710 440 610 328 543 267 
709 440 607 330 539 271 
710 440 604 332 535 274 
709 440 602 334 530 278 
709 440 598 336 524 281 
709 440 595 339 520 285 
709 440 593 339 515 289 
709 441 589 342 510 294 
709 441 587 345 507 298 
709 440 586 348 503 303 
709 440 584 350 500 306 
709 440 581 352 496 310 
708 440 577 355 492 315 
709 441 576 355 490 319 
709 440 573 359 486 321 
708 440 573 360 483 325 
708 441 570 363 481 329 
708 440 570 365 479 333 
708 441 566 368 475 337 
708 440 564 371 472 341 
708 441 563 373 469 347 
708 441 562 376 466 353 
708 440 563 378 463 357 
707 441 559 381 461 363 
708 440 558 384 459 367 
707 441 557 386 455 371 
708 440 557 388 453 378 
707 441 554 392 451 383 
708 441 553 395 451 389 
707 441 553 397 448 393 
708 441 550 402 445 399 
708 442 551 404 446 403 
707 441 552 405 442 404 
707 441 549 409 442 410 
707 441 548 410 442 414 
707 442 549 412 438 412 
707 442 547 415 438 418 
707 441 548 417 439 421 
707 441 548 418 437 423 
707 441 547 419 437 426 
707 442 547 420 435 427 
707 442 547 422 435 429 
707 441 547 423 435 430 
707 441 546 424 435 432 
707 441 546 426 434 433 
707 442 546 427 433 435 
707 441 546 428 434 438 
707 441 546 429 433 440 
706 441 547 432 432 442 
707 442 547 433 431 444 
707 442 547 434 431 443 
707 441 547 435 431 443 
707 441 546 434 431 442 
707 441 546 435 431 441 
707 442 545 434 430 442 
707 441 545 435 430 442 
707 441 545 435 430 444 
707 442 546 436 430 444 
707 441 545 437 431 444 
707 441 545 436 430 444 
707 442 545 437 430 445 
708 442 545 437 430 445 
708 441 545 437 431 445 
708 442 545 437 431 445 
707 441 545 436 431 445 
707 442 545 437 430 445 
708 442 546 437 430 444 
708 442 546 437 430 445 
708 442 546 437 430 444 
708 442 546 437 430 444 
708 442 546 437 430 445 
708 442 545 437 430 445 
708 442 545 436 430 444 
708 442 546 437 430 444 
708 442 546 437 430 445 
708 442 545 436 431 444 
708 443 545 436 430 444 
708 442 545 436 431 443 
708 442 545 436 431 442 
708 442 545 433 432 442 
708 442 544 432 432 442 
707 442 545 429 432 440 
707 442 545 428 433 437 
707 442 546 425 434 432 
707 441 548 422 435 427 
707 442 549 420 436 421 
707 441 549 416 437 414 
707 441 549 412 439 406 
707 441 550 408 443 399 
707 442 552 404 445 391 
707 442 553 399 450 384 
707 441 555 395 451 375 
707 441 556 391 455 368 
707 441 558 388 458 361 
707 441 561 384 461 355 
708 441 561 380 464 350 
707 441 562 377 467 344 
708 440 564 374 470 339 
707 441 566 371 473 334 
708 441 569 368 477 330 
708 440 570 364 481 324 
708 441 573 361 486 319 
708 440 576 357 490 314 
708 441 578 354 495 308 
708 440 580 351 500 303 
708 441 583 349 505 298 
708 440 586 346 510 293 
709 440 589 344 515 289 
709 440 591 342 520 285 
708 440 595 339 524 282 
709 441 597 338 528 278 
709 440 600 335 533 275 
709 440 603 334 537 272 
709 440 605 333 541 270 
709 440 609 330 545 267 
709 440 612 328 549 264 
709 440 615 326 555 261 
710 440 618 325 560 258 
709 441 622 323 566 256 
710 441 626 321 572 252 
711 441 630 320 578 248 
711 441 634 318 585 244 
711 441 639 317 592 243 
711 440 643 315 600 241 
711 440 648 314 606 238 
712 441 653 314 612 236 
711 440 658 314 619 234 
712 441 662 312 626 233 
712 440 667 313 632 231 
713 440 670 312 637 230 
712 440 673 311 641 230 
713 441 675 311 644 229 
713 440 677 312 646 229 
713 440 678 312 647 229 
713 440 678 312 647 229 
713 440 678 311 647 229 
713 440 678 312 646 229 
713 441 676 311 645 229 
713 441 676 312 644 229 
713 440 673 312 643 229 
713 441 672 312 639 229 
712 440 670 312 636 229 
712 440 667 312 634 230 
712 440 664 312 630 230 
712 440 663 312 628 231 
712 440 661 313 625 233 
712 441 658 313 621 232 
712 440 656 313 617 233 
712 441 653 314 612 234 
711 440 651 314 609 235 
712 441 649 315 606 236 
711 441 647 316 602 237 
711 440 644 316 598 239 
711 441 642 317 595 240 
711 440 641 317 591 241 
711 441 639 317 590 242 
711 441 638 317 588 243 
711 441 635 318 585 243 
711 441 634 319 582 244 
711 440 632 319 581 245 
711 441 630 320 577 247 
711 441 628 321 573 249 
711 440 625 323 569 252 
710 441 623 324 564 255 
711 440 619 325 559 258 
710 440 617 327 555 261 
710 441 614 328 550 264 
710 440 611 330 546 267 
710 440 609 330 542 270 
710 441 606 333 538 272 
710 440 604 333 534 274 
709 441 601 335 531 276 
710 441 600 337 528 278 
709 441 596 338 524 281 
710 441 594 340 521 284 
710 441 591 343 517 287 
709 440 590 345 513 291 
710 441 587 348 509 295 
709 441 584 349 504 299 
709 441 581 353 499 304 
709 440 578 356 493 308 
709 441 576 359 489 316 
709 441 572 363 484 321 
709 441 570 367 478 328 
709 440 567 371 474 336 
709 441 565 375 470 344 
708 441 564 378 465 350 
709 441 562 381 462 356 
709 441 559 384 459 363 
708 441 557 388 456 370 
708 441 556 391 454 379 
708 442 554 394 452 384 
708 442 553 397 450 391 
708 441 552 400 448 398 
708 441 551 403 446 403 
708 441 551 405 446 406 
708 441 550 409 444 411 
708 442 550 410 443 412 
709 441 549 414 442 416 
708 442 549 414 439 417 
708 441 548 418 439 421 
708 441 548 419 440 425 
708 442 548 420 438 427 
708 441 547 422 438 429 
708 442 547 423 439 432 
708 442 546 424 437 434 
708 441 546 426 437 435 
708 442 545 428 436 438 
708 441 545 429 436 441 
708 442 547 431 435 442 
708 442 546 434 435 445 
708 442 546 434 435 448 
707 441 545 435 434 449 
708 442 546 436 433 448 
708 442 546 436 433 448 
708 442 546 437 433 448 
708 442 546 436 432 449 
708 442 546 436 432 449 
708 442 546 437 431 449 
707 441 546 437 432 449 
708 442 545 438 432 450 
707 442 545 438 432 450 
708 442 545 439 432 450 
708 442 546 439 431 450 
708 442 545 438 431 450 
708 441 545 438 431 450 
708 442 545 438 431 450 
707 441 545 438 431 450 
708 442 545 439 431 450 
708 442 545 439 431 450 
708 442 546 440 431 451 
708 442 546 440 431 451 
708 442 546 439 431 450 
708 442 545 439 431 450 
708 442 546 439 431 450 
708 442 546 439 431 450 
708 442 546 439 431 450 
708 442 546 439 431 451 
708 442 546 440 431 451 
708 442 545 439 430 452 
708 442 544 439 429 452 
708 442 545 439 429 452 
708 442 544 439 429 452 
708 442 544 438 429 452 
708 442 545 439 430 452 
708 442 545 439 429 452 
708 442 545 439 429 452 
708 442 545 439 429 452 
708 442 545 439 430 452 
708 442 545 439 430 451 
708 442 545 439 430 451 
708 442 545 439 430 451 
