675 362 533 363 429 367 
675 362 533 363 429 367 
675 363 533 364 429 368 
675 363 533 364 430 368 
675 363 533 364 430 368 
675 363 533 364 430 368 
675 363 533 364 429 367 
675 363 533 364 429 368 
675 363 534 364 428 367 
676 363 534 364 429 367 
676 363 534 364 429 367 
676 363 534 364 428 367 
676 363 533 364 429 367 
676 362 533 362 429 367 
676 362 532 363 428 367 
675 362 533 363 428 367 
676 362 532 363 428 367 
676 362 533 363 429 368 
676 362 533 363 428 367 
676 362 533 364 428 367 
676 362 532 363 428 367 
675 362 533 363 428 367 
675 362 532 363 428 367 
676 362 533 362 429 368 
675 361 532 362 429 368 
676 363 532 363 429 368 
676 363 532 362 429 368 
676 363 533 363 429 368 
675 363 532 362 428 367 
675 363 532 361 430 367 
675 363 531 360 430 367 
675 363 532 360 430 366 
675 363 532 359 430 365 
675 362 532 359 430 364 
675 362 532 357 430 364 
675 362 533 357 430 361 
675 362 532 355 430 359 
674 362 532 352 429 357 
675 362 534 351 429 353 
674 362 534 349 429 349 
675 362 533 346 429 345 
675 362 532 342 429 340 
675 362 533 340 430 334 
675 362 534 339 430 331 
674 361 535 335 430 325 
674 361 536 332 430 321 
674 362 537 329 432 316 
674 361 537 325 434 311 
674 362 537 322 435 305 
674 362 538 318 436 299 
674 361 539 315 438 295 
674 361 541 312 439 288 
675 362 543 308 442 280 
675 362 544 305 444 275 
675 362 545 302 448 268 
675 362 547 298 450 262 
675 361 547 294 453 256 
675 361 549 292 457 250 
675 361 552 288 462 244 
674 360 555 286 465 239 
675 361 557 283 469 233 
675 361 559 280 472 229 
675 360 562 277 476 223 
675 361 565 274 480 217 
675 361 568 271 483 213 
675 361 570 269 487 208 
675 361 573 266 493 202 
675 359 576 263 498 198 
676 360 579 260 502 192 
676 360 583 259 506 189 
676 360 587 257 511 184 
676 360 591 254 516 180 
676 360 596 252 521 176 
676 360 598 250 529 172 
677 359 603 248 535 168 
677 359 608 246 540 163 
678 360 610 244 547 158 
678 360 613 243 554 156 
679 359 619 240 562 154 
679 359 622 241 567 150 
679 359 626 239 574 148 
679 359 628 238 579 147 
679 359 633 239 584 145 
680 359 636 239 589 143 
680 360 639 237 593 142 
681 359 641 237 597 139 
681 359 643 237 601 139 
681 359 645 236 605 137 
681 359 647 236 607 136 
681 359 649 236 612 137 
681 358 652 236 614 136 
681 359 653 236 616 136 
682 359 655 236 619 136 
682 358 657 236 620 135 
682 359 657 236 622 136 
681 358 657 236 623 137 
683 359 658 237 624 137 
683 359 659 237 623 137 
683 359 659 238 621 137 
682 360 658 237 621 138 
681 359 658 237 620 139 
683 359 658 237 619 139 
683 359 658 237 618 139 
682 359 658 237 618 139 
682 358 658 236 620 138 
681 359 658 236 621 138 
682 359 659 237 622 137 
682 358 659 237 624 136 
682 359 660 237 626 136 
682 358 661 236 627 137 
682 358 662 237 628 136 
682 359 662 237 628 136 
682 358 662 237 628 136 
682 359 662 237 628 137 
682 358 662 237 627 137 
682 359 661 237 626 137 
682 358 661 237 624 136 
682 359 659 237 624 137 
682 359 658 237 623 137 
682 359 658 238 622 138 
682 359 657 237 620 138 
681 359 656 237 619 138 
682 359 655 237 618 138 
681 359 655 237 617 137 
682 359 654 237 616 137 
681 359 654 237 612 138 
682 359 652 237 610 138 
682 359 651 237 608 138 
682 359 649 237 605 139 
682 359 647 237 602 140 
682 359 646 238 599 141 
681 359 644 238 595 141 
681 359 643 238 593 142 
681 359 641 238 591 143 
681 359 639 238 589 144 
681 360 638 239 586 145 
680 359 637 239 582 145 
681 360 635 239 580 145 
680 359 633 239 578 146 
680 359 633 240 576 147 
680 360 631 240 574 148 
680 359 629 241 573 149 
681 359 628 241 571 150 
680 360 628 241 568 151 
680 360 625 241 566 152 
680 360 624 241 562 154 
680 359 622 242 560 154 
681 360 621 242 556 156 
680 360 618 243 554 157 
679 359 617 244 550 157 
680 360 615 244 549 158 
679 359 614 245 547 161 
679 359 612 245 545 162 
680 360 611 246 543 162 
679 359 609 246 542 163 
679 360 608 247 539 164 
679 360 606 247 536 164 
679 360 605 248 534 167 
679 360 603 249 530 167 
679 360 601 250 526 171 
679 360 600 251 523 174 
679 360 597 252 520 175 
679 360 595 254 518 178 
679 360 592 254 514 179 
678 360 590 256 512 182 
678 360 589 256 508 183 
678 360 587 258 506 186 
679 360 585 259 503 187 
678 360 581 261 501 190 
678 360 579 261 500 194 
678 360 578 261 495 195 
678 360 576 264 492 198 
678 360 572 266 490 202 
678 360 572 267 487 205 
678 360 569 269 482 209 
678 361 567 272 479 213 
678 360 567 273 477 218 
678 361 563 276 474 220 
678 360 563 276 472 224 
677 360 561 279 468 227 
677 360 560 279 468 230 
677 361 558 283 465 232 
677 361 557 282 464 236 
678 361 556 285 462 240 
677 361 554 287 460 242 
677 360 553 288 456 244 
676 361 552 291 454 250 
676 360 550 293 453 256 
677 361 549 295 452 261 
677 361 547 299 447 262 
676 360 546 301 446 268 
677 361 545 305 444 274 
676 360 544 307 443 279 
676 361 542 310 441 284 
676 361 541 313 440 290 
676 361 540 316 438 294 
676 361 539 318 438 299 
677 361 538 321 437 304 
676 361 536 325 437 307 
676 362 536 328 434 312 
676 361 535 330 434 316 
677 362 535 334 433 321 
676 361 535 336 433 323 
676 361 534 338 433 328 
676 362 534 339 432 331 
676 361 535 342 431 333 
676 361 534 342 431 334 
676 361 533 343 431 335 
675 361 534 344 431 336 
675 362 534 346 430 338 
676 361 534 348 430 338 
675 362 533 348 431 342 
676 361 533 349 431 343 
676 361 533 350 431 347 
675 362 533 352 431 348 
675 362 533 353 431 352 
675 362 533 354 430 353 
676 362 533 355 431 354 
676 362 533 356 431 355 
676 362 533 357 431 357 
676 362 533 359 431 358 
675 362 533 359 431 359 
676 362 533 361 432 360 
675 362 533 361 431 359 
675 361 533 361 431 360 
676 362 533 360 432 360 
675 361 534 362 432 360 
675 362 533 361 432 360 
676 362 534 362 432 361 
675 361 533 362 432 360 
676 362 533 362 431 361 
675 361 533 363 431 360 
675 362 534 363 431 361 
676 362 534 363 431 361 
675 362 533 363 431 362 
676 362 534 365 431 361 
675 361 533 364 431 362 
675 362 533 363 431 362 
675 362 533 364 432 362 
676 362 533 364 432 361 
675 362 533 364 431 362 
676 362 533 363 431 362 
676 362 533 364 431 362 
675 362 533 364 431 362 
676 361 533 364 432 361 
676 362 533 364 431 362 
675 362 533 363 432 363 
675 362 533 364 431 362 
676 361 532 364 432 362 
675 361 533 364 432 362 
675 361 533 365 431 362 
676 361 533 364 432 363 
675 361 533 364 431 362 
676 361 533 364 432 363 
675 362 533 364 431 362 
675 362 533 364 432 363 
676 362 534 365 432 363 
675 362 534 364 431 363 
676 362 533 364 432 362 
675 362 533 363 431 362 
676 363 533 363 431 361 
675 361 534 363 431 361 
676 362 534 362 432 361 
675 362 533 361 431 360 
676 362 532 360 432 359 
676 363 533 360 432 358 
675 361 532 358 432 357 
675 361 532 357 431 354 
676 361 532 357 431 351 
676 362 532 354 431 348 
675 362 532 353 431 344 
675 362 532 349 431 339 
676 362 532 347 431 334 
676 362 533 344 432 329 
676 362 533 342 432 322 
676 362 534 340 433 317 
676 362 534 337 434 313 
676 361 534 333 434 306 
675 362 535 329 435 302 
675 362 536 327 437 297 
675 361 537 324 438 291 
675 362 538 321 440 285 
676 362 538 317 442 280 
675 361 540 314 444 274 
676 361 541 310 446 269 
676 362 542 306 448 264 
676 361 543 305 451 259 
676 362 546 302 452 255 
676 361 547 299 456 251 
677 362 548 296 458 246 
677 361 549 294 460 242 
677 361 551 292 463 238 
677 361 552 289 465 235 
676 361 554 288 467 231 
676 360 556 286 471 228 
677 361 557 283 473 225 
676 361 558 281 477 220 
677 360 559 278 479 216 
677 361 562 276 482 212 
677 361 564 273 486 208 
677 361 567 271 490 204 
676 360 570 269 494 199 
677 361 572 266 499 196 
677 360 575 263 505 192 
677 360 579 261 509 187 
678 360 583 258 514 182 
677 360 587 255 519 179 
678 360 592 252 526 174 
679 359 597 249 534 168 
678 359 602 247 542 164 
679 359 608 245 550 159 
679 359 614 243 558 156 
679 360 619 242 565 152 
679 359 624 241 573 149 
681 360 629 240 581 146 
680 360 634 239 588 145 
680 359 638 239 594 142 
680 359 641 238 600 141 
681 359 645 238 606 140 
681 359 648 238 611 140 
681 359 651 238 615 139 
681 360 652 239 618 138 
680 359 653 239 619 137 
682 359 654 239 621 138 
681 359 654 238 621 138 
681 359 654 238 621 138 
681 359 654 238 620 137 
681 359 653 238 619 137 
681 359 652 238 618 138 
681 359 651 238 617 138 
680 359 651 238 616 138 
681 358 651 238 615 138 
681 360 651 238 614 139 
681 359 650 238 615 139 
681 359 651 238 615 138 
681 359 652 238 615 138 
681 359 652 238 616 138 
681 359 653 238 618 138 
681 359 654 238 619 138 
681 359 655 238 620 138 
682 359 655 238 620 138 
682 359 655 238 621 138 
681 359 655 238 621 138 
681 358 655 238 620 138 
681 359 654 238 619 138 
681 359 654 238 618 138 
681 359 653 238 617 139 
680 358 652 238 614 139 
682 360 651 238 614 139 
681 359 650 239 611 139 
681 359 648 239 608 140 
681 359 646 238 605 140 
681 359 645 239 601 141 
681 359 642 239 597 142 
681 360 639 240 593 143 
681 360 637 240 589 145 
680 360 634 241 584 145 
680 360 632 241 579 146 
680 360 630 242 575 148 
679 359 627 243 570 150 
680 361 623 243 566 150 
680 360 621 244 562 152 
680 360 618 244 558 154 
680 360 614 246 553 157 
680 360 612 247 547 160 
680 360 608 248 543 163 
679 360 605 249 537 167 
679 360 602 250 532 170 
679 359 597 253 526 175 
679 360 595 254 519 177 
679 360 592 255 515 180 
678 360 588 257 511 185 
678 360 584 260 506 189 
678 360 582 262 502 193 
678 360 580 264 499 197 
678 360 577 266 493 202 
678 360 573 267 492 205 
678 360 572 269 488 208 
678 360 570 272 485 211 
677 360 567 273 483 215 
678 360 566 276 479 217 
677 360 565 277 476 222 
677 361 562 280 474 226 
677 360 561 283 470 231 
678 360 559 285 467 235 
677 361 557 288 464 240 
677 361 556 289 461 245 
677 360 554 292 458 250 
677 360 551 295 455 256 
677 361 549 298 452 262 
677 361 548 301 451 268 
676 360 547 304 448 272 
677 360 545 307 446 278 
676 361 544 310 443 283 
676 361 543 313 442 288 
676 361 541 315 441 293 
676 362 540 318 440 297 
677 361 540 321 439 302 
676 362 539 324 438 307 
676 362 538 327 437 312 
676 362 537 330 436 316 
676 362 537 332 436 319 
676 362 537 336 435 322 
676 362 536 338 434 326 
676 362 535 340 434 330 
675 361 534 341 434 334 
676 362 534 343 434 337 
676 361 534 344 434 341 
676 362 535 347 434 344 
675 361 535 349 433 347 
675 362 535 350 434 351 
676 361 534 351 432 352 
675 362 534 353 433 354 
676 361 534 354 434 357 
675 361 534 357 433 360 
675 362 534 357 434 362 
676 362 534 360 434 363 
675 361 535 361 434 364 
676 362 534 362 434 364 
675 362 534 362 434 364 
675 361 535 362 434 364 
675 362 535 362 434 364 
675 361 534 362 435 364 
676 361 533 363 434 364 
675 361 534 364 434 365 
675 361 533 364 434 365 
675 361 534 365 434 364 
675 362 533 364 434 365 
675 362 534 364 434 365 
676 361 534 364 435 364 
675 362 534 364 434 364 
676 361 534 363 434 365 
675 361 534 363 435 364 
676 362 533 361 435 364 
675 362 534 360 435 365 
676 361 533 357 435 364 
675 362 534 357 435 363 
676 361 533 355 435 362 
675 362 534 353 435 359 
676 361 534 351 435 357 
675 362 534 350 434 353 
676 361 533 346 435 348 
676 361 534 343 434 343 
676 362 535 341 434 337 
676 362 536 339 435 332 
676 361 536 337 435 325 
676 361 537 333 437 320 
676 362 537 330 437 315 
676 362 538 327 438 309 
676 361 538 323 438 305 
676 362 539 321 440 300 
676 361 541 318 441 293 
676 361 542 314 443 288 
676 362 544 311 445 283 
676 361 545 308 448 276 
677 362 546 304 450 270 
676 361 547 300 453 263 
677 362 549 297 457 258 
676 361 552 293 461 251 
677 361 554 289 464 245 
676 361 556 286 468 238 
676 361 559 283 473 232 
677 360 561 279 477 226 
677 360 564 277 481 219 
677 361 567 273 485 213 
677 361 570 271 491 209 
677 360 573 267 496 203 
678 360 576 266 501 198 
677 361 579 263 506 194 
678 360 582 262 509 190 
678 360 585 259 513 187 
678 360 588 257 516 184 
678 360 590 256 520 182 
678 360 595 254 528 178 
679 360 598 253 532 175 
679 360 601 251 537 174 
678 360 605 249 541 171 
678 360 607 248 546 168 
679 361 610 247 551 165 
679 360 613 246 557 161 
679 360 618 245 563 158 
679 361 621 244 569 156 
679 360 625 243 575 153 
679 360 628 243 581 151 
680 360 632 242 586 149 
681 360 635 241 592 148 
680 360 638 241 596 147 
681 360 640 241 600 146 
681 360 643 240 604 145 
681 360 644 240 606 144 
681 360 645 240 608 143 
681 359 647 240 609 143 
682 359 647 240 611 143 
681 360 647 239 611 143 
681 360 647 240 611 143 
681 360 648 239 611 143 
681 360 647 240 611 143 
681 359 647 239 609 143 
681 360 646 240 609 143 
681 360 645 239 608 143 
681 360 646 240 607 144 
681 360 645 240 607 144 
681 360 645 240 607 143 
680 360 645 240 607 144 
681 360 644 240 607 144 
681 360 645 240 607 143 
681 360 644 240 606 144 
681 360 643 241 606 144 
681 360 643 240 604 144 
681 360 642 240 601 144 
681 360 640 241 598 145 
681 360 638 242 596 146 
681 361 636 241 592 146 
681 360 634 242 588 147 
680 360 633 242 585 148 
680 360 631 243 582 149 
680 360 629 242 580 150 
680 360 629 243 577 150 
680 360 626 244 574 151 
680 360 625 244 572 152 
680 360 624 244 571 153 
680 360 622 245 568 153 
680 360 620 245 565 155 
680 361 619 246 562 156 
680 360 617 247 558 158 
680 361 615 248 554 160 
680 361 612 248 551 161 
680 360 611 249 548 163 
680 361 608 249 544 165 
680 361 606 250 540 167 
680 361 603 252 537 170 
679 361 602 252 533 171 
678 360 598 254 529 174 
679 361 597 255 525 178 
679 360 594 255 521 180 
679 361 591 257 518 183 
678 360 588 258 514 187 
678 360 586 260 510 190 
678 360 583 262 506 193 
678 360 582 263 503 197 
678 360 578 265 498 201 
677 360 576 267 493 206 
678 360 573 269 490 209 
678 360 572 272 486 214 
678 360 570 273 483 218 
677 360 567 274 478 223 
677 360 566 278 476 228 
677 360 563 278 472 232 
677 360 563 280 471 237 
677 361 561 283 467 241 
677 360 558 285 465 245 
677 360 557 287 464 249 
677 361 555 289 460 252 
676 361 554 291 459 257 
677 361 552 293 457 261 
677 360 551 296 454 265 
677 362 549 298 453 270 
677 361 548 300 451 275 
676 361 547 302 449 281 
676 360 546 305 448 286 
677 362 544 308 447 291 
677 362 543 311 445 296 
677 362 541 313 444 300 
676 362 541 316 443 304 
676 361 539 319 442 309 
676 361 539 322 441 314 
676 361 539 324 440 320 
676 361 537 327 440 324 
676 362 537 330 439 327 
676 361 536 332 437 332 
676 362 536 334 436 336 
676 362 535 336 436 339 
676 362 535 339 436 343 
676 362 534 341 436 346 
676 362 534 344 436 349 
676 362 535 345 436 351 
676 362 534 347 435 353 
676 362 534 348 435 355 
676 362 534 348 434 356 
675 362 534 350 435 358 
676 363 534 351 435 359 
676 362 533 351 435 360 
675 362 534 353 435 362 
676 363 533 354 436 363 
676 362 533 356 437 366 
676 361 533 356 436 367 
676 363 534 358 436 369 
676 362 534 359 436 369 
676 362 534 360 437 368 
676 362 533 359 436 369 
675 362 533 360 437 368 
676 363 534 360 436 369 
676 362 533 361 437 368 
675 362 534 361 436 370 
676 363 534 363 436 369 
676 362 534 363 436 370 
676 362 533 363 436 370 
676 362 534 363 436 370 
676 363 533 363 436 370 
676 362 533 363 436 370 
676 363 534 363 436 370 
676 362 533 363 436 370 
676 363 534 364 436 370 
676 362 533 363 436 370 
676 363 534 362 437 371 
676 362 533 362 436 370 
676 363 534 362 436 370 
676 362 533 363 437 370 
676 363 533 362 437 371 
676 362 534 363 437 371 
676 363 533 362 436 371 
676 362 534 362 437 371 
676 362 533 362 436 371 
676 362 534 363 437 370 
676 362 533 361 436 371 
676 362 534 362 437 370 
676 363 533 360 437 368 
676 362 534 358 436 369 
676 363 534 357 437 368 
676 363 533 354 437 366 
675 362 533 352 436 363 
676 363 533 349 436 358 
676 362 534 347 436 353 
676 362 535 345 437 347 
675 362 534 340 436 341 
676 363 535 337 437 330 
676 362 535 334 437 323 
676 362 537 331 438 315 
676 362 537 326 438 307 
676 362 538 321 439 300 
676 361 540 318 442 294 
676 362 541 315 444 288 
676 362 543 312 446 283 
677 361 543 308 448 277 
676 362 546 305 450 272 
676 361 547 303 452 268 
676 361 549 299 454 262 
676 362 551 295 457 257 
677 361 552 292 460 250 
676 361 555 290 464 244 
677 361 556 285 468 238 
677 362 559 283 472 232 
676 361 561 280 476 226 
676 361 564 277 480 221 
676 361 566 274 483 217 
677 360 569 272 487 212 
677 361 571 269 491 208 
677 360 574 268 494 204 
678 361 577 265 499 201 
678 361 579 263 503 197 
677 360 581 262 506 193 
678 361 584 259 509 190 
678 360 586 259 513 187 
678 361 590 257 517 184 
678 361 592 255 522 180 
678 361 596 254 528 178 
678 361 599 251 533 174 
679 361 601 250 539 169 
679 361 608 248 544 166 
680 361 610 247 551 163 
679 361 614 246 557 159 
679 360 620 245 565 157 
680 361 624 244 571 154 
680 361 628 243 579 152 
680 360 632 243 585 151 
681 361 636 242 591 149 
681 360 640 241 596 148 
681 360 644 242 601 147 
681 360 646 242 605 147 
681 360 649 242 608 145 
682 360 649 242 608 146 
681 360 650 242 609 145 
682 360 650 242 610 145 
681 360 649 242 609 146 
681 360 649 242 608 146 
682 360 647 242 605 146 
681 360 646 243 604 146 
681 360 644 243 602 147 
681 361 642 243 598 148 
680 360 641 243 595 148 
680 360 638 244 593 149 
681 361 636 244 589 149 
680 360 635 244 585 151 
680 361 632 244 582 152 
680 360 630 245 578 153 
680 361 628 245 575 154 
680 360 626 246 571 156 
680 360 624 247 568 157 
680 361 621 247 563 158 
680 361 619 248 561 162 
680 361 618 249 556 163 
679 361 616 249 555 165 
679 361 614 250 552 165 
679 361 613 250 549 166 
679 361 611 251 548 166 
680 362 609 251 545 167 
678 361 608 252 543 169 
679 361 606 252 540 170 
679 361 605 253 537 172 
679 361 602 255 533 175 
679 361 600 255 529 179 
680 361 598 257 524 182 
679 361 595 258 520 185 
678 360 591 258 516 188 
679 361 589 260 512 191 
678 360 587 260 509 195 
678 361 585 263 505 196 
678 360 582 263 503 199 
678 361 579 265 500 202 
678 361 579 267 497 205 
677 361 576 268 494 208 
677 361 573 270 491 210 
677 361 571 272 488 213 
678 362 569 274 484 218 
678 361 567 277 481 221 
677 361 564 278 477 226 
678 362 562 282 472 230 
678 362 560 285 468 236 
678 362 557 287 464 242 
677 362 556 291 460 248 
677 361 553 293 457 257 
677 362 550 298 454 263 
677 362 549 301 452 271 
677 361 547 304 448 277 
677 361 546 308 447 285 
677 362 544 311 445 291 
676 362 542 314 443 297 
676 362 541 319 443 305 
677 362 540 321 441 309 
676 362 539 325 440 314 
676 362 538 326 440 320 
676 362 538 330 440 324 
676 362 537 332 439 328 
676 362 536 335 438 333 
677 362 536 337 438 338 
677 363 535 339 438 342 
677 362 535 342 438 346 
677 362 535 343 437 347 
676 362 534 346 437 349 
676 362 535 346 437 352 
676 362 534 348 436 354 
676 362 534 350 436 356 
676 362 534 351 436 358 
676 362 534 352 436 359 
675 362 534 353 436 361 
677 362 535 355 436 363 
676 362 534 356 437 365 
676 362 535 358 436 368 
676 362 535 359 437 370 
676 362 535 361 437 371 
676 363 534 361 437 371 
676 363 533 360 437 371 
676 363 534 361 437 371 
676 362 534 361 437 371 
676 362 535 362 437 372 
676 363 534 362 437 372 
675 362 534 363 436 372 
677 362 533 363 436 373 
676 363 534 364 436 373 
676 363 535 364 437 373 
676 362 535 365 436 373 
676 362 534 364 436 373 
676 363 534 364 435 373 
676 363 534 365 436 372 
676 363 534 364 436 372 
676 362 533 364 436 372 
676 363 533 365 435 372 
676 363 533 364 435 372 
676 362 533 365 436 372 
676 363 534 364 435 372 
676 363 534 365 436 372 
676 363 534 365 435 372 
676 363 534 365 436 372 
676 363 534 365 435 372 
676 363 534 366 436 372 
676 363 534 365 436 372 
675 363 533 365 435 372 
676 363 534 365 435 372 
676 363 534 366 435 373 
676 363 533 365 435 373 
676 363 533 365 435 372 
675 363 533 365 435 372 
676 363 533 365 436 372 
676 363 534 366 435 373 
676 363 534 365 435 373 
675 363 534 366 435 373 
676 363 535 366 436 373 
676 363 534 366 435 373 
676 363 534 366 435 372 
