715 447 598 441 506 447 
715 447 598 441 506 447 
715 447 598 442 506 447 
715 447 599 442 506 448 
715 447 598 442 506 448 
715 447 599 442 507 447 
715 447 599 442 507 448 
715 447 598 442 507 448 
715 447 599 442 507 448 
715 447 599 442 507 447 
715 447 598 442 506 447 
715 447 599 442 506 447 
715 447 598 442 506 447 
715 447 598 442 506 446 
715 447 599 442 505 447 
715 447 598 442 506 447 
715 447 599 442 506 447 
715 447 599 442 506 448 
715 447 599 442 506 448 
715 447 599 442 506 448 
715 447 599 442 505 447 
715 447 599 441 505 446 
715 447 598 441 505 445 
715 447 598 441 506 445 
715 447 598 441 507 446 
715 447 598 441 506 447 
715 447 598 441 506 446 
715 447 598 441 505 445 
715 447 598 441 505 444 
715 447 598 440 506 444 
715 447 598 440 506 443 
715 447 597 438 506 443 
714 447 598 438 507 442 
714 446 598 437 507 441 
714 447 599 436 508 441 
715 447 599 434 508 440 
715 447 598 433 508 439 
714 447 599 432 509 437 
714 446 599 430 508 433 
715 447 600 428 508 428 
715 447 601 428 509 425 
715 447 601 425 511 420 
714 446 602 423 512 414 
714 447 602 419 512 408 
715 446 603 416 512 403 
714 446 604 415 514 399 
715 447 604 412 516 396 
715 447 605 409 518 391 
715 447 607 407 519 386 
714 447 607 404 521 383 
714 446 609 400 523 377 
714 446 610 398 526 372 
715 446 611 396 529 367 
715 446 613 392 531 362 
715 446 614 389 533 358 
715 446 615 387 537 355 
715 445 617 384 540 349 
715 446 619 382 543 344 
715 445 620 380 546 339 
715 446 623 378 550 336 
715 446 625 377 554 335 
716 445 628 374 558 331 
716 445 630 372 562 326 
716 446 631 370 566 326 
715 445 634 367 572 322 
716 446 637 365 575 321 
716 446 640 363 579 317 
716 445 642 361 583 315 
716 445 645 359 586 313 
716 445 648 357 591 309 
716 445 651 356 595 306 
716 445 655 353 601 302 
717 444 658 352 606 300 
717 445 662 350 611 297 
718 444 665 350 615 295 
717 445 669 348 621 291 
718 444 673 348 626 290 
719 445 677 347 630 287 
719 444 679 346 635 286 
719 444 681 346 639 284 
719 444 683 345 644 283 
720 445 685 344 646 281 
720 445 686 344 651 280 
720 445 688 343 655 279 
721 444 690 343 658 277 
721 444 692 343 662 277 
721 444 693 343 663 278 
721 444 695 342 665 278 
721 444 697 342 667 278 
722 444 698 341 668 277 
722 445 700 341 670 277 
722 445 701 341 672 277 
722 445 702 341 673 277 
722 445 703 341 675 277 
722 445 704 341 675 277 
722 445 704 342 676 277 
722 445 705 342 676 277 
722 444 705 342 675 277 
722 445 704 342 674 277 
722 445 704 342 673 277 
721 444 704 343 673 278 
723 445 704 342 672 278 
722 445 703 342 673 278 
722 445 704 342 673 278 
722 445 704 342 673 276 
722 445 704 342 675 276 
722 445 704 341 676 276 
722 445 705 342 678 277 
722 445 706 342 679 277 
722 445 706 341 679 276 
722 445 706 341 679 276 
722 445 707 341 680 277 
722 445 707 342 679 276 
723 445 706 342 679 277 
723 445 706 342 678 276 
723 445 705 342 677 277 
722 445 704 342 677 276 
722 444 704 342 677 277 
722 445 703 342 674 276 
722 445 703 342 674 277 
722 445 703 342 673 277 
722 444 702 342 672 277 
722 445 701 342 671 276 
722 445 701 343 671 276 
722 445 701 343 669 276 
721 445 700 343 668 277 
721 444 698 343 665 277 
723 445 696 342 663 277 
722 445 695 343 660 277 
722 444 694 342 659 278 
722 445 691 342 655 279 
722 445 691 342 654 279 
722 445 689 343 651 279 
721 445 687 343 650 280 
721 445 687 343 648 280 
720 444 685 343 645 281 
721 445 684 343 644 281 
721 445 684 344 642 281 
720 445 682 344 641 282 
720 445 681 344 640 283 
721 445 679 344 638 283 
721 445 679 345 636 284 
721 445 677 344 634 283 
720 445 676 344 632 285 
720 445 675 345 630 285 
720 445 673 345 627 286 
720 445 672 346 625 286 
720 445 671 346 623 287 
720 444 668 347 621 289 
720 444 668 347 619 289 
720 445 666 347 617 290 
720 445 665 348 615 291 
719 445 664 348 614 291 
720 445 663 348 612 292 
720 445 661 349 610 292 
719 445 660 349 609 293 
719 445 658 350 606 295 
720 445 657 350 604 296 
719 445 656 351 602 297 
719 445 654 352 599 299 
719 445 652 353 596 300 
719 445 650 353 594 301 
719 445 648 354 591 305 
719 445 647 355 589 305 
719 445 645 356 586 308 
719 445 644 357 584 308 
719 446 642 357 583 310 
718 444 640 358 580 311 
718 445 639 360 577 314 
719 445 636 361 575 314 
719 445 635 362 572 316 
718 445 634 363 568 319 
718 445 631 366 565 321 
718 445 630 367 562 325 
718 445 629 368 560 328 
718 444 626 370 556 332 
718 446 626 371 555 335 
718 445 625 373 552 337 
718 445 623 374 552 339 
717 445 621 375 548 341 
717 445 620 377 548 344 
718 445 619 378 547 345 
718 445 618 379 543 348 
717 445 617 381 542 351 
718 446 616 382 541 355 
717 444 615 384 537 358 
717 445 614 386 537 362 
718 445 612 388 534 365 
718 446 612 390 532 369 
718 445 611 392 530 374 
718 445 608 394 528 378 
718 446 608 397 526 382 
717 446 607 398 523 386 
717 446 605 401 521 396 
716 445 604 404 520 402 
717 446 604 407 520 406 
716 445 602 410 518 410 
717 446 601 413 516 414 
717 446 601 415 516 415 
716 446 601 416 515 419 
716 447 600 419 514 423 
717 446 599 421 514 427 
716 446 598 422 513 428 
717 447 598 424 512 431 
716 446 598 425 512 431 
716 446 598 427 511 432 
716 445 598 429 511 433 
716 446 597 430 511 434 
716 446 597 430 510 435 
717 446 598 431 510 437 
717 446 597 432 510 439 
716 446 597 433 510 441 
716 446 597 434 509 443 
716 446 597 435 509 445 
716 446 597 436 510 446 
716 446 596 437 509 449 
716 446 597 438 509 449 
716 446 596 439 510 451 
716 446 596 439 509 452 
716 446 597 440 509 453 
716 446 596 441 509 453 
716 446 596 442 509 453 
716 446 596 442 509 453 
716 446 596 442 508 454 
716 446 596 442 508 453 
716 446 596 442 508 453 
716 446 597 443 509 454 
716 446 597 444 508 454 
716 446 597 444 509 455 
716 446 596 444 508 454 
716 446 596 444 508 455 
716 446 596 444 509 455 
716 446 597 444 508 455 
716 446 597 444 508 455 
716 446 597 444 508 455 
716 446 597 444 508 456 
715 446 596 444 509 456 
717 447 597 445 508 456 
716 447 597 444 508 455 
716 447 597 444 508 456 
715 446 597 444 508 455 
717 447 597 444 508 456 
716 446 597 444 509 456 
716 446 596 444 509 456 
715 446 597 444 508 455 
717 447 596 444 508 455 
716 447 597 444 508 456 
716 446 597 444 508 455 
716 446 597 444 508 455 
715 446 597 444 508 456 
716 447 597 444 508 455 
716 447 596 444 508 456 
716 447 597 445 509 456 
716 447 597 445 509 456 
717 447 597 445 509 455 
716 447 596 445 509 455 
716 447 597 445 509 455 
715 447 597 445 509 456 
716 446 596 444 509 455 
716 446 597 444 508 455 
716 446 597 444 508 454 
716 447 597 443 509 453 
715 446 597 443 509 453 
717 447 597 442 510 452 
716 447 597 442 510 451 
715 446 596 441 510 450 
716 447 597 441 510 448 
716 446 596 438 510 445 
716 446 596 437 510 441 
716 447 597 434 510 439 
716 447 596 434 511 435 
715 446 597 430 511 431 
717 447 597 429 512 425 
716 447 598 426 514 420 
716 447 599 423 516 415 
716 447 599 421 515 409 
715 446 600 417 517 406 
717 447 601 414 518 400 
716 447 601 412 520 397 
716 447 602 409 520 392 
716 446 603 406 521 387 
716 446 603 402 523 382 
716 446 605 401 525 378 
715 445 606 398 527 374 
716 447 607 396 530 369 
717 447 608 394 533 366 
717 446 609 392 534 360 
716 445 611 389 536 357 
717 446 612 389 539 354 
717 447 612 387 540 351 
717 446 613 385 542 348 
716 445 614 384 545 346 
717 446 617 381 546 342 
717 445 617 380 548 339 
717 446 619 379 552 337 
717 446 620 377 553 334 
717 446 623 375 556 331 
717 446 624 373 558 327 
717 446 625 372 563 325 
717 446 628 369 565 321 
717 445 630 368 568 317 
717 445 633 366 573 314 
717 445 636 364 577 310 
717 445 639 362 581 306 
718 445 642 359 586 302 
718 445 646 357 591 299 
718 445 650 355 596 295 
718 445 654 352 602 291 
718 444 658 351 609 288 
719 444 662 350 615 285 
720 445 667 348 623 282 
720 445 671 347 629 280 
720 444 674 346 636 278 
719 444 678 346 642 276 
720 444 682 345 648 274 
721 445 686 345 653 272 
721 445 688 344 659 271 
721 445 692 344 664 270 
721 444 694 344 667 269 
721 445 697 344 671 269 
722 445 698 343 673 269 
721 445 699 343 675 269 
721 445 699 343 676 269 
721 444 699 343 676 268 
721 444 699 343 676 268 
721 444 699 343 675 268 
721 444 698 343 675 268 
721 444 698 343 674 269 
721 444 697 343 673 269 
721 444 697 343 672 269 
720 443 696 343 672 269 
721 444 696 343 671 269 
721 445 696 343 671 269 
721 444 696 343 671 269 
721 445 697 343 672 269 
721 444 698 343 673 268 
721 444 698 343 673 269 
721 444 698 343 674 269 
721 444 699 343 675 269 
721 444 700 343 675 269 
722 444 700 343 676 269 
721 444 700 343 675 269 
721 444 700 343 675 269 
722 444 699 343 674 269 
721 444 699 343 674 269 
722 445 699 343 673 269 
721 444 698 344 671 269 
720 443 697 343 671 270 
721 444 696 344 668 270 
721 444 694 343 667 270 
720 444 693 344 664 270 
721 445 691 344 661 270 
721 443 689 344 657 271 
720 444 687 344 654 272 
720 444 685 345 650 272 
721 445 683 345 647 273 
720 444 680 346 642 273 
720 445 678 346 639 274 
720 445 676 346 635 275 
720 445 673 347 631 276 
720 445 671 347 628 277 
720 445 669 347 626 280 
720 445 666 348 621 282 
720 445 663 349 616 283 
720 445 661 350 611 285 
720 444 658 352 606 287 
720 445 655 352 602 290 
719 444 653 353 597 292 
719 445 648 356 592 295 
719 445 647 357 588 300 
719 445 643 358 584 302 
719 445 641 359 579 305 
718 445 637 362 576 308 
718 444 635 362 571 311 
718 444 634 364 570 314 
718 444 633 365 565 316 
718 444 630 368 564 319 
718 445 629 368 561 322 
718 445 627 371 559 325 
718 444 626 371 555 327 
718 445 623 374 554 332 
717 445 623 374 552 335 
718 445 621 377 548 337 
717 445 619 379 546 342 
717 445 618 381 543 345 
718 445 616 383 542 352 
717 445 616 385 538 355 
717 445 614 388 537 360 
717 445 613 390 533 363 
717 445 611 392 531 370 
717 445 610 394 529 374 
717 445 609 395 526 378 
717 445 609 397 525 382 
716 445 608 400 523 387 
717 445 607 402 522 392 
716 445 606 404 521 395 
716 445 604 405 520 399 
717 446 604 407 518 404 
717 446 603 411 518 407 
717 446 603 413 517 411 
717 447 602 415 516 414 
717 446 601 416 516 417 
717 446 600 417 515 420 
717 447 601 420 515 422 
717 447 600 422 513 425 
717 447 600 424 513 429 
717 447 599 425 512 433 
717 446 598 428 512 437 
716 446 599 430 510 438 
717 446 599 432 511 441 
717 446 598 431 510 443 
717 446 598 434 509 445 
717 446 597 436 509 447 
717 446 597 436 509 450 
717 446 597 437 509 452 
717 446 598 439 509 453 
717 446 597 440 509 456 
715 445 597 441 509 456 
716 446 597 441 509 455 
716 445 596 441 509 455 
716 446 597 441 509 456 
716 447 597 442 509 455 
716 446 596 442 508 455 
716 446 596 443 509 456 
716 446 596 443 508 456 
716 446 596 443 508 455 
716 446 596 443 508 455 
716 446 596 443 508 456 
716 446 596 443 508 455 
716 446 596 443 508 456 
716 446 596 442 509 455 
716 446 597 442 509 456 
716 446 596 441 509 456 
716 446 596 441 510 456 
716 446 596 440 510 453 
716 446 596 438 510 453 
716 446 596 436 510 452 
716 446 597 435 510 449 
716 446 597 434 510 446 
716 446 597 431 510 442 
716 447 597 430 510 439 
717 447 598 427 511 434 
717 447 598 425 512 430 
717 447 599 421 513 425 
717 447 599 418 515 420 
717 446 600 415 516 415 
716 446 601 413 516 410 
716 445 602 410 517 406 
716 446 603 408 518 400 
716 445 604 406 520 398 
716 445 606 404 521 393 
716 446 607 401 523 388 
716 445 608 398 525 383 
716 446 609 396 527 377 
716 446 610 393 530 374 
717 446 612 391 532 367 
717 446 613 388 535 362 
717 446 615 385 539 357 
717 446 618 382 542 351 
717 446 620 381 545 346 
717 445 622 377 548 341 
717 445 624 376 553 336 
717 445 626 373 557 330 
717 445 629 371 561 326 
717 444 630 369 565 321 
717 445 633 366 569 317 
717 445 636 365 573 313 
717 444 638 363 576 309 
718 445 640 361 581 306 
718 444 645 359 587 300 
718 445 648 358 590 299 
718 444 651 358 594 297 
719 445 653 356 597 296 
719 445 655 355 601 294 
718 444 657 354 602 293 
719 445 659 353 607 291 
718 444 662 353 611 288 
719 445 664 352 616 286 
719 445 667 350 621 283 
719 445 670 349 625 281 
720 445 673 349 631 280 
719 445 676 349 636 276 
719 444 679 348 641 274 
720 444 682 348 645 273 
720 445 685 348 650 272 
720 444 686 348 653 271 
720 444 689 347 657 271 
721 444 691 347 660 271 
721 444 691 346 661 271 
720 444 693 346 664 271 
721 444 694 347 665 270 
721 443 694 346 666 271 
720 444 694 346 667 271 
721 444 695 346 667 270 
720 444 694 346 666 270 
721 444 694 346 665 269 
720 444 694 346 665 269 
720 444 693 346 665 270 
721 444 693 346 664 270 
720 444 693 346 664 270 
720 443 693 346 663 270 
720 444 692 346 663 270 
721 443 692 346 663 270 
721 444 692 346 663 270 
720 444 691 346 663 270 
720 444 691 346 662 269 
720 444 691 346 661 269 
720 444 691 347 661 270 
721 444 690 346 659 270 
721 444 688 347 658 270 
720 444 687 346 654 271 
720 444 686 347 652 271 
720 444 683 347 648 272 
720 444 682 347 647 273 
719 444 681 348 643 274 
720 444 679 348 643 274 
719 444 678 347 640 275 
719 444 677 348 639 275 
720 444 676 348 637 275 
720 444 675 348 635 276 
719 444 674 348 633 276 
719 444 672 349 631 277 
720 444 671 350 628 277 
720 445 669 350 625 278 
719 445 667 350 623 279 
720 445 665 351 619 281 
720 445 664 351 617 282 
720 446 662 352 613 285 
720 445 660 353 609 286 
720 445 658 353 607 287 
720 446 656 355 603 290 
720 445 654 355 600 291 
720 445 652 356 596 294 
718 444 649 358 593 294 
718 444 648 358 589 298 
718 444 645 360 586 299 
718 444 643 360 583 302 
718 444 641 363 579 305 
717 444 638 364 577 308 
717 444 637 364 572 311 
718 444 634 366 569 315 
717 444 632 368 565 319 
717 444 631 369 562 320 
717 444 628 372 559 325 
717 444 627 373 556 329 
717 444 626 374 553 331 
717 444 622 376 550 336 
717 444 623 378 547 340 
717 444 621 379 545 344 
716 444 620 380 543 347 
717 444 619 382 540 349 
717 445 617 383 539 353 
717 445 617 385 537 356 
717 445 615 387 535 359 
717 445 614 389 533 363 
716 444 613 391 531 367 
716 445 612 392 529 371 
716 444 611 394 527 376 
716 444 610 396 525 379 
717 445 609 399 524 383 
717 445 609 400 522 388 
717 445 608 402 521 391 
716 446 607 405 520 396 
717 446 606 406 518 399 
717 446 604 409 518 403 
717 446 603 411 517 408 
717 446 603 413 514 411 
717 446 602 416 515 415 
717 446 602 418 514 418 
716 446 601 418 512 421 
716 446 601 421 512 424 
716 446 600 422 511 427 
716 446 600 426 510 429 
716 446 600 429 510 432 
716 446 600 429 509 434 
716 446 600 430 509 436 
716 447 599 431 509 439 
716 447 600 432 509 440 
716 447 599 433 508 440 
716 447 599 433 508 441 
716 446 599 433 508 443 
716 446 599 435 507 443 
716 447 599 436 508 446 
716 447 598 437 508 447 
716 447 598 438 507 449 
716 447 599 440 508 451 
716 446 599 440 507 452 
715 446 599 440 508 452 
716 446 598 441 508 451 
716 446 598 441 508 451 
716 446 598 441 508 452 
716 446 598 441 507 452 
716 446 598 442 507 452 
716 446 598 443 508 453 
716 446 599 443 507 453 
716 446 598 443 507 452 
716 446 598 443 507 452 
715 445 598 443 507 453 
715 445 598 444 507 453 
715 446 598 443 508 453 
716 446 598 444 507 453 
715 446 598 443 507 453 
715 446 598 443 508 454 
716 446 599 443 507 453 
716 446 598 443 507 453 
715 445 598 443 508 453 
715 446 599 443 507 452 
716 446 598 443 508 452 
716 446 598 444 507 453 
716 446 599 443 508 453 
716 446 599 443 507 452 
715 445 598 443 507 452 
715 446 598 443 508 452 
715 446 599 443 508 453 
715 446 598 442 507 452 
715 446 598 441 508 452 
715 446 598 440 508 451 
715 446 599 438 509 451 
715 446 598 437 509 449 
715 446 598 436 510 446 
715 446 599 433 509 442 
715 446 599 431 509 438 
715 446 600 428 510 432 
716 446 600 425 511 427 
716 447 600 421 513 418 
716 446 601 418 515 412 
716 446 603 415 517 406 
716 446 604 412 518 400 
716 446 604 409 520 393 
716 446 605 406 521 388 
716 446 606 403 523 382 
715 445 608 400 525 378 
716 445 610 398 527 373 
716 446 611 397 529 370 
716 446 613 394 530 365 
716 445 614 392 534 362 
716 445 616 390 536 357 
716 445 617 387 539 352 
716 445 618 384 543 348 
716 445 619 382 546 343 
716 445 622 379 549 338 
716 445 623 377 552 332 
717 444 626 375 555 328 
717 445 627 374 558 325 
717 444 629 372 561 321 
716 444 631 371 566 318 
717 445 634 369 570 315 
717 444 635 367 572 312 
718 445 637 366 576 310 
717 444 639 364 578 306 
717 444 642 362 582 304 
717 444 644 362 586 302 
717 444 647 360 589 300 
717 444 649 359 592 296 
718 444 652 358 597 293 
718 445 654 356 601 290 
718 444 657 354 606 287 
718 444 661 354 611 285 
718 444 664 353 617 281 
719 445 667 351 622 280 
719 444 670 351 627 278 
720 445 674 350 634 275 
719 444 677 350 639 274 
720 444 681 349 645 272 
720 443 684 349 650 271 
720 444 687 349 654 270 
721 444 689 349 658 269 
721 443 691 348 661 270 
721 444 693 348 664 270 
721 444 694 348 664 270 
721 444 694 348 665 269 
721 444 694 348 665 269 
721 444 694 348 664 269 
721 444 693 348 664 269 
721 444 692 348 663 269 
720 444 691 348 660 269 
721 444 689 348 660 269 
721 444 689 349 658 269 
720 444 686 348 655 270 
719 443 685 348 653 270 
720 444 684 349 649 272 
720 444 681 349 646 272 
720 444 680 350 643 272 
720 444 678 349 640 272 
719 444 676 350 638 273 
720 444 674 351 636 274 
720 444 673 351 632 275 
719 444 671 351 629 276 
720 444 670 352 625 277 
720 444 667 352 623 278 
720 444 666 353 621 279 
719 445 664 354 619 280 
719 444 664 353 616 280 
719 444 662 353 615 281 
718 444 661 354 613 281 
719 445 660 355 610 282 
719 445 658 355 610 285 
719 444 657 356 606 286 
719 445 655 356 603 287 
719 444 653 357 598 291 
718 444 651 359 596 293 
719 444 649 359 590 296 
718 444 646 360 589 297 
718 444 644 362 585 300 
718 444 642 363 582 303 
718 444 641 363 578 303 
717 444 639 364 576 306 
717 444 638 366 573 309 
717 444 636 367 571 310 
718 444 634 368 568 313 
717 444 633 370 565 314 
717 444 630 371 562 317 
717 445 629 373 560 319 
717 444 627 374 555 323 
717 444 624 377 554 328 
717 444 623 378 550 331 
717 444 620 381 547 336 
717 444 620 383 543 341 
717 445 618 385 539 346 
717 444 616 388 535 351 
717 445 614 391 532 356 
716 445 613 393 529 362 
716 445 611 396 527 369 
716 445 611 399 524 374 
716 445 609 401 522 381 
716 445 606 403 520 387 
716 445 606 405 520 393 
716 445 605 408 519 399 
716 445 603 411 518 403 
716 445 604 414 516 406 
716 445 603 417 515 410 
715 446 603 419 514 412 
715 445 602 420 514 417 
716 445 601 421 512 421 
716 445 601 424 512 426 
715 446 601 426 511 428 
716 446 600 428 510 430 
716 445 600 428 510 432 
716 445 599 431 510 434 
715 446 599 432 509 437 
716 446 600 433 509 438 
716 446 600 434 509 439 
715 445 599 434 509 440 
715 445 598 436 509 442 
715 446 598 436 509 444 
716 446 599 437 508 446 
716 446 598 438 508 448 
715 446 599 439 508 450 
716 446 599 441 508 451 
716 446 599 442 508 451 
716 447 599 442 508 451 
716 446 599 442 508 451 
715 446 599 442 508 452 
715 446 598 442 508 452 
715 446 597 442 508 452 
716 446 597 442 508 452 
716 446 598 443 507 452 
715 446 598 444 507 452 
716 447 597 444 507 453 
716 446 597 443 507 452 
715 446 598 443 507 452 
715 446 598 444 507 453 
715 446 598 444 507 452 
716 447 598 444 507 453 
716 447 598 444 507 452 
716 446 598 444 507 453 
715 446 599 445 507 453 
716 446 598 445 507 453 
715 446 598 445 507 453 
716 446 598 445 507 453 
715 447 598 445 507 452 
717 447 598 445 507 453 
716 447 598 445 507 453 
716 447 598 445 507 453 
716 446 598 445 507 453 
716 446 598 445 507 454 
715 447 598 445 507 453 
716 446 599 446 506 454 
716 447 598 445 505 453 
716 447 598 446 505 453 
716 446 598 445 505 453 
716 447 598 445 505 452 
716 446 598 445 505 453 
716 447 598 445 506 452 
715 446 598 445 505 452 
716 447 599 445 506 453 
715 446 598 445 506 452 
716 447 598 445 506 452 
716 446 598 445 507 453 
