682 460 571 456 468 462 
682 460 571 456 468 462 
681 459 571 456 469 463 
683 460 572 456 469 463 
682 460 572 456 469 463 
682 460 572 455 469 463 
682 460 572 456 469 463 
682 460 572 456 470 463 
682 460 571 455 470 464 
682 460 572 456 470 464 
682 460 572 456 470 464 
682 460 572 456 470 464 
682 460 571 456 470 464 
682 460 571 456 469 463 
683 460 572 456 469 463 
683 461 572 456 468 463 
683 461 572 456 469 463 
683 461 572 456 469 463 
683 461 571 456 468 463 
683 461 571 456 468 462 
683 461 572 456 468 463 
683 461 572 456 469 463 
683 461 572 455 469 462 
683 461 571 455 468 463 
683 461 572 455 469 462 
683 461 572 455 469 463 
683 461 572 455 468 462 
682 461 571 455 469 462 
682 461 571 454 469 462 
682 461 571 454 469 461 
682 460 571 454 469 461 
682 460 570 453 469 460 
682 460 571 452 469 459 
682 460 571 451 469 458 
681 460 571 450 469 457 
682 460 571 447 469 453 
682 460 571 447 470 450 
682 460 572 445 470 445 
682 460 572 443 471 441 
681 459 573 441 472 437 
682 460 573 439 472 433 
682 460 573 436 472 429 
682 460 574 433 474 425 
681 460 574 431 475 419 
681 460 575 429 477 415 
682 460 576 426 477 409 
682 459 577 422 478 404 
681 460 577 419 482 399 
681 459 578 416 483 392 
681 459 580 413 484 387 
682 460 580 410 487 381 
681 459 583 409 490 375 
682 460 586 407 492 371 
682 460 585 403 495 364 
681 460 586 399 499 360 
682 459 588 397 503 356 
682 460 591 395 507 351 
682 460 590 393 510 345 
682 460 593 390 513 340 
681 459 596 389 519 337 
682 460 597 386 522 333 
682 459 600 384 526 328 
682 459 602 383 531 324 
682 459 605 381 535 320 
682 460 607 379 539 316 
681 459 610 378 544 313 
682 459 611 376 547 309 
682 459 614 374 551 305 
682 459 616 373 555 302 
682 459 619 370 561 300 
682 458 622 370 567 297 
682 459 624 369 572 295 
682 459 628 368 576 292 
682 459 631 367 581 289 
682 458 634 367 587 287 
682 458 637 367 593 285 
683 459 639 367 598 283 
683 458 642 366 602 280 
683 458 645 366 607 280 
683 459 645 363 612 278 
684 459 648 363 616 278 
684 458 650 364 620 278 
684 459 652 364 624 277 
684 459 653 363 628 275 
684 459 655 363 630 275 
683 458 657 362 633 274 
684 458 660 364 637 274 
684 458 660 363 639 274 
684 459 663 364 641 272 
684 459 663 362 643 274 
684 458 664 362 647 274 
685 459 665 361 648 274 
685 459 666 362 649 273 
685 459 666 363 650 273 
685 459 668 362 650 274 
685 459 668 363 650 274 
685 459 668 364 649 274 
685 459 668 364 649 276 
685 458 668 364 648 276 
685 458 668 364 647 276 
685 459 668 363 647 275 
685 458 667 364 646 276 
685 459 667 363 646 276 
685 459 666 362 646 275 
684 458 667 363 647 274 
686 459 667 362 648 275 
685 459 668 363 650 274 
684 458 668 363 651 274 
685 458 669 363 653 275 
685 458 670 363 653 274 
685 458 670 363 654 275 
685 459 670 363 653 274 
685 458 670 364 654 274 
685 458 670 364 653 274 
685 459 669 363 653 274 
685 459 669 362 652 274 
685 458 669 363 651 275 
685 458 668 363 650 274 
685 459 668 364 649 274 
685 458 668 364 649 274 
685 459 667 363 648 275 
684 458 667 363 647 274 
685 459 666 364 647 274 
684 459 665 363 646 274 
685 459 665 363 645 274 
685 458 664 363 642 274 
684 458 663 363 641 275 
685 459 662 364 639 276 
684 458 661 364 637 276 
685 459 660 363 635 276 
685 459 658 363 632 276 
685 459 657 363 630 276 
685 459 657 363 628 276 
685 459 656 363 625 277 
685 459 655 364 623 277 
685 459 654 364 622 277 
685 459 653 364 620 277 
684 459 652 364 619 277 
685 459 651 364 617 278 
684 459 651 364 615 279 
684 459 650 365 614 280 
684 459 648 365 611 279 
684 459 648 365 609 280 
684 459 647 366 607 281 
684 459 646 366 605 281 
684 459 644 365 602 281 
684 459 643 366 600 283 
684 459 642 366 598 284 
684 459 641 367 595 284 
684 459 640 367 593 285 
684 459 638 368 590 286 
684 459 637 368 590 287 
684 459 637 368 588 287 
683 459 635 368 586 288 
684 459 634 368 585 288 
684 459 633 369 583 289 
684 459 632 369 580 290 
684 460 631 370 577 291 
684 460 630 371 575 292 
684 459 629 371 574 295 
684 459 627 371 570 296 
684 459 625 371 568 297 
684 459 623 373 565 299 
683 458 621 373 562 301 
684 460 621 374 560 303 
683 458 619 374 558 303 
684 460 618 375 554 305 
683 459 617 377 553 308 
682 459 615 378 551 309 
683 459 615 379 549 312 
683 460 613 381 545 313 
683 460 612 382 543 316 
683 460 611 383 540 319 
683 460 610 384 537 322 
683 460 609 385 534 326 
683 460 607 386 531 329 
683 460 605 388 529 332 
683 460 605 389 526 336 
682 459 603 390 524 338 
684 460 601 392 523 341 
683 460 601 392 520 342 
683 459 600 394 519 346 
683 459 597 396 517 348 
683 460 597 396 514 351 
683 460 596 398 513 355 
683 460 595 399 510 359 
682 459 594 401 507 363 
683 460 593 403 506 368 
683 460 592 405 503 372 
682 459 591 407 501 377 
683 460 589 410 499 383 
682 460 589 411 497 387 
683 460 588 413 495 393 
682 460 585 418 492 403 
682 460 584 420 490 408 
682 460 583 421 489 413 
683 461 583 424 489 417 
683 460 581 427 487 421 
683 460 581 429 487 425 
683 460 580 431 485 430 
683 460 580 433 485 434 
682 459 579 435 485 437 
683 461 578 436 483 439 
682 460 579 437 483 440 
681 460 578 438 483 442 
683 460 578 439 483 443 
682 461 577 440 483 443 
683 461 578 441 483 446 
683 460 578 443 482 447 
683 460 578 444 482 450 
683 460 578 445 483 451 
683 460 579 446 482 454 
683 460 578 447 482 456 
683 460 578 449 482 458 
683 460 578 449 482 461 
683 460 578 449 482 462 
683 461 577 450 482 464 
683 461 578 452 481 466 
683 461 578 452 481 467 
683 461 577 453 481 469 
682 460 577 454 481 470 
683 461 577 454 481 470 
683 461 577 455 481 470 
682 461 577 454 481 470 
682 461 577 454 481 470 
682 460 577 455 482 470 
682 460 577 454 482 471 
682 460 577 455 482 471 
683 460 578 455 482 472 
683 461 578 456 482 472 
683 461 577 456 482 472 
683 461 577 456 482 472 
683 461 578 456 482 472 
683 461 578 457 482 473 
682 461 578 457 482 473 
682 460 578 456 482 472 
683 461 578 456 482 472 
683 461 577 457 482 472 
682 460 578 457 481 472 
683 461 578 457 481 472 
683 461 577 457 481 472 
683 461 578 456 481 472 
682 460 578 456 481 472 
682 461 578 456 481 472 
682 461 578 457 481 472 
682 461 578 456 481 472 
681 460 577 456 482 472 
682 461 577 456 481 472 
682 460 577 456 481 472 
683 461 577 456 481 472 
683 461 577 455 481 472 
682 460 578 457 481 472 
683 461 577 456 481 472 
682 460 578 456 482 472 
683 460 578 456 481 472 
683 461 578 456 481 472 
683 461 577 456 482 472 
683 461 577 456 481 472 
682 460 577 456 481 471 
683 461 577 456 481 471 
682 461 577 455 482 471 
682 461 577 454 483 471 
682 461 577 454 482 470 
683 461 577 454 482 469 
682 461 578 454 483 468 
682 461 578 453 483 467 
683 460 578 452 483 466 
683 461 578 451 483 462 
682 461 579 450 483 458 
683 461 578 447 483 453 
682 460 578 444 484 448 
683 461 578 442 484 441 
682 460 579 439 485 436 
683 461 580 438 485 430 
683 461 580 436 486 424 
683 461 581 433 488 419 
683 461 582 430 489 413 
683 461 583 428 490 409 
683 461 583 426 492 403 
682 461 584 423 493 399 
682 461 585 420 495 394 
682 461 586 418 496 388 
682 460 586 415 499 384 
682 460 588 413 500 378 
682 460 589 410 503 374 
683 460 590 408 505 369 
682 459 591 407 507 364 
683 461 591 404 509 360 
682 460 592 403 510 355 
683 460 593 401 512 353 
682 459 594 400 515 349 
683 461 596 398 516 346 
683 461 596 396 518 342 
683 460 597 395 519 339 
683 460 597 394 522 336 
683 460 600 392 524 332 
683 460 600 390 527 329 
683 460 602 388 530 326 
682 459 603 387 532 323 
684 461 606 384 535 318 
683 460 607 383 540 315 
682 458 610 381 544 311 
684 460 612 379 549 308 
683 460 615 378 554 305 
683 459 617 376 558 301 
683 460 621 373 563 298 
683 459 624 372 569 295 
683 459 627 371 575 291 
683 459 631 369 582 288 
683 459 635 368 590 285 
684 460 638 367 595 283 
684 460 643 366 604 279 
684 460 647 366 609 279 
684 459 651 366 615 277 
685 460 654 366 621 276 
684 459 658 366 627 275 
685 459 660 366 631 273 
685 460 663 366 636 272 
685 459 664 365 640 272 
685 460 666 366 642 272 
685 460 667 365 645 272 
685 460 668 365 646 272 
686 460 668 365 647 272 
686 460 669 365 648 272 
686 460 669 366 648 272 
686 460 669 366 647 272 
685 459 668 366 646 272 
685 460 667 366 644 272 
685 460 667 366 644 272 
685 460 666 366 644 272 
685 460 666 366 643 273 
685 460 666 366 643 272 
685 460 666 366 642 272 
685 459 666 365 643 272 
685 460 666 366 644 273 
685 460 667 365 644 272 
685 460 667 366 645 273 
685 460 667 365 646 272 
685 460 668 366 646 272 
685 460 668 366 646 272 
685 460 668 366 646 273 
685 459 668 366 646 273 
686 459 668 366 645 272 
686 460 668 366 645 272 
686 460 668 366 644 272 
686 460 667 366 644 273 
686 460 667 366 643 274 
686 460 666 366 640 273 
684 459 665 366 641 273 
685 459 665 366 638 272 
685 459 663 366 638 272 
685 460 662 365 636 273 
685 460 659 364 633 274 
685 460 659 366 631 274 
685 460 659 366 628 275 
686 460 656 366 624 275 
685 460 655 367 622 277 
685 460 652 367 618 277 
685 460 652 367 615 278 
685 460 649 368 611 278 
685 460 647 368 608 279 
685 460 644 368 604 280 
685 460 642 369 600 282 
685 460 641 370 595 283 
684 460 638 370 590 286 
685 459 635 370 585 288 
684 460 633 372 581 291 
685 460 630 374 576 294 
685 460 628 375 571 297 
684 459 625 376 567 300 
684 460 624 377 562 304 
684 459 622 378 557 307 
684 460 619 380 553 309 
684 459 618 381 551 314 
684 460 615 382 546 315 
684 460 614 384 544 319 
684 459 613 385 541 320 
683 460 611 386 538 324 
684 460 610 387 537 327 
684 460 609 389 533 329 
684 460 607 390 532 334 
684 460 606 392 528 335 
684 460 604 395 526 340 
683 460 603 395 522 344 
684 459 600 398 519 348 
684 460 599 399 517 353 
683 460 597 402 512 357 
683 459 596 403 509 362 
683 459 594 405 508 367 
683 459 592 407 505 372 
683 459 591 408 503 378 
683 460 590 411 500 383 
683 460 589 412 499 388 
683 460 589 415 496 394 
683 460 589 418 496 399 
684 461 587 420 495 403 
684 461 586 422 493 408 
683 460 586 424 493 413 
683 460 585 425 491 417 
683 460 584 428 491 422 
683 460 583 428 489 426 
682 460 583 431 489 430 
682 460 582 433 488 434 
682 460 582 434 488 437 
683 461 580 437 487 441 
682 460 581 438 486 442 
682 460 580 439 485 445 
682 460 581 442 486 450 
683 460 581 444 486 453 
682 460 580 445 485 456 
682 460 580 447 484 458 
683 460 580 449 484 461 
683 461 581 449 484 464 
683 460 580 450 483 466 
682 461 579 451 483 470 
682 460 579 452 482 472 
683 461 579 453 481 473 
683 461 579 454 482 474 
683 461 579 454 481 473 
683 461 579 454 482 473 
683 461 579 454 482 473 
683 461 578 454 481 473 
683 461 579 455 482 474 
683 461 579 455 481 474 
683 461 579 456 481 474 
683 461 579 456 481 475 
683 461 579 456 481 474 
683 461 579 456 482 474 
683 460 579 456 481 474 
683 461 580 457 481 474 
683 461 579 456 481 474 
683 461 579 456 482 475 
683 461 579 456 481 473 
683 461 579 454 482 473 
683 461 579 454 482 473 
683 461 579 451 482 473 
683 461 579 451 483 471 
683 461 580 448 483 470 
683 461 580 447 483 465 
683 461 580 445 483 460 
683 461 580 443 483 455 
684 461 581 440 485 451 
684 461 582 439 486 444 
683 460 583 435 487 439 
684 461 583 433 488 433 
684 461 584 430 489 427 
683 460 585 427 490 421 
683 461 586 426 491 416 
683 460 587 423 493 411 
683 461 588 421 494 406 
683 460 589 418 495 402 
683 460 589 416 497 397 
683 461 590 413 500 391 
683 460 592 410 503 386 
683 460 594 407 504 378 
683 460 595 405 507 371 
684 461 597 402 511 365 
684 461 597 400 513 359 
684 461 599 397 516 352 
684 461 601 394 520 346 
684 461 602 392 523 340 
684 461 605 390 527 335 
684 461 607 387 531 329 
684 461 609 385 535 324 
684 461 611 385 539 320 
684 461 613 381 544 315 
685 461 615 381 548 311 
685 461 618 378 553 309 
685 461 619 378 555 305 
685 461 623 375 562 300 
685 461 625 374 566 299 
685 460 627 373 569 297 
684 460 629 373 573 296 
685 460 631 371 576 294 
685 460 633 371 579 293 
685 460 636 371 583 290 
685 460 638 370 587 289 
685 460 641 369 592 287 
685 461 643 369 597 285 
685 461 646 369 602 282 
685 460 648 369 606 281 
685 460 651 369 611 280 
685 460 653 368 616 279 
686 460 655 367 620 277 
686 460 656 367 625 277 
686 460 659 368 629 276 
687 460 660 367 631 276 
687 460 661 367 634 276 
687 460 662 366 635 275 
687 460 663 366 637 275 
687 460 664 366 639 275 
687 460 665 366 638 275 
686 459 665 367 639 275 
686 460 665 368 639 274 
686 460 665 367 639 275 
686 460 665 367 639 275 
686 460 664 367 638 276 
686 460 664 367 637 275 
686 459 664 368 636 275 
686 460 664 367 636 275 
686 460 664 368 636 275 
686 460 664 367 637 275 
686 460 664 367 636 275 
686 460 664 368 636 275 
686 460 664 367 636 275 
687 460 664 367 636 274 
687 460 664 368 636 274 
687 460 663 368 636 275 
687 460 663 368 634 275 
687 460 661 368 634 275 
687 460 660 368 632 275 
687 460 658 367 629 276 
687 460 657 367 627 276 
687 460 656 367 625 277 
686 460 655 368 622 277 
686 460 654 368 621 277 
686 460 653 368 619 278 
686 460 652 368 616 278 
686 460 652 368 615 278 
686 460 651 368 613 279 
686 460 650 369 611 279 
686 460 649 369 609 280 
686 460 647 369 606 280 
686 460 646 369 605 282 
686 460 645 370 603 282 
685 460 644 370 600 283 
686 460 642 371 597 285 
685 460 640 371 593 287 
685 460 639 372 590 288 
685 459 636 372 586 290 
685 459 635 373 583 291 
685 459 633 374 579 293 
685 460 631 374 576 295 
685 459 630 375 572 296 
685 459 628 375 569 298 
684 460 624 377 566 300 
684 459 623 377 562 303 
684 459 621 379 558 306 
684 460 618 379 555 310 
684 459 617 381 550 313 
684 459 615 382 547 316 
684 459 612 383 542 319 
684 459 612 385 540 324 
685 460 609 386 536 327 
684 459 608 387 532 331 
684 459 607 389 530 336 
684 459 605 392 528 340 
684 459 605 393 525 343 
684 459 603 394 522 348 
684 460 602 395 520 351 
684 459 601 396 516 353 
684 459 600 398 515 357 
684 459 598 401 513 362 
684 460 597 402 512 365 
684 459 595 404 509 369 
684 459 594 405 507 373 
684 460 593 408 504 378 
684 460 592 409 502 383 
684 460 590 412 501 388 
683 460 590 414 498 393 
684 460 589 415 497 397 
684 461 587 418 496 402 
685 461 587 420 494 406 
685 461 586 422 493 411 
685 461 585 424 492 415 
685 461 585 427 491 421 
685 461 584 429 490 426 
685 461 583 430 490 431 
685 461 583 433 489 433 
685 462 582 434 489 437 
685 462 582 435 487 439 
685 462 581 437 488 443 
684 461 582 440 487 444 
684 461 582 441 488 449 
685 462 581 441 487 452 
685 462 580 443 487 453 
684 462 581 444 487 455 
684 461 580 446 487 458 
684 461 580 447 487 460 
683 460 580 447 487 461 
684 461 580 448 487 464 
685 461 580 449 486 466 
685 462 580 449 486 468 
685 462 579 450 485 470 
684 462 578 451 485 472 
684 461 579 454 484 473 
684 462 579 455 484 474 
684 461 579 455 484 474 
684 461 579 455 484 474 
684 461 579 454 484 474 
684 461 578 453 484 473 
683 461 579 455 484 473 
684 461 579 455 484 474 
684 461 580 456 484 474 
684 461 578 456 483 474 
684 461 580 456 483 474 
684 461 580 456 483 474 
684 461 579 456 483 475 
684 461 580 457 483 474 
684 461 580 456 483 474 
684 461 579 457 482 474 
685 461 580 457 483 474 
684 461 580 457 483 474 
684 461 580 457 483 474 
684 461 580 456 483 474 
684 461 580 457 483 474 
684 461 580 457 483 474 
684 461 579 457 483 475 
684 461 580 457 483 475 
684 461 580 457 483 474 
685 462 579 457 483 474 
684 462 580 457 483 474 
684 461 580 457 483 474 
684 461 579 457 483 474 
684 461 579 456 483 474 
684 461 578 454 483 473 
684 461 579 453 484 473 
684 461 579 451 484 472 
684 461 578 450 484 471 
684 461 579 448 484 469 
684 461 579 446 484 468 
684 461 579 443 484 466 
684 461 579 440 486 450 
684 461 581 437 488 441 
683 461 581 434 490 434 
683 461 583 431 491 425 
683 460 583 427 492 418 
684 461 584 424 493 411 
683 461 586 421 495 405 
685 461 586 418 497 398 
684 461 588 415 498 393 
685 461 589 413 500 388 
685 460 590 411 502 382 
684 461 591 408 504 376 
685 461 592 407 506 370 
684 460 594 403 507 366 
684 461 596 402 511 361 
685 461 597 400 513 356 
684 460 600 397 517 351 
684 460 601 396 520 345 
685 460 604 393 523 340 
684 460 604 393 528 335 
684 460 606 389 532 331 
685 460 608 389 534 325 
685 459 611 386 538 320 
685 460 612 385 541 319 
685 460 613 384 546 316 
685 460 615 383 549 313 
685 460 616 381 552 311 
685 460 619 380 555 308 
686 460 621 378 558 306 
686 461 622 377 561 302 
686 461 624 375 566 300 
685 459 627 374 569 297 
685 460 629 373 574 294 
685 460 631 372 579 292 
685 461 634 371 584 290 
686 461 637 371 590 287 
685 460 640 370 595 286 
686 460 643 369 602 284 
686 461 646 368 607 282 
686 460 648 369 612 280 
685 460 652 368 617 279 
687 460 654 368 621 278 
686 460 657 368 625 278 
688 461 659 367 630 278 
687 460 660 367 633 277 
687 461 662 367 636 277 
687 460 663 367 638 277 
687 460 664 367 638 277 
687 460 665 367 640 277 
686 459 665 367 640 277 
687 460 664 368 640 276 
687 460 665 368 638 276 
687 460 665 369 637 276 
688 460 664 369 636 276 
687 460 662 369 634 276 
687 461 661 369 632 276 
687 461 660 369 631 276 
686 460 659 369 629 277 
687 460 658 369 628 278 
687 460 656 369 625 278 
687 460 654 369 623 278 
687 461 654 369 621 279 
687 461 652 369 618 280 
686 460 651 369 615 280 
687 461 648 370 613 281 
687 461 648 370 609 281 
686 460 647 370 607 282 
687 461 646 371 605 283 
686 461 645 371 602 284 
687 461 643 372 600 285 
686 460 642 372 599 286 
687 461 641 372 597 286 
686 460 640 372 595 287 
686 460 639 372 593 287 
687 462 637 373 591 288 
686 460 636 373 588 289 
686 461 635 374 584 291 
686 460 633 375 578 293 
686 461 631 376 575 295 
686 460 629 376 570 298 
685 460 626 377 568 301 
686 460 625 377 566 303 
687 461 623 379 561 305 
685 460 621 379 558 307 
685 460 620 380 556 311 
686 461 619 381 553 311 
685 460 617 382 551 313 
686 460 616 383 549 317 
686 461 614 385 545 318 
685 460 612 385 542 320 
686 460 611 387 540 323 
686 461 610 389 536 326 
685 460 607 391 534 331 
686 461 606 392 530 335 
685 460 603 394 526 340 
686 460 602 396 522 345 
685 461 599 399 519 351 
686 461 598 401 515 357 
685 460 595 405 511 363 
685 461 594 407 508 371 
686 461 591 410 505 378 
685 461 591 412 502 384 
686 461 589 416 499 391 
685 461 587 417 496 398 
686 462 587 420 495 403 
685 461 585 424 493 409 
685 461 584 425 493 415 
686 462 584 427 492 421 
685 461 584 430 492 425 
686 461 583 432 491 428 
686 462 583 434 491 434 
685 461 582 437 490 436 
686 461 582 437 490 438 
686 462 581 439 490 442 
685 461 581 440 488 442 
686 461 581 441 488 446 
686 462 581 443 489 450 
685 461 581 445 488 451 
686 462 581 446 487 453 
685 461 581 447 487 455 
686 462 581 448 487 458 
686 462 580 449 486 460 
686 461 580 450 486 464 
686 462 580 451 485 467 
685 461 580 452 485 469 
686 462 579 453 484 471 
685 461 579 454 485 472 
686 461 579 454 485 472 
686 462 579 454 485 473 
686 462 579 455 485 473 
685 462 579 455 485 473 
686 462 579 454 485 473 
686 461 579 455 485 473 
686 462 580 456 485 474 
686 462 579 456 485 473 
686 461 580 456 485 473 
686 462 580 457 485 474 
686 462 581 458 484 474 
686 462 580 458 485 474 
686 462 581 458 485 473 
686 462 581 458 485 474 
685 462 581 458 484 474 
686 462 581 458 484 474 
686 461 581 458 485 473 
686 462 581 458 484 474 
686 462 580 458 485 474 
686 462 580 457 484 474 
686 462 580 458 485 474 
686 462 580 458 484 474 
686 462 580 457 485 474 
686 462 580 458 484 474 
686 462 580 458 485 474 
686 462 580 458 484 474 
686 462 580 457 484 474 
686 462 580 458 484 475 
686 462 580 458 483 475 
686 462 580 458 484 476 
686 462 580 458 484 475 
686 461 580 458 483 475 
686 462 580 458 484 475 
686 462 580 458 484 475 
686 462 580 458 484 476 
686 462 580 458 484 474 
686 462 580 458 484 475 
686 462 580 458 484 475 
686 462 580 458 485 474 
686 462 580 458 484 474 
