767 476 656 465 591 466 
767 476 656 465 591 466 
767 476 656 465 591 467 
767 476 657 465 591 467 
767 477 657 465 591 467 
767 477 657 465 591 467 
767 476 657 465 591 467 
767 477 657 465 591 467 
767 476 657 465 591 467 
767 475 657 465 591 467 
766 475 657 465 591 467 
767 476 657 465 591 467 
767 476 657 465 591 467 
767 476 657 465 591 467 
767 476 657 466 590 466 
767 476 657 466 590 467 
767 475 657 466 591 467 
766 475 657 466 590 467 
767 476 657 466 590 467 
767 475 657 466 591 467 
767 476 657 466 591 467 
767 475 657 465 590 467 
766 475 657 465 591 467 
768 476 657 465 590 467 
767 476 657 465 590 466 
767 476 657 465 591 466 
767 475 657 465 591 467 
767 476 657 464 591 466 
767 476 657 464 590 466 
767 476 657 464 591 466 
766 476 657 463 590 465 
766 476 657 463 591 465 
766 475 657 462 590 463 
766 475 657 461 591 462 
766 475 657 459 591 461 
766 475 657 458 591 458 
766 475 657 456 591 456 
766 475 657 455 591 453 
766 475 658 452 591 449 
766 475 658 451 592 445 
766 475 658 449 592 441 
765 475 658 446 592 438 
766 475 659 443 594 435 
767 475 659 440 594 430 
766 475 660 437 595 428 
766 475 661 435 596 425 
766 475 661 432 598 420 
766 475 663 429 600 417 
766 475 664 425 601 411 
766 474 665 422 603 407 
766 474 666 419 604 403 
767 475 667 417 608 398 
768 476 669 414 609 393 
767 475 671 410 611 388 
767 474 672 407 613 383 
767 475 673 404 615 378 
767 475 676 402 619 373 
767 474 677 398 621 369 
767 475 679 397 624 366 
767 473 681 393 628 362 
767 474 684 390 631 357 
768 474 684 388 635 353 
768 474 688 385 638 349 
768 473 690 383 639 346 
768 474 692 380 643 341 
768 474 696 378 648 338 
768 474 699 374 651 334 
768 474 701 372 655 330 
768 473 704 369 658 328 
768 474 707 368 662 326 
769 474 711 365 666 322 
769 474 715 363 670 319 
769 473 718 360 675 316 
769 474 721 359 678 311 
770 474 725 357 683 311 
770 473 729 356 687 309 
771 474 732 354 693 306 
771 473 736 354 697 304 
771 473 739 353 702 301 
772 474 741 352 705 300 
773 474 743 351 709 299 
773 474 746 351 712 296 
773 473 749 350 715 294 
773 473 751 350 718 293 
773 473 753 349 721 293 
774 474 755 348 722 292 
774 474 756 348 725 291 
774 474 759 349 726 290 
775 474 759 349 728 289 
775 474 760 348 730 289 
775 474 763 348 731 289 
775 474 763 348 733 288 
775 474 764 348 734 288 
775 474 765 348 736 288 
775 474 765 349 736 288 
775 474 766 349 736 288 
775 474 766 349 735 288 
775 474 767 349 735 289 
775 474 767 349 735 290 
775 473 766 349 735 291 
776 474 766 349 734 291 
775 474 766 349 733 291 
775 474 766 349 734 291 
775 473 766 349 735 290 
775 473 766 349 735 290 
775 473 767 349 737 290 
776 474 767 348 739 289 
776 474 768 348 739 289 
775 473 768 348 739 289 
776 474 769 349 740 288 
776 474 769 349 740 288 
776 473 769 349 740 288 
776 474 769 349 739 288 
776 474 769 349 739 288 
775 474 768 349 737 288 
775 473 767 349 735 287 
776 474 766 349 734 288 
775 474 765 350 734 288 
775 474 764 349 734 289 
775 474 764 349 733 289 
775 474 764 349 732 289 
775 474 763 349 731 289 
775 474 762 349 731 289 
775 474 761 349 730 290 
775 474 760 349 729 290 
775 474 759 350 727 291 
775 474 758 349 725 291 
775 474 756 349 723 291 
775 474 755 350 721 292 
775 474 753 350 717 293 
775 474 752 350 717 294 
775 474 749 350 714 295 
774 474 750 351 713 295 
774 474 748 351 710 295 
773 474 745 351 709 296 
773 474 745 351 707 296 
773 474 744 351 705 297 
773 474 742 352 704 299 
773 474 740 352 703 299 
773 474 740 352 700 299 
773 474 739 352 699 300 
773 474 738 354 698 301 
773 474 736 353 697 302 
773 474 735 354 694 303 
772 474 734 354 694 304 
773 474 732 355 692 305 
772 474 732 355 689 306 
773 474 729 356 688 307 
773 474 728 356 685 308 
773 474 726 357 683 308 
773 474 726 357 681 309 
773 474 725 357 680 309 
773 474 724 358 679 310 
773 475 723 358 679 312 
772 475 722 358 676 312 
772 475 720 359 674 312 
772 474 718 360 673 314 
772 474 717 361 671 315 
772 475 715 362 669 316 
772 475 714 363 666 320 
772 475 711 364 666 321 
772 475 710 365 664 323 
772 475 708 366 661 325 
771 474 707 368 659 326 
771 474 704 368 657 327 
771 474 703 369 654 331 
771 474 702 371 652 330 
771 475 699 371 651 333 
771 475 698 373 649 334 
771 475 696 375 647 336 
771 475 695 376 645 338 
771 474 692 378 642 342 
771 475 691 379 640 344 
770 475 689 382 636 347 
770 475 688 383 634 349 
770 475 686 386 632 353 
770 475 685 386 631 355 
770 475 683 389 627 357 
770 475 682 389 627 359 
770 475 681 392 626 361 
770 475 679 392 625 363 
770 475 678 395 624 367 
770 475 677 395 622 367 
770 475 676 397 621 372 
770 475 675 400 619 374 
770 475 674 402 617 377 
770 475 672 404 617 380 
769 475 671 407 614 386 
769 474 671 409 614 387 
768 474 668 411 610 393 
769 475 667 414 610 395 
769 475 666 417 607 399 
769 476 665 419 607 403 
769 475 664 422 605 406 
769 475 663 425 604 411 
769 475 662 427 603 414 
769 475 661 430 602 417 
769 475 660 433 601 421 
768 476 660 436 599 425 
768 475 659 438 598 429 
768 475 659 440 598 432 
768 475 658 442 598 434 
768 476 659 444 597 436 
768 475 659 445 596 439 
767 475 658 446 596 440 
768 475 658 448 596 441 
767 474 657 448 596 441 
767 474 657 449 596 443 
769 475 657 450 595 443 
768 475 656 452 595 444 
767 475 657 453 595 446 
768 475 657 454 594 447 
768 475 657 456 594 451 
768 475 656 456 594 452 
767 475 656 457 594 454 
767 475 656 458 595 455 
767 475 656 460 595 456 
767 475 656 460 595 456 
767 476 656 461 595 458 
768 475 656 462 594 459 
767 475 656 462 594 459 
767 475 656 463 594 459 
767 475 656 463 594 460 
767 475 656 464 594 460 
768 476 656 464 594 460 
766 475 656 464 594 460 
767 475 656 464 593 459 
767 475 655 464 593 459 
767 475 655 465 594 460 
767 475 655 465 594 460 
767 475 655 465 594 460 
767 475 655 466 593 460 
768 476 655 466 592 460 
767 475 655 466 593 460 
767 475 655 466 593 461 
767 475 654 466 592 461 
767 475 655 466 593 461 
767 475 655 466 592 460 
767 476 655 466 593 460 
767 475 655 466 593 460 
767 475 655 466 593 461 
767 475 655 466 592 461 
767 475 655 466 592 461 
767 475 655 466 592 461 
768 476 655 466 592 460 
767 476 655 466 592 460 
767 475 655 466 592 461 
767 476 655 466 592 461 
767 475 655 466 593 461 
767 475 655 466 593 460 
767 476 654 466 593 461 
767 475 655 466 593 461 
767 475 655 466 593 461 
767 475 655 466 593 461 
767 475 655 466 592 460 
767 475 655 466 592 460 
767 476 655 466 592 460 
767 475 655 466 593 460 
767 475 655 466 593 460 
767 475 655 465 593 460 
767 475 655 465 593 460 
767 476 655 465 593 460 
767 475 655 464 594 459 
767 476 655 464 594 460 
767 475 655 464 594 459 
767 475 655 463 594 458 
767 476 655 461 593 456 
767 475 655 460 594 453 
767 475 655 459 594 452 
767 475 655 458 594 449 
767 475 655 454 595 445 
767 476 655 452 595 441 
767 475 656 450 596 437 
767 475 656 446 596 433 
768 476 657 444 596 429 
767 475 657 441 597 424 
767 475 657 438 598 420 
767 475 658 435 599 416 
767 475 659 433 600 413 
768 475 659 429 601 408 
767 475 659 427 602 404 
767 475 661 424 605 401 
769 475 661 421 606 396 
767 475 664 418 609 391 
768 475 665 415 609 388 
767 475 666 412 613 384 
768 475 667 410 613 379 
768 474 669 407 616 377 
768 475 670 405 618 374 
768 475 671 402 620 370 
767 474 673 401 621 368 
768 475 675 400 624 366 
768 474 677 396 626 364 
768 475 678 395 627 361 
770 475 680 394 631 359 
768 474 682 392 633 356 
769 475 684 390 635 354 
768 474 685 388 638 352 
769 474 688 386 639 347 
768 474 690 383 643 343 
769 475 692 381 646 341 
768 474 694 378 648 339 
770 475 697 376 653 333 
769 474 700 374 657 330 
769 473 703 371 661 327 
770 475 706 369 665 325 
770 474 709 366 669 322 
770 473 712 362 672 316 
771 474 717 361 678 314 
770 473 722 359 684 311 
772 475 726 357 689 307 
771 473 730 355 694 304 
772 474 733 354 698 302 
772 474 736 352 703 300 
773 473 738 351 708 295 
773 474 743 351 713 294 
773 474 746 350 718 294 
773 475 749 349 721 291 
774 474 752 350 724 291 
774 474 754 350 727 291 
774 474 756 349 729 290 
774 474 757 350 732 290 
775 474 757 350 732 289 
775 474 758 350 733 288 
774 474 758 350 733 289 
774 474 758 350 732 288 
774 474 757 350 732 288 
774 474 757 350 732 289 
774 474 756 350 731 289 
774 474 755 349 731 290 
774 474 754 348 730 289 
774 474 754 349 729 290 
774 474 754 348 729 290 
774 474 754 349 729 290 
774 474 754 348 729 290 
774 474 755 349 730 289 
774 474 756 350 730 289 
775 474 757 349 732 289 
774 474 757 349 733 289 
774 474 758 349 732 288 
774 474 758 349 733 289 
775 474 759 350 733 289 
775 474 759 350 733 289 
775 474 759 350 733 289 
775 474 759 350 733 290 
775 474 758 350 731 290 
775 473 758 350 730 290 
775 474 756 350 729 291 
775 474 755 350 728 290 
775 474 753 350 726 290 
775 474 752 350 725 291 
774 474 750 350 722 291 
774 474 748 350 720 293 
774 474 746 350 714 293 
774 474 743 351 711 294 
774 474 740 351 707 295 
774 474 737 351 703 297 
774 474 734 351 701 298 
773 474 732 351 697 299 
773 475 730 352 695 299 
773 475 727 353 692 300 
773 475 726 354 690 303 
772 475 724 355 687 306 
771 473 721 355 684 307 
771 474 718 357 679 311 
771 474 716 358 676 312 
772 474 713 359 670 315 
771 474 710 361 670 318 
770 474 706 363 666 321 
770 474 703 363 663 322 
771 474 700 365 657 327 
771 474 698 367 655 329 
770 473 695 369 650 334 
770 474 693 371 650 336 
771 475 691 373 645 341 
770 474 690 375 645 341 
770 474 686 376 643 344 
769 474 685 378 638 347 
769 474 684 380 638 348 
769 474 681 381 636 349 
769 474 680 384 632 355 
769 475 677 385 631 355 
769 475 677 388 629 359 
769 475 675 389 627 361 
770 475 674 392 624 367 
769 474 671 394 623 369 
769 475 671 397 620 374 
769 475 669 400 618 377 
769 475 667 403 615 380 
768 475 665 405 614 383 
768 475 664 408 611 386 
768 474 664 411 610 393 
768 475 661 414 608 397 
768 475 660 416 606 399 
769 475 658 418 604 403 
768 474 658 421 603 408 
768 475 657 423 602 411 
768 475 657 426 601 414 
768 476 656 428 600 417 
769 476 655 431 599 420 
768 476 654 433 598 424 
767 476 653 435 597 427 
767 476 653 438 596 429 
767 475 654 439 596 433 
767 475 654 442 596 435 
767 475 654 444 595 437 
767 475 653 446 595 441 
767 475 653 450 595 446 
767 475 653 452 593 447 
767 475 653 453 593 449 
767 475 652 455 593 451 
767 475 651 456 593 454 
767 475 652 457 593 455 
767 475 652 459 592 457 
767 475 652 461 593 458 
767 475 652 463 592 460 
768 476 652 464 593 461 
767 475 652 464 592 461 
767 475 652 464 592 460 
766 475 651 464 592 460 
767 475 650 463 592 461 
766 475 650 463 591 460 
767 475 651 465 591 460 
767 475 652 466 591 461 
766 475 650 465 591 461 
767 475 650 465 592 461 
766 475 650 465 592 461 
767 475 650 465 591 461 
767 475 651 465 591 461 
767 475 651 464 592 460 
767 475 650 464 593 461 
766 475 651 463 593 462 
767 475 651 463 594 462 
766 475 651 462 594 462 
767 475 651 460 595 461 
767 475 651 460 594 460 
767 475 652 457 594 459 
767 475 652 456 594 457 
767 475 652 453 595 454 
767 475 652 452 595 451 
767 475 652 449 595 448 
767 475 652 447 596 443 
767 475 653 444 596 439 
767 475 654 441 597 435 
767 475 655 439 598 430 
767 475 655 436 599 424 
767 475 655 433 600 420 
767 475 656 429 600 417 
767 475 656 427 602 413 
767 475 658 424 603 409 
767 475 659 422 604 405 
768 475 659 418 607 401 
768 475 661 415 608 397 
768 475 663 412 609 392 
768 475 664 409 611 386 
768 476 665 406 614 382 
768 475 668 402 616 376 
768 475 670 398 620 373 
768 474 673 395 623 368 
768 475 675 392 625 363 
769 475 676 388 629 358 
768 475 679 386 633 356 
768 475 682 382 635 350 
769 475 685 379 640 345 
769 474 687 376 642 343 
768 474 690 375 647 340 
769 474 693 373 649 339 
769 474 696 372 653 332 
769 475 699 370 656 331 
770 475 701 368 660 327 
770 475 703 366 662 326 
770 475 704 366 664 325 
770 476 707 364 667 323 
770 475 709 362 669 322 
770 474 711 361 672 321 
770 475 713 360 674 319 
770 475 715 359 679 315 
770 474 721 357 686 312 
770 474 722 355 690 309 
770 474 726 353 695 307 
771 475 728 353 697 306 
771 475 731 353 701 303 
772 475 734 351 705 301 
772 475 737 351 709 300 
772 474 739 350 713 300 
773 474 741 351 716 300 
773 474 744 350 717 298 
773 474 745 350 720 297 
773 475 747 351 722 296 
774 475 749 350 723 295 
774 475 750 351 724 295 
774 475 750 350 726 295 
774 475 750 350 726 295 
774 474 750 350 727 295 
774 474 749 350 727 296 
774 474 749 350 726 295 
774 475 748 349 726 296 
774 475 748 350 726 296 
774 474 747 350 725 296 
774 474 747 349 725 295 
774 474 747 350 725 296 
774 474 747 349 722 295 
774 475 746 349 723 295 
774 475 746 349 723 295 
774 475 745 350 723 295 
774 475 745 349 722 295 
774 475 745 350 722 295 
774 475 743 350 719 295 
774 475 742 349 718 295 
773 475 742 351 717 296 
773 475 740 351 715 297 
773 475 739 351 712 298 
772 475 737 351 710 300 
773 474 735 352 707 300 
773 474 733 353 706 301 
773 475 732 352 704 302 
773 475 731 352 703 303 
772 475 729 352 701 303 
772 475 729 353 699 304 
772 475 727 353 697 304 
772 475 726 354 695 304 
772 475 725 354 693 305 
772 475 723 355 691 306 
772 474 721 356 689 308 
771 475 719 356 686 308 
771 475 717 357 684 310 
771 474 716 358 682 311 
771 475 713 358 680 312 
770 475 712 359 676 314 
770 474 711 360 674 316 
770 475 708 361 672 317 
770 475 705 363 670 319 
770 474 704 363 668 322 
770 475 702 365 666 324 
770 475 700 366 663 325 
771 475 698 367 662 329 
770 475 696 370 655 335 
770 475 695 371 654 334 
769 474 692 373 653 337 
770 475 690 375 650 339 
770 475 688 377 645 346 
770 475 687 378 644 347 
770 475 684 380 642 349 
769 475 682 383 636 355 
769 475 680 385 636 357 
769 474 679 386 635 358 
769 475 677 389 633 361 
769 475 675 391 630 363 
769 475 674 392 629 367 
770 476 673 395 627 368 
769 476 673 396 625 372 
769 476 670 398 623 375 
769 476 668 400 621 378 
769 476 668 402 620 381 
769 476 667 405 617 386 
769 475 665 408 616 389 
769 475 663 410 614 392 
768 475 663 412 611 396 
769 476 662 415 611 400 
769 476 660 418 610 403 
768 476 659 419 608 406 
768 476 658 422 607 409 
768 476 657 424 605 412 
768 476 656 428 603 417 
769 476 655 431 602 421 
768 476 654 432 600 424 
768 476 654 435 598 429 
768 476 653 437 598 432 
768 476 653 440 598 434 
768 477 652 441 596 437 
768 476 651 443 596 439 
767 476 651 445 596 441 
767 476 650 447 595 443 
767 476 651 448 594 446 
767 475 650 450 594 447 
767 475 650 452 594 448 
767 476 650 453 594 449 
767 476 650 453 594 451 
767 475 650 454 594 451 
767 476 650 455 594 452 
768 476 649 457 595 453 
768 476 650 458 595 455 
767 476 649 459 595 457 
767 476 649 460 596 458 
767 475 649 462 596 460 
767 476 650 462 596 461 
767 477 649 463 596 460 
767 476 649 463 596 460 
767 476 648 463 596 460 
767 476 649 463 596 460 
767 476 649 463 596 460 
767 476 649 464 596 461 
767 476 649 464 595 460 
766 476 648 465 596 461 
767 476 648 465 596 461 
767 476 648 466 595 461 
768 476 648 466 595 461 
767 476 648 465 595 461 
767 476 648 465 595 461 
767 476 648 465 595 462 
767 476 649 465 595 461 
767 476 648 465 595 461 
767 476 648 465 595 461 
767 476 649 466 596 462 
767 475 649 465 596 461 
767 476 649 465 595 461 
767 476 649 465 595 461 
767 476 649 465 596 461 
766 476 648 465 596 461 
767 476 648 465 595 461 
767 476 648 465 596 461 
768 476 649 466 596 461 
767 476 648 465 595 460 
767 476 648 464 596 460 
767 476 648 464 596 460 
767 477 649 463 596 460 
767 477 649 462 597 459 
767 477 650 460 597 458 
768 477 650 457 597 458 
767 476 650 456 597 456 
766 476 650 453 597 453 
767 476 651 450 597 449 
767 476 651 447 598 444 
767 476 651 444 599 437 
767 476 653 440 599 431 
767 476 653 436 601 424 
767 475 654 433 602 418 
767 475 655 428 604 412 
767 475 656 425 606 408 
767 475 657 422 607 404 
767 475 658 419 609 400 
767 475 660 416 611 396 
768 475 661 413 613 393 
768 475 662 410 615 389 
768 475 664 407 617 385 
767 475 665 404 619 382 
768 475 667 401 621 379 
769 475 670 398 624 374 
768 475 672 395 626 370 
768 475 674 392 630 365 
768 475 676 390 632 361 
768 475 678 386 635 357 
769 475 681 384 638 354 
769 475 683 381 640 351 
769 475 686 379 644 348 
769 474 688 377 646 345 
769 474 689 377 648 342 
769 474 692 375 652 337 
769 474 694 372 653 336 
769 475 695 371 656 335 
769 475 698 370 658 332 
769 474 700 368 662 327 
770 475 702 365 664 326 
770 475 704 364 667 324 
770 475 707 363 670 322 
770 475 710 361 676 317 
770 475 713 359 679 316 
770 475 716 358 683 310 
770 475 719 357 688 309 
770 475 722 356 693 308 
771 475 726 355 697 306 
772 476 730 354 701 306 
772 476 733 353 706 303 
772 475 737 353 710 303 
773 474 740 352 717 298 
773 475 742 351 720 299 
773 475 745 351 722 298 
773 474 747 351 725 298 
773 475 748 351 726 297 
773 475 749 352 727 295 
774 475 749 351 728 295 
774 475 750 352 727 295 
774 475 748 352 728 295 
774 475 748 351 726 295 
773 475 746 351 725 295 
773 475 745 351 723 295 
773 475 743 351 721 295 
773 475 742 351 720 296 
773 476 740 352 717 296 
773 475 739 352 715 297 
773 475 737 353 712 298 
772 475 735 353 709 299 
772 475 733 353 707 301 
772 475 731 354 704 301 
772 475 729 354 700 302 
771 475 727 355 699 303 
771 475 725 355 696 304 
771 475 723 356 692 304 
771 475 722 356 691 307 
771 475 719 358 689 308 
770 475 718 357 686 308 
771 475 716 358 684 309 
771 475 716 358 683 310 
770 476 714 359 683 311 
770 476 713 359 681 311 
770 475 711 359 679 312 
770 475 711 359 677 314 
770 475 708 362 675 315 
770 475 707 363 673 317 
770 475 706 363 671 320 
770 475 703 365 669 323 
770 475 701 367 666 325 
770 475 699 368 660 331 
770 475 696 370 659 331 
770 475 695 370 657 332 
770 475 694 371 656 334 
769 475 692 374 653 336 
769 475 690 375 652 338 
769 475 688 376 650 340 
769 475 686 378 648 342 
769 475 685 379 646 344 
769 475 682 381 643 346 
769 476 680 383 641 349 
769 475 679 385 639 352 
769 475 677 388 636 354 
769 475 674 390 631 361 
769 475 672 393 630 363 
769 475 670 396 624 370 
769 476 668 399 623 373 
769 476 666 402 619 377 
769 476 665 405 616 382 
769 476 662 409 614 388 
768 476 661 413 612 393 
768 476 660 416 610 399 
768 476 659 419 608 402 
767 475 657 423 606 407 
769 476 657 426 605 412 
768 475 655 429 603 416 
768 476 655 431 603 420 
768 476 653 433 601 426 
768 476 653 436 601 430 
767 476 653 439 601 433 
768 475 652 440 600 435 
768 476 652 443 599 438 
768 476 651 445 598 439 
767 475 651 447 597 442 
767 476 650 448 597 443 
767 476 650 449 597 445 
767 476 649 451 596 447 
767 476 649 453 595 449 
767 475 650 454 595 450 
767 476 649 454 594 451 
767 475 649 456 594 452 
767 476 649 458 595 453 
767 476 649 459 595 454 
767 476 649 460 594 456 
767 477 648 461 595 459 
768 476 648 462 595 461 
767 476 648 464 596 461 
767 476 648 464 596 461 
767 476 648 464 596 461 
767 476 648 464 596 461 
767 476 648 464 595 461 
766 476 648 465 595 461 
767 475 648 465 595 461 
767 476 648 466 595 461 
767 476 647 466 595 461 
767 476 647 466 595 461 
767 476 647 466 594 461 
767 476 647 466 594 462 
767 476 647 466 594 462 
767 476 647 466 594 461 
767 476 647 466 593 461 
767 476 647 466 593 461 
767 476 647 466 593 462 
767 476 647 467 593 461 
767 476 647 467 593 461 
767 476 647 466 593 461 
766 476 647 466 593 461 
767 476 647 467 594 462 
766 476 647 467 593 462 
767 476 647 467 593 461 
766 476 647 467 594 461 
767 476 647 467 594 461 
766 476 647 467 593 462 
767 477 647 467 594 461 
767 477 647 467 593 462 
767 476 647 468 593 461 
767 476 647 467 593 462 
766 476 647 467 592 462 
767 476 647 467 593 462 
767 476 647 467 593 462 
766 476 647 467 593 461 
767 476 647 467 593 461 
767 476 647 467 593 461 
766 477 647 468 593 462 
766 476 647 467 593 461 
767 476 647 467 593 461 
767 476 647 467 593 462 
