1.56993 -0.634652 -0.981641 1.16381 -0.654278 -1.399 0.885771 -0.628187 -1.74996 
1.56996 -0.634642 -0.981708 1.16386 -0.654282 -1.399 0.885846 -0.628305 -1.74996 
1.56956 -0.634847 -0.981425 1.16395 -0.654335 -1.39907 0.886006 -0.628265 -1.75012 
1.56984 -0.634713 -0.981666 1.16397 -0.65441 -1.39909 0.885985 -0.628298 -1.75017 
1.56945 -0.634861 -0.981463 1.16392 -0.654378 -1.39916 0.885934 -0.628276 -1.75021 
1.56987 -0.634715 -0.981685 1.16388 -0.654356 -1.39914 0.885856 -0.628222 -1.75027 
1.56947 -0.634875 -0.981473 1.16387 -0.654295 -1.39912 0.885714 -0.628237 -1.75011 
1.56949 -0.634862 -0.981447 1.16382 -0.654318 -1.39904 0.885716 -0.628182 -1.75006 
1.57003 -0.63461 -0.981773 1.16379 -0.654253 -1.39904 0.885648 -0.628165 -1.74993 
1.56998 -0.634631 -0.981616 1.1638 -0.654283 -1.39896 0.885678 -0.628169 -1.74998 
1.57004 -0.634598 -0.981605 1.1638 -0.654264 -1.39897 0.885701 -0.628075 -1.75008 
1.57006 -0.634555 -0.981634 1.16379 -0.654227 -1.39896 0.885582 -0.627905 -1.75011 
1.57004 -0.634622 -0.981602 1.16376 -0.654133 -1.39889 0.885068 -0.627509 -1.75 
1.57005 -0.634642 -0.981641 1.16371 -0.653929 -1.39891 0.884736 -0.627131 -1.75014 
1.57007 -0.634658 -0.981681 1.1636 -0.653813 -1.39877 0.883011 -0.626923 -1.74913 
1.57008 -0.63469 -0.981692 1.16359 -0.65404 -1.39877 0.883174 -0.627161 -1.74919 
1.57004 -0.634701 -0.981658 1.16356 -0.654124 -1.3989 0.883123 -0.627258 -1.74922 
1.57006 -0.634715 -0.981623 1.16367 -0.654202 -1.39897 0.883199 -0.627117 -1.7493 
1.5701 -0.634761 -0.981655 1.1637 -0.654132 -1.39906 0.883083 -0.626783 -1.7495 
1.57013 -0.634766 -0.98167 1.16377 -0.654279 -1.39908 0.883284 -0.627021 -1.74944 
1.57012 -0.634761 -0.98173 1.16393 -0.654645 -1.39931 0.884855 -0.626969 -1.75082 
1.57003 -0.634729 -0.981772 1.16418 -0.655331 -1.39974 0.885325 -0.627516 -1.75116 
1.56954 -0.634915 -0.981488 1.16426 -0.655724 -1.39995 0.88572 -0.627794 -1.75137 
1.56946 -0.634849 -0.981575 1.1646 -0.65705 -1.40036 0.886245 -0.628783 -1.75159 
1.56932 -0.634763 -0.981654 1.16471 -0.657512 -1.40063 0.88628 -0.630556 -1.75128 
1.56922 -0.634777 -0.981605 1.16498 -0.657763 -1.40079 0.886534 -0.631091 -1.75147 
1.56908 -0.634764 -0.981701 1.16498 -0.658673 -1.40122 0.886543 -0.6335 -1.75067 
1.56904 -0.634859 -0.981839 1.16505 -0.660823 -1.40182 0.887568 -0.635439 -1.75155 
1.56894 -0.63492 -0.981835 1.16528 -0.662186 -1.40238 0.888642 -0.637259 -1.75228 
1.56851 -0.63539 -0.981687 1.16587 -0.664952 -1.40325 0.889379 -0.640475 -1.75294 
1.5682 -0.635385 -0.981685 1.16494 -0.66883 -1.40411 0.890415 -0.646621 -1.75352 
1.56816 -0.63535 -0.981803 1.16537 -0.671432 -1.4041 0.891622 -0.648873 -1.7548 
1.5681 -0.635397 -0.981881 1.16745 -0.675214 -1.4056 0.892513 -0.652426 -1.75541 
1.56798 -0.635634 -0.981961 1.16814 -0.682934 -1.40572 0.892905 -0.661875 -1.755 
1.56805 -0.635633 -0.982086 1.16879 -0.686709 -1.40566 0.892803 -0.666666 -1.75444 
1.56802 -0.635767 -0.982037 1.16763 -0.692628 -1.40414 0.892422 -0.675045 -1.75302 
1.568 -0.635802 -0.982031 1.16858 -0.70295 -1.40337 0.893666 -0.691818 -1.75186 
1.56799 -0.635765 -0.982046 1.17094 -0.707926 -1.40348 0.893742 -0.700046 -1.75095 
1.56801 -0.635724 -0.982092 1.17207 -0.718175 -1.40156 0.894687 -0.71845 -1.74938 
1.5679 -0.635689 -0.982003 1.17262 -0.72961 -1.39879 0.897663 -0.739354 -1.74891 
1.56797 -0.635786 -0.981952 1.17508 -0.735499 -1.39917 0.898036 -0.751232 -1.7469 
1.5679 -0.63575 -0.981978 1.17778 -0.748316 -1.39755 0.901786 -0.775083 -1.74489 
1.56798 -0.635802 -0.982097 1.18043 -0.761545 -1.3953 0.90652 -0.7992 -1.74356 
1.56802 -0.635841 -0.982102 1.18256 -0.76806 -1.39455 0.909364 -0.811677 -1.74217 
1.56795 -0.635955 -0.982077 1.18527 -0.779292 -1.39245 0.912999 -0.831484 -1.73986 
1.56812 -0.636203 -0.982344 1.19151 -0.798343 -1.38888 0.921116 -0.864824 -1.73554 
1.56817 -0.636358 -0.982462 1.19405 -0.805494 -1.38724 0.924512 -0.878588 -1.73285 
1.56866 -0.636565 -0.983027 1.19942 -0.821009 -1.38335 0.932964 -0.906075 -1.72869 
1.56887 -0.636759 -0.9833 1.20629 -0.837236 -1.37883 0.941769 -0.934196 -1.7231 
1.56903 -0.63689 -0.983434 1.20936 -0.845204 -1.37675 0.946843 -0.949005 -1.72048 
1.56942 -0.637826 -0.983869 1.21727 -0.860883 -1.37222 0.957585 -0.979177 -1.71336 
1.56996 -0.637905 -0.984104 1.22471 -0.877072 -1.3666 0.970892 -1.00942 -1.70696 
1.56996 -0.637956 -0.984043 1.22937 -0.884693 -1.36386 0.977536 -1.02452 -1.70311 
1.5701 -0.637894 -0.984052 1.23835 -0.900202 -1.35819 0.99146 -1.05577 -1.69452 
1.57024 -0.637987 -0.984114 1.24779 -0.915714 -1.35193 1.00777 -1.08644 -1.6867 
1.57037 -0.638092 -0.984193 1.25267 -0.923422 -1.34878 1.0175 -1.10215 -1.67971 
1.57064 -0.638264 -0.984246 1.26189 -0.937579 -1.34193 1.03396 -1.13174 -1.66965 
1.57097 -0.638512 -0.984431 1.2721 -0.951274 -1.33505 1.05088 -1.15942 -1.65856 
1.57114 -0.638665 -0.984513 1.27753 -0.958288 -1.33098 1.0592 -1.17239 -1.65312 
1.5712 -0.639771 -0.984218 1.28809 -0.971265 -1.32264 1.07632 -1.19872 -1.64046 
1.57255 -0.640102 -0.984926 1.29935 -0.984713 -1.31383 1.09412 -1.22321 -1.62826 
1.57281 -0.64024 -0.98501 1.30474 -0.99106 -1.30899 1.10266 -1.23636 -1.62052 
1.57324 -0.64054 -0.985067 1.31666 -1.00307 -1.29937 1.12097 -1.26044 -1.60572 
1.57361 -0.641 -0.984764 1.32778 -1.01401 -1.28931 1.13953 -1.28391 -1.59005 
1.5743 -0.640906 -0.985038 1.33342 -1.01966 -1.28406 1.14903 -1.29517 -1.5826 
1.57468 -0.641103 -0.985035 1.34204 -1.0281 -1.27573 1.16407 -1.31191 -1.56982 
1.57554 -0.641247 -0.984691 1.358 -1.04154 -1.26082 1.18865 -1.33818 -1.54835 
1.57593 -0.641401 -0.984619 1.36503 -1.04669 -1.25514 1.1986 -1.34792 -1.53969 
1.57673 -0.641505 -0.984483 1.37471 -1.05448 -1.24569 1.21438 -1.36205 -1.52715 
1.5777 -0.641823 -0.984301 1.39402 -1.06648 -1.22904 1.23988 -1.38379 -1.50261 
1.57905 -0.641897 -0.984727 1.40166 -1.07148 -1.22175 1.25078 -1.39373 -1.49227 
1.57971 -0.642949 -0.984726 1.41425 -1.07834 -1.21099 1.26715 -1.40725 -1.47711 
0
0
0
0
0
0
0
0
0
0
0
0
0
0
0
0
0
0
0
0
0
0
0
0
0
0
0
0
0
0
0
0
0
0
0
0
0
0
0
0
0
0
0
0
0
0
0
0
0
0
0
0
0
0
0
0
0
0
0
0
0
0
0
0
0
0
0
0
0
0
0
0
0
0
0
0
0
0
0
0
0
0
0
0
0
0
0
1.58858 -0.641894 -0.974734 1.43274 -1.08508 -1.18692 1.26744 -1.4112 -1.45703 
1.5885 -0.641949 -0.974947 1.42857 -1.08327 -1.19036 1.26143 -1.40623 -1.46395 
1.58834 -0.641867 -0.975097 1.42276 -1.08021 -1.196 1.25167 -1.39966 -1.47079 
1.58795 -0.641927 -0.975285 1.41276 -1.07501 -1.20508 1.2365 -1.38957 -1.48457 
1.58758 -0.641928 -0.975345 1.40885 -1.07279 -1.20872 1.23107 -1.38391 -1.48988 
1.58728 -0.641918 -0.975518 1.40297 -1.06939 -1.21418 1.22254 -1.37721 -1.49655 
1.58675 -0.641919 -0.976035 1.39282 -1.06375 -1.22212 1.20833 -1.3655 -1.5084 
1.58649 -0.641923 -0.976063 1.38876 -1.06155 -1.22551 1.20239 -1.36149 -1.51293 
1.58709 -0.640838 -0.977575 1.38249 -1.05733 -1.23054 1.19495 -1.35382 -1.52068 
1.58663 -0.640232 -0.977726 1.37214 -1.05056 -1.23816 1.1797 -1.34139 -1.5313 
1.58651 -0.640136 -0.977672 1.36749 -1.0479 -1.24129 1.17413 -1.33494 -1.5364 
1.58622 -0.63997 -0.97759 1.36172 -1.04252 -1.24645 1.1651 -1.32561 -1.54381 
1.58587 -0.639595 -0.977369 1.35081 -1.03415 -1.25487 1.14872 -1.3069 -1.55802 
1.5857 -0.639566 -0.977375 1.34724 -1.03038 -1.25886 1.14264 -1.29863 -1.56401 
1.5855 -0.639551 -0.977351 1.34074 -1.02484 -1.26419 1.13184 -1.28549 -1.57256 
1.5851 -0.63941 -0.977769 1.33222 -1.01581 -1.27331 1.11575 -1.26173 -1.5878 
1.58498 -0.63941 -0.977946 1.32836 -1.01215 -1.27664 1.10927 -1.25386 -1.59305 
1.5843 -0.639887 -0.97796 1.32321 -1.00636 -1.28187 1.10018 -1.24034 -1.60204 
1.58266 -0.640285 -0.977811 1.31321 -0.995863 -1.29133 1.08545 -1.21938 -1.61506 
1.58258 -0.640307 -0.977891 1.3115 -0.994734 -1.29271 1.08343 -1.21488 -1.61809 
1.58223 -0.640276 -0.978065 1.30702 -0.989434 -1.29747 1.07688 -1.20649 -1.62358 
1.5813 -0.639712 -0.977741 1.29898 -0.9812 -1.30409 1.06709 -1.19015 -1.63433 
1.5813 -0.639673 -0.977819 1.29637 -0.976955 -1.30768 1.0628 -1.18337 -1.63747 
1.58111 -0.639674 -0.977768 1.29257 -0.971747 -1.31191 1.05715 -1.17231 -1.64465 
1.58113 -0.639717 -0.977848 1.28606 -0.962018 -1.31861 1.04645 -1.14985 -1.6557 
1.58107 -0.639776 -0.977857 1.28293 -0.958039 -1.32128 1.04177 -1.14101 -1.66014 
1.58114 -0.640269 -0.978056 1.27881 -0.951988 -1.32528 1.03555 -1.1259 -1.66677 
1.58118 -0.640415 -0.978373 1.27131 -0.939955 -1.33292 1.02251 -1.10042 -1.67711 
1.58146 -0.640418 -0.978872 1.26776 -0.934338 -1.33561 1.01736 -1.08928 -1.68356 
1.58133 -0.640457 -0.979146 1.26215 -0.925988 -1.34009 1.00938 -1.07197 -1.68981 
1.5806 -0.640462 -0.979752 1.25251 -0.910669 -1.34691 0.996099 -1.04142 -1.69953 
1.58047 -0.640365 -0.980117 1.24883 -0.904214 -1.34968 0.990441 -1.02905 -1.70285 
1.58005 -0.639862 -0.980194 1.24256 -0.89415 -1.35357 0.981986 -1.00964 -1.70832 
1.57863 -0.639856 -0.980035 1.23172 -0.87435 -1.36069 0.966939 -0.969219 -1.7176 
1.57857 -0.639774 -0.98013 1.23018 -0.87048 -1.36207 0.964734 -0.962895 -1.71942 
1.57773 -0.639477 -0.979667 1.22147 -0.853736 -1.36697 0.954096 -0.930782 -1.72578 
1.57773 -0.638398 -0.980114 1.21685 -0.84347 -1.37005 0.948561 -0.912474 -1.72982 
1.57779 -0.637724 -0.980103 1.20938 -0.829923 -1.37216 0.941116 -0.889412 -1.73306 
1.57644 -0.637914 -0.979094 1.20786 -0.81865 -1.3764 0.936318 -0.872551 -1.73635 
1.57629 -0.637813 -0.978946 1.20411 -0.806378 -1.37894 0.933797 -0.854055 -1.74117 
1.57633 -0.637006 -0.979031 1.20079 -0.792078 -1.38294 0.929297 -0.832874 -1.74408 
1.57618 -0.637001 -0.979179 1.19675 -0.783339 -1.38453 0.927555 -0.815465 -1.74838 
1.57576 -0.637585 -0.97917 1.19692 -0.776147 -1.38773 0.925568 -0.801139 -1.75096 
1.57519 -0.637887 -0.97924 1.19301 -0.767628 -1.38929 0.922947 -0.784456 -1.75257 
1.57511 -0.63797 -0.979504 1.1938 -0.761876 -1.39193 0.921754 -0.774244 -1.75526 
1.57493 -0.638115 -0.979641 1.1926 -0.75562 -1.39312 0.919817 -0.766815 -1.75586 
1.57492 -0.638122 -0.979789 1.19051 -0.74785 -1.39444 0.918003 -0.759201 -1.75669 
1.57488 -0.638123 -0.979794 1.18963 -0.742894 -1.39526 0.916681 -0.754802 -1.75698 
1.57494 -0.638081 -0.979814 1.1884 -0.737928 -1.3952 0.914726 -0.750403 -1.75627 
1.57496 -0.638023 -0.979645 1.18535 -0.731565 -1.39403 0.912862 -0.742702 -1.75682 
1.5748 -0.637982 -0.979385 1.18571 -0.726475 -1.39519 0.911434 -0.736085 -1.75652 
1.57471 -0.637873 -0.979324 1.18489 -0.722442 -1.39521 0.909513 -0.728424 -1.7558 
1.5746 -0.63772 -0.979202 1.18353 -0.716778 -1.39501 0.907983 -0.716054 -1.75519 
1.57436 -0.637532 -0.979006 1.18294 -0.712442 -1.39488 0.90701 -0.706391 -1.75516 
1.57427 -0.637481 -0.978937 1.17992 -0.707632 -1.3942 0.905822 -0.697469 -1.75424 
1.574 -0.637237 -0.978712 1.18116 -0.701402 -1.39547 0.906024 -0.685408 -1.75529 
1.57372 -0.637016 -0.97858 1.17854 -0.697084 -1.39457 0.905662 -0.677809 -1.75541 
1.57344 -0.636772 -0.978411 1.18027 -0.693093 -1.3963 0.906484 -0.670971 -1.75692 
1.57312 -0.636316 -0.978312 1.17969 -0.688037 -1.39714 0.905891 -0.663246 -1.75712 
1.57302 -0.636641 -0.97842 1.17764 -0.684255 -1.3971 0.905782 -0.657734 -1.75798 
1.57291 -0.636825 -0.97863 1.17868 -0.680792 -1.39831 0.904621 -0.652034 -1.75797 
1.57272 -0.636985 -0.979221 1.17865 -0.675947 -1.39886 0.90437 -0.645978 -1.75886 
1.57272 -0.637137 -0.979696 1.17799 -0.671741 -1.39863 0.903681 -0.642369 -1.75898 
1.57272 -0.637123 -0.97982 1.17777 -0.670612 -1.39853 0.902396 -0.642154 -1.75787 
1.57285 -0.637214 -0.979967 1.17744 -0.669998 -1.3979 0.901432 -0.64242 -1.75698 
1.57296 -0.637313 -0.97999 1.17709 -0.670067 -1.39736 0.900997 -0.643 -1.75621 
1.57315 -0.637403 -0.979975 1.17711 -0.669556 -1.3967 0.900496 -0.643305 -1.75555 
1.57324 -0.637377 -0.979896 1.17694 -0.667717 -1.39598 0.900154 -0.642892 -1.75499 
1.57318 -0.637353 -0.979654 1.17681 -0.665811 -1.39562 0.899969 -0.641984 -1.75486 
1.57322 -0.637238 -0.979326 1.17675 -0.664002 -1.39545 0.899731 -0.64057 -1.75518 
1.57316 -0.637073 -0.979067 1.17501 -0.661342 -1.39415 0.89814 -0.638763 -1.75436 
1.57303 -0.637003 -0.979 1.1761 -0.659621 -1.39469 0.89744 -0.637734 -1.75401 
1.57299 -0.636949 -0.979014 1.1758 -0.658492 -1.39432 0.896756 -0.636377 -1.7531 
1.57303 -0.637064 -0.979047 1.17338 -0.657555 -1.39216 0.894849 -0.636197 -1.75134 
1.57293 -0.637079 -0.979278 1.1727 -0.656337 -1.39124 0.893781 -0.6357 -1.7503 
1.57304 -0.63712 -0.979084 1.17203 -0.65516 -1.39092 0.893041 -0.635137 -1.74956 
1.57291 -0.63693 -0.979037 1.17215 -0.654258 -1.39076 0.892443 -0.634337 -1.74889 
1.5728 -0.636812 -0.978974 1.17218 -0.654233 -1.39081 0.892521 -0.634206 -1.74887 
1.57284 -0.636462 -0.978887 1.17209 -0.65442 -1.39085 0.892824 -0.634389 -1.7492 
1.57282 -0.63644 -0.978729 1.17226 -0.6549 -1.39096 0.89332 -0.634463 -1.74969 
1.57283 -0.636499 -0.978736 1.17254 -0.655276 -1.39108 0.893525 -0.634533 -1.74986 
1.57278 -0.636471 -0.978749 1.17248 -0.65518 -1.3912 0.893699 -0.634502 -1.75013 
1.5727 -0.636463 -0.978702 1.1726 -0.655085 -1.3911 0.89369 -0.634647 -1.75022 
1.57281 -0.636766 -0.978876 1.17246 -0.654645 -1.39132 0.893686 -0.634634 -1.7502 
1.57279 -0.636894 -0.978843 1.17257 -0.654545 -1.3913 0.89365 -0.634727 -1.75007 
1.57277 -0.636854 -0.978821 1.17246 -0.654335 -1.39132 0.893688 -0.634889 -1.75003 
1.57277 -0.636536 -0.97877 1.17283 -0.654483 -1.39114 0.893794 -0.634992 -1.7501 
1.57277 -0.636868 -0.97878 1.17268 -0.654434 -1.39126 0.893858 -0.634938 -1.7503 
1.57282 -0.636758 -0.978793 1.17284 -0.654588 -1.39137 0.894082 -0.634673 -1.75034 
1.57276 -0.636816 -0.978739 1.173 -0.655069 -1.39122 0.894097 -0.634744 -1.75038 
1.57275 -0.636449 -0.97869 1.17291 -0.655091 -1.39148 0.894138 -0.634717 -1.7504 
1.57274 -0.636438 -0.978761 1.17314 -0.655289 -1.39149 0.894217 -0.634753 -1.75057 
1.57268 -0.636412 -0.978768 1.17299 -0.655136 -1.39161 0.894296 -0.634848 -1.75067 
1.57265 -0.636377 -0.978778 1.17321 -0.655072 -1.39162 0.894434 -0.635162 -1.75085 
1.57234 -0.636359 -0.979031 1.17349 -0.654864 -1.3916 0.894564 -0.635295 -1.75087 
1.57261 -0.635889 -0.978908 1.17357 -0.655044 -1.39165 0.894785 -0.635184 -1.75098 
1.57251 -0.636255 -0.978707 1.17375 -0.655296 -1.39173 0.894991 -0.635415 -1.75115 
1.57258 -0.635822 -0.978831 1.17385 -0.655393 -1.39185 0.895259 -0.635643 -1.75142 
1.57249 -0.635759 -0.978662 1.17419 -0.655989 -1.39191 0.896198 -0.635956 -1.75207 
1.57243 -0.63559 -0.978703 1.17597 -0.656891 -1.39385 0.89663 -0.636598 -1.75252 
1.57232 -0.635602 -0.978649 1.17671 -0.658431 -1.39465 0.897385 -0.639126 -1.75338 
1.57213 -0.635465 -0.978909 1.17708 -0.66046 -1.39532 0.899403 -0.641203 -1.75503 
1.57205 -0.635469 -0.978814 1.17741 -0.663321 -1.39571 0.900189 -0.644331 -1.75553 
1.57207 -0.635468 -0.978951 1.1779 -0.666024 -1.39663 0.900641 -0.650807 -1.75547 
1.572 -0.635512 -0.978984 1.1785 -0.669137 -1.3976 0.901776 -0.655215 -1.75619 
1.57207 -0.63555 -0.979073 1.1767 -0.672509 -1.39601 0.901776 -0.659714 -1.75606 
1.57214 -0.635618 -0.979085 1.17701 -0.676563 -1.39576 0.901344 -0.667517 -1.75482 
1.57241 -0.635704 -0.978836 1.17719 -0.679865 -1.39512 0.901107 -0.675114 -1.75372 
1.57257 -0.635734 -0.978724 1.17798 -0.684543 -1.39433 0.902327 -0.683849 -1.75389 
1.57265 -0.636054 -0.978448 1.18034 -0.692117 -1.39477 0.902916 -0.69872 -1.75292 
1.57272 -0.636065 -0.978397 1.18098 -0.699163 -1.39401 0.903381 -0.713395 -1.7517 
1.57293 -0.636168 -0.978345 1.18032 -0.706829 -1.39239 0.905335 -0.730576 -1.751 
1.57293 -0.636093 -0.978221 1.18354 -0.719868 -1.39207 0.907573 -0.756205 -1.74933 
1.57299 -0.636154 -0.978197 1.18326 -0.730247 -1.38995 0.910184 -0.776641 -1.74727 
1.57311 -0.636277 -0.978212 1.18695 -0.741025 -1.38965 0.913883 -0.797559 -1.74682 
1.57324 -0.636763 -0.978399 1.18967 -0.755472 -1.38768 0.918168 -0.826393 -1.74272 
1.57336 -0.63701 -0.978505 1.19219 -0.766712 -1.38613 0.92231 -0.848188 -1.74072 
1.57349 -0.637164 -0.978692 1.19474 -0.778201 -1.38378 0.92593 -0.869144 -1.73703 
1.57369 -0.637537 -0.978979 1.19862 -0.793357 -1.38064 0.931447 -0.896743 -1.73159 
1.5738 -0.637684 -0.97907 1.20113 -0.804428 -1.37751 0.935834 -0.916731 -1.72768 
1.57399 -0.637729 -0.979208 1.20492 -0.815358 -1.37481 0.940398 -0.937225 -1.72233 
1.57408 -0.63765 -0.979114 1.20958 -0.829629 -1.37033 0.948915 -0.964156 -1.71589 
1.57408 -0.637634 -0.978933 1.21374 -0.840396 -1.36701 0.955681 -0.984887 -1.71109 
1.57416 -0.637532 -0.97869 1.21867 -0.851108 -1.3641 0.963529 -1.00606 -1.70618 
1.57424 -0.637402 -0.978253 1.22483 -0.865494 -1.35938 0.975143 -1.03257 -1.69993 
1.57484 -0.636797 -0.978403 1.23012 -0.876787 -1.35574 0.9836 -1.05231 -1.6946 
1.57504 -0.636799 -0.978384 1.23554 -0.886881 -1.35225 0.993968 -1.07068 -1.69067 
1.57533 -0.637013 -0.978411 1.24335 -0.899731 -1.34792 1.00712 -1.09596 -1.68125 
1.5756 -0.637659 -0.978466 1.24909 -0.908964 -1.34483 1.01658 -1.11232 -1.676 
1.57593 -0.637819 -0.978718 1.25471 -0.917597 -1.34159 1.02654 -1.12804 -1.67179 
1.57763 -0.637819 -0.9795 1.26217 -0.928589 -1.33726 1.03843 -1.14862 -1.66513 
1.57768 -0.638691 -0.979078 1.26775 -0.935755 -1.3347 1.04709 -1.16256 -1.65915 
1.57764 -0.639336 -0.978906 1.27357 -0.943072 -1.33163 1.05665 -1.17594 -1.65482 
1.57835 -0.639149 -0.978988 1.28153 -0.953108 -1.32754 1.06949 -1.19215 -1.64923 
1.57862 -0.639224 -0.978911 1.28744 -0.959486 -1.32506 1.07838 -1.20483 -1.64471 
1.57874 -0.63936 -0.978862 1.29318 -0.966103 -1.32167 1.0887 -1.21736 -1.64041 
1.57895 -0.639382 -0.978932 1.30111 -0.975458 -1.3168 1.10354 -1.23427 -1.63304 
1.57906 -0.639548 -0.978878 1.30714 -0.982353 -1.31284 1.11362 -1.2475 -1.6276 
1.57888 -0.640084 -0.978694 1.31435 -0.989763 -1.30885 1.12495 -1.26107 -1.62034 
1.57929 -0.640019 -0.978552 1.32338 -0.999489 -1.30229 1.1408 -1.28057 -1.60974 
1.57993 -0.640108 -0.979049 1.33355 -1.00956 -1.295 1.15812 -1.2996 -1.59887 
1.58018 -0.640674 -0.979163 1.33855 -1.01498 -1.29031 1.16791 -1.30915 -1.59182 
1.58071 -0.640911 -0.979251 1.34997 -1.02542 -1.28077 1.18592 -1.33031 -1.57605 
1.58124 -0.641278 -0.979244 1.35935 -1.03372 -1.2727 1.19987 -1.34484 -1.56457 
1.58222 -0.641811 -0.979602 1.36925 -1.04232 -1.2631 1.21479 -1.36091 -1.54976 
1.58301 -0.642245 -0.979741 1.38361 -1.05365 -1.24862 1.23563 -1.38053 -1.52901 
1.58359 -0.642667 -0.97978 1.39527 -1.06209 -1.23655 1.25198 -1.39509 -1.5124 
1.58538 -0.643084 -0.980566 1.40822 -1.07056 -1.22327 1.26894 -1.41035 -1.4941 
0
0
0
0
0
0
0
0
0
0
0
0
0
0
0
0
0
0
0
0
0
0
0
0
0
0
0
0
0
0
0
0
0
0
0
0
0
0
0
0
0
0
0
0
0
0
0
0
0
0
0
0
0
0
0
0
0
0
0
0
0
1.59 -0.643634 -0.977896 1.42124 -1.07933 -1.1768 1.24458 -1.41551 -1.43934 
1.58962 -0.643703 -0.978169 1.41291 -1.07483 -1.18702 1.23133 -1.40266 -1.4563 
1.58875 -0.643708 -0.978914 1.39959 -1.06719 -1.2034 1.21016 -1.38114 -1.48329 
1.58843 -0.643687 -0.979144 1.39426 -1.06368 -1.20955 1.20128 -1.37237 -1.49213 
1.58746 -0.643899 -0.979114 1.38584 -1.05846 -1.21789 1.18936 -1.3596 -1.50652 
1.58706 -0.64371 -0.979623 1.37731 -1.05306 -1.22612 1.17641 -1.34804 -1.51843 
1.58639 -0.643544 -0.979763 1.36628 -1.04553 -1.2356 1.16264 -1.33176 -1.53372 
1.58543 -0.642694 -0.980008 1.35383 -1.03618 -1.24577 1.1437 -1.31227 -1.54936 
1.58579 -0.642312 -0.980299 1.3516 -1.03414 -1.24799 1.14123 -1.30758 -1.55352 
1.58409 -0.642427 -0.979329 1.34207 -1.02604 -1.2555 1.12707 -1.29301 -1.56389 
1.58386 -0.642303 -0.979385 1.33514 -1.01998 -1.26072 1.11879 -1.28062 -1.57301 
1.58364 -0.642066 -0.979295 1.32779 -1.01358 -1.26562 1.1083 -1.26964 -1.57916 
1.58319 -0.641287 -0.978931 1.3195 -1.00529 -1.27201 1.09675 -1.25278 -1.59019 
1.58282 -0.640926 -0.97857 1.31091 -0.996122 -1.27926 1.08461 -1.23527 -1.60121 
1.58241 -0.640685 -0.978096 1.3066 -0.991266 -1.28303 1.07905 -1.22561 -1.60815 
1.58208 -0.640509 -0.977995 1.2993 -0.982056 -1.29063 1.06603 -1.20418 -1.61996 
1.58161 -0.640567 -0.977831 1.29343 -0.974097 -1.29704 1.05789 -1.18736 -1.62993 
1.58104 -0.640541 -0.978095 1.28421 -0.961146 -1.30657 1.04156 -1.15772 -1.64418 
1.58128 -0.640534 -0.978626 1.28058 -0.955744 -1.31056 1.03453 -1.14507 -1.65097 
1.58101 -0.640555 -0.978985 1.27468 -0.94743 -1.3163 1.0255 -1.12619 -1.65901 
1.58066 -0.640689 -0.979643 1.2688 -0.938752 -1.32214 1.01594 -1.10638 -1.66739 
1.58036 -0.641209 -0.980226 1.26057 -0.926226 -1.32897 1.00227 -1.0795 -1.67937 
1.58028 -0.641045 -0.980752 1.2546 -0.916325 -1.33394 0.992114 -1.05948 -1.68523 
1.57973 -0.640941 -0.981317 1.24477 -0.900031 -1.34073 0.976936 -1.02608 -1.69385 
1.57921 -0.640744 -0.981284 1.24162 -0.893834 -1.34332 0.972329 -1.01258 -1.69826 
1.57878 -0.640493 -0.981334 1.23616 -0.884371 -1.34669 0.96412 -0.993177 -1.70182 
1.57847 -0.640317 -0.981376 1.23065 -0.874818 -1.34959 0.956008 -0.974826 -1.70554 
1.57695 -0.639771 -0.980701 1.22163 -0.858629 -1.35398 0.945471 -0.944976 -1.71134 
1.57674 -0.63952 -0.980667 1.21853 -0.85197 -1.35583 0.940751 -0.933485 -1.71371 
1.57635 -0.638891 -0.98031 1.21362 -0.841277 -1.3582 0.935577 -0.915574 -1.71741 
1.57594 -0.638628 -0.980066 1.20835 -0.826991 -1.3616 0.929684 -0.891768 -1.72143 
1.57522 -0.638045 -0.979889 1.2034 -0.812092 -1.36531 0.922988 -0.863032 -1.72631 
1.57509 -0.638045 -0.979854 1.20226 -0.8093 -1.36614 0.921243 -0.857926 -1.72643 
1.57501 -0.638058 -0.979921 1.19934 -0.799169 -1.36911 0.918944 -0.836762 -1.73079 
1.575 -0.638161 -0.980006 1.1974 -0.791514 -1.37126 0.916029 -0.822193 -1.73337 
1.57528 -0.638626 -0.98034 1.19417 -0.777548 -1.37481 0.913403 -0.799745 -1.73761 
1.5753 -0.638772 -0.980446 1.19296 -0.772102 -1.37615 0.911943 -0.791288 -1.73921 
1.57551 -0.639263 -0.980766 1.19127 -0.763889 -1.37836 0.909296 -0.777832 -1.74 
1.57657 -0.639114 -0.982543 1.18734 -0.751375 -1.3799 0.907789 -0.75378 -1.74354 
1.57646 -0.639221 -0.982618 1.18615 -0.746685 -1.38067 0.906388 -0.744808 -1.74372 
1.57593 -0.639342 -0.98284 1.18561 -0.735312 -1.38318 0.902699 -0.723909 -1.74443 
1.57582 -0.639381 -0.982892 1.18412 -0.728212 -1.38406 0.90181 -0.711881 -1.74589 
1.57553 -0.639308 -0.982804 1.18193 -0.716299 -1.38514 0.899718 -0.694648 -1.74578 
1.57556 -0.639174 -0.982796 1.18154 -0.714403 -1.38514 0.898398 -0.691292 -1.74523 
1.57528 -0.639114 -0.982605 1.17811 -0.705647 -1.38459 0.898057 -0.677587 -1.74629 
1.57509 -0.639005 -0.982491 1.1775 -0.699048 -1.3852 0.897113 -0.668034 -1.74618 
1.57405 -0.638292 -0.981254 1.17806 -0.688625 -1.38692 0.896202 -0.650073 -1.74642 
1.57494 -0.637727 -0.982617 1.17785 -0.684672 -1.38726 0.895862 -0.64399 -1.74664 
1.57476 -0.638945 -0.982515 1.17701 -0.676372 -1.38795 0.89598 -0.633508 -1.74891 
1.57455 -0.638643 -0.982646 1.177 -0.671842 -1.38839 0.89405 -0.632927 -1.7484 
1.57466 -0.638994 -0.982935 1.17694 -0.671194 -1.38795 0.892766 -0.634859 -1.74762 
1.57466 -0.639174 -0.983034 1.17656 -0.671153 -1.38747 0.89182 -0.636463 -1.74692 
1.57473 -0.639442 -0.983334 1.17524 -0.671098 -1.38656 0.889291 -0.636978 -1.7444 
1.5748 -0.639552 -0.983352 1.17307 -0.669692 -1.38515 0.888921 -0.636077 -1.74402 
1.57482 -0.639584 -0.983369 1.17433 -0.667413 -1.38596 0.888789 -0.633559 -1.74412 
1.57475 -0.63936 -0.983295 1.1744 -0.66282 -1.38541 0.888076 -0.631565 -1.74459 
1.57462 -0.639277 -0.983155 1.17462 -0.661264 -1.38566 0.887946 -0.630876 -1.74479 
1.57465 -0.639128 -0.983012 1.17473 -0.660862 -1.38561 0.88791 -0.629943 -1.74501 
1.57468 -0.639029 -0.982793 1.17527 -0.662118 -1.38578 0.888266 -0.630684 -1.74488 
1.57464 -0.639051 -0.982699 1.17582 -0.663235 -1.38618 0.888639 -0.631587 -1.74494 
1.57469 -0.639053 -0.982644 1.17654 -0.664916 -1.38717 0.889678 -0.632567 -1.74535 
1.57472 -0.637865 -0.982652 1.1762 -0.667158 -1.38819 0.892495 -0.63413 -1.74817 
1.57478 -0.637737 -0.982709 1.17839 -0.669043 -1.38965 0.893248 -0.634349 -1.74891 
1.57467 -0.637784 -0.982746 1.17789 -0.670598 -1.39051 0.894261 -0.634904 -1.74965 
1.57443 -0.638548 -0.982766 1.18056 -0.677009 -1.39226 0.896605 -0.638518 -1.75017 
1.57451 -0.638594 -0.982869 1.18103 -0.680594 -1.39269 0.897491 -0.640365 -1.75012 
1.57463 -0.639176 -0.983109 1.18189 -0.68615 -1.39321 0.899877 -0.643861 -1.75144 
1.57484 -0.6393 -0.983256 1.18089 -0.696842 -1.39251 0.902799 -0.651909 -1.75086 
1.57488 -0.63936 -0.983151 1.18149 -0.701029 -1.39272 0.903283 -0.656076 -1.75008 
1.57499 -0.639385 -0.983187 1.18374 -0.707932 -1.39278 0.905444 -0.663131 -1.75118 
1.57514 -0.639319 -0.983063 1.18529 -0.720674 -1.39089 0.906956 -0.682965 -1.75003 
1.57519 -0.63923 -0.982952 1.18424 -0.726015 -1.38879 0.908162 -0.69285 -1.75052 
1.57523 -0.639035 -0.982674 1.18756 -0.734435 -1.38846 0.908906 -0.709743 -1.74924 
1.57452 -0.638687 -0.981144 1.18776 -0.750079 -1.38391 0.91133 -0.742486 -1.74737 
1.5745 -0.638596 -0.980922 1.19079 -0.756664 -1.38361 0.912624 -0.756202 -1.74625 
1.57462 -0.638113 -0.98047 1.19099 -0.767802 -1.38027 0.914899 -0.778109 -1.74294 
1.57473 -0.638068 -0.980246 1.19503 -0.78619 -1.37575 0.919296 -0.81544 -1.73868 
1.57484 -0.638065 -0.980222 1.19858 -0.79371 -1.37467 0.921726 -0.830226 -1.73578 
1.57486 -0.638061 -0.980153 1.20145 -0.80508 -1.37128 0.925105 -0.852369 -1.7327 
1.57511 -0.638061 -0.980073 1.20654 -0.822374 -1.36586 0.931277 -0.887819 -1.72527 
1.57526 -0.638443 -0.980136 1.20893 -0.829369 -1.36337 0.934746 -0.900883 -1.72224 
1.57573 -0.638456 -0.98035 1.21251 -0.839572 -1.35987 0.938794 -0.92157 -1.7167 
1.57578 -0.638498 -0.980171 1.21981 -0.85753 -1.35327 0.948277 -0.954157 -1.70879 
1.57584 -0.638439 -0.980119 1.22294 -0.864648 -1.35063 0.952607 -0.967684 -1.70514 
1.57592 -0.638428 -0.980009 1.22782 -0.875762 -1.34628 0.959408 -0.989679 -1.69912 
1.57611 -0.637935 -0.979838 1.23747 -0.895042 -1.3381 0.974207 -1.02871 -1.68839 
1.57627 -0.637889 -0.979815 1.24159 -0.903136 -1.33501 0.98016 -1.04564 -1.68296 
1.57625 -0.6385 -0.979711 1.24811 -0.914437 -1.32989 0.990734 -1.07067 -1.67556 
1.57754 -0.63835 -0.980377 1.26041 -0.933896 -1.32061 1.01191 -1.11181 -1.65971 
1.57769 -0.63842 -0.980384 1.26573 -0.941378 -1.31651 1.02055 -1.12809 -1.65401 
1.57777 -0.639387 -0.979837 1.27384 -0.953141 -1.31011 1.03226 -1.15243 -1.64381 
1.57844 -0.6398 -0.980068 1.28804 -0.970559 -1.29909 1.05475 -1.19016 -1.62594 
1.57869 -0.639902 -0.980132 1.29401 -0.977274 -1.29458 1.06443 -1.20401 -1.61934 
1.57905 -0.640102 -0.980076 1.30318 -0.987341 -1.28744 1.07994 -1.22573 -1.60855 
1.57994 -0.640492 -0.980151 1.31903 -1.00319 -1.27466 1.10516 -1.26105 -1.58777 
1.58038 -0.640446 -0.980198 1.32508 -1.00946 -1.26933 1.11643 -1.27443 -1.5803 
1.58066 -0.640676 -0.97997 1.33404 -1.01837 -1.26135 1.13188 -1.294 -1.56727 
1.5815 -0.641295 -0.979868 1.34946 -1.03115 -1.24857 1.15763 -1.32331 -1.54609 
1.58206 -0.64139 -0.980042 1.35544 -1.03588 -1.24316 1.16754 -1.33269 -1.53941 
1.58264 -0.641553 -0.979701 1.36763 -1.04493 -1.23252 1.18669 -1.35275 -1.52227 
1.58319 -0.641814 -0.979443 1.38166 -1.05508 -1.21993 1.20916 -1.37317 -1.50402 
1.58336 -0.641799 -0.97941 1.38463 -1.05697 -1.21712 1.21224 -1.37786 -1.49935 
1.5849 -0.641648 -0.979554 1.39745 -1.06477 -1.20463 1.23281 -1.39315 -1.48157 
1.58535 -0.641668 -0.979447 1.40559 -1.0693 -1.19766 1.24394 -1.40074 -1.47317 
1.58558 -0.641932 -0.978722 1.41787 -1.07617 -1.18444 1.26088 -1.41321 -1.45645 
0
0
0
0
0
0
0
0
0
0
0
0
0
0
0
0
0
0
0
0
0
0
0
0
0
0
0
0
0
0
0
0
0
0
0
0
0
0
0
0
0
0
0
0
0
0
0
0
0
0
0
0
0
0
0
0
0
0
0
1.58777 -0.641528 -0.977682 1.42029 -1.07661 -1.16932 1.24193 -1.41476 -1.43175 
1.58762 -0.641458 -0.977717 1.41619 -1.07479 -1.17456 1.23615 -1.40908 -1.43964 
1.5873 -0.641145 -0.97788 1.40916 -1.0703 -1.18569 1.22295 -1.39685 -1.45653 
1.58712 -0.641658 -0.978264 1.40159 -1.06594 -1.19634 1.2105 -1.38368 -1.47395 
1.58693 -0.641828 -0.978345 1.39746 -1.06351 -1.20125 1.20423 -1.37595 -1.48328 
1.58661 -0.641978 -0.978825 1.38955 -1.05782 -1.2123 1.19029 -1.36075 -1.50001 
1.58621 -0.642016 -0.97902 1.38128 -1.05169 -1.22289 1.17635 -1.34402 -1.51722 
1.58604 -0.641766 -0.979459 1.37753 -1.04855 -1.22795 1.1699 -1.33446 -1.52717 
1.58557 -0.641815 -0.97979 1.36858 -1.04225 -1.2384 1.15506 -1.31684 -1.54346 
1.5852 -0.641953 -0.979997 1.36056 -1.0357 -1.24796 1.14155 -1.29764 -1.55986 
1.58407 -0.642368 -0.979454 1.35632 -1.03173 -1.25298 1.13346 -1.28802 -1.56692 
1.58375 -0.642274 -0.979618 1.34712 -1.02413 -1.26228 1.11884 -1.26757 -1.58173 
1.58334 -0.642173 -0.979786 1.33922 -1.01616 -1.27067 1.10577 -1.24591 -1.59695 
1.58316 -0.642125 -0.979911 1.33499 -1.0118 -1.27475 1.099 -1.23583 -1.60292 
1.58276 -0.641951 -0.979895 1.32686 -1.00402 -1.28241 1.08587 -1.21458 -1.61501 
1.58231 -0.641823 -0.980166 1.31993 -0.995708 -1.29023 1.07426 -1.19482 -1.62608 
1.5821 -0.641765 -0.980165 1.31577 -0.991907 -1.2933 1.06873 -1.18547 -1.63087 
1.58144 -0.64167 -0.98002 1.30881 -0.983701 -1.30016 1.0582 -1.16711 -1.64066 
1.58085 -0.641194 -0.979753 1.30174 -0.975164 -1.30635 1.04863 -1.14897 -1.65061 
1.58078 -0.641275 -0.980056 1.29813 -0.971137 -1.3096 1.04354 -1.14045 -1.65502 
1.58043 -0.640948 -0.979888 1.2913 -0.961746 -1.31603 1.03453 -1.12183 -1.66354 
1.58031 -0.641429 -0.980164 1.2842 -0.952049 -1.32238 1.02511 -1.10287 -1.67211 
1.58034 -0.641436 -0.980301 1.28088 -0.946802 -1.32584 1.01877 -1.09123 -1.6787 
1.58008 -0.641512 -0.980412 1.27393 -0.935871 -1.33218 1.00786 -1.06908 -1.68605 
1.57985 -0.641138 -0.980942 1.26724 -0.924971 -1.33819 0.998616 -1.04423 -1.69491 
1.57971 -0.641194 -0.981001 1.26395 -0.920122 -1.34071 0.993921 -1.03171 -1.69864 
1.57919 -0.641167 -0.981165 1.25725 -0.908797 -1.34646 0.983202 -1.00762 -1.70437 
1.57872 -0.640911 -0.981223 1.25088 -0.897606 -1.35143 0.974681 -0.983377 -1.71139 
1.57852 -0.640766 -0.981088 1.24726 -0.891581 -1.35346 0.970269 -0.972451 -1.71357 
1.57822 -0.640477 -0.980965 1.24066 -0.879928 -1.35779 0.961563 -0.950401 -1.71839 
1.57784 -0.640027 -0.980512 1.23347 -0.866647 -1.36159 0.954216 -0.92649 -1.72393 
1.57761 -0.639878 -0.980368 1.23058 -0.859041 -1.36402 0.949689 -0.914252 -1.72548 
1.57663 -0.63959 -0.980259 1.22461 -0.845555 -1.3678 0.943345 -0.888588 -1.7306 
1.57625 -0.638959 -0.980151 1.21768 -0.829645 -1.37147 0.934741 -0.857517 -1.73419 
1.5761 -0.638937 -0.98011 1.21704 -0.826647 -1.37213 0.932843 -0.852067 -1.73449 
1.57586 -0.638841 -0.980245 1.21199 -0.815263 -1.37426 0.925743 -0.828919 -1.73554 
1.57526 -0.638725 -0.980374 1.20658 -0.801168 -1.37663 0.919869 -0.80333 -1.73672 
1.57526 -0.638745 -0.980369 1.20523 -0.798033 -1.37699 0.918456 -0.797941 -1.73721 
1.57509 -0.638596 -0.980348 1.20099 -0.78641 -1.37808 0.913954 -0.780415 -1.73807 
1.57485 -0.638011 -0.980241 1.19734 -0.775052 -1.37906 0.910565 -0.76368 -1.73872 
1.57479 -0.637973 -0.98018 1.19587 -0.769382 -1.37995 0.908807 -0.755757 -1.73908 
1.57451 -0.637874 -0.979958 1.19315 -0.760203 -1.38065 0.906084 -0.740967 -1.73929 
1.57429 -0.637698 -0.979694 1.19167 -0.751746 -1.38191 0.905497 -0.726175 -1.74131 
1.57424 -0.637515 -0.979666 1.1909 -0.748158 -1.38217 0.904839 -0.720122 -1.74174 
1.57408 -0.63752 -0.979657 1.18711 -0.740437 -1.38198 0.903312 -0.709098 -1.74201 
1.57389 -0.63753 -0.979573 1.18821 -0.733936 -1.38398 0.903597 -0.699926 -1.74373 
1.57394 -0.637468 -0.979626 1.18765 -0.730791 -1.38436 0.903553 -0.695886 -1.74447 
1.57373 -0.637634 -0.979938 1.18725 -0.724888 -1.38586 0.903461 -0.688488 -1.74636 
1.57373 -0.637646 -0.980173 1.18464 -0.718959 -1.38587 0.903655 -0.681642 -1.74796 
1.57369 -0.637629 -0.980253 1.18595 -0.716302 -1.38745 0.903359 -0.678229 -1.74806 
1.57372 -0.63761 -0.980339 1.18572 -0.710605 -1.38867 0.903837 -0.669012 -1.74958 
1.57368 -0.637612 -0.980477 1.18489 -0.704661 -1.38978 0.903085 -0.659396 -1.74981 
1.57359 -0.63761 -0.980413 1.18473 -0.700865 -1.3906 0.903672 -0.65278 -1.75072 
1.57349 -0.637587 -0.98042 1.18303 -0.693976 -1.39058 0.904685 -0.640791 -1.75282 
1.57345 -0.637592 -0.980299 1.1825 -0.688033 -1.39192 0.904729 -0.63584 -1.75435 
1.57347 -0.637516 -0.980307 1.18435 -0.68625 -1.39295 0.904762 -0.635845 -1.75523 
1.57336 -0.637317 -0.980121 1.18404 -0.685224 -1.3925 0.903895 -0.639251 -1.75551 
1.57328 -0.637316 -0.979963 1.18332 -0.685467 -1.39163 0.90287 -0.641583 -1.75476 
1.57334 -0.637327 -0.979936 1.18305 -0.685312 -1.39127 0.902835 -0.64038 -1.75465 
1.5734 -0.637302 -0.979949 1.18224 -0.683598 -1.39111 0.901621 -0.638645 -1.75335 
1.57349 -0.637372 -0.979888 1.18152 -0.678953 -1.38994 0.900106 -0.633787 -1.75228 
1.57348 -0.637347 -0.979829 1.18132 -0.676455 -1.38963 0.898726 -0.632632 -1.75118 
1.5737 -0.63731 -0.979556 1.18089 -0.673688 -1.38906 0.897836 -0.631693 -1.75096 
1.57379 -0.637067 -0.979202 1.17897 -0.671497 -1.38709 0.896978 -0.629309 -1.75009 
1.57374 -0.637019 -0.979057 1.17864 -0.671514 -1.38686 0.896821 -0.62827 -1.74981 
1.57383 -0.636957 -0.978999 1.17827 -0.671612 -1.38666 0.89583 -0.627856 -1.74848 
1.57377 -0.637011 -0.978837 1.17816 -0.671531 -1.38647 0.895573 -0.627644 -1.74808 
1.57384 -0.636957 -0.978837 1.17814 -0.671305 -1.38652 0.895435 -0.627495 -1.74818 
1.57386 -0.636947 -0.9788 1.17858 -0.671265 -1.3867 0.895746 -0.627344 -1.74822 
1.57373 -0.636815 -0.978827 1.17961 -0.672088 -1.38738 0.896914 -0.627267 -1.74947 
1.57369 -0.636784 -0.978792 1.18127 -0.672801 -1.38897 0.897261 -0.627516 -1.74984 
1.57359 -0.636725 -0.978789 1.18168 -0.673521 -1.38965 0.897737 -0.627896 -1.75044 
1.57368 -0.636928 -0.978943 1.18226 -0.67474 -1.39053 0.89835 -0.628843 -1.75158 
1.57361 -0.636929 -0.978963 1.18237 -0.674866 -1.39064 0.898257 -0.630155 -1.75148 
1.57357 -0.636903 -0.979027 1.18243 -0.673835 -1.3905 0.898269 -0.630965 -1.75162 
1.5736 -0.636891 -0.979028 1.18244 -0.672668 -1.39016 0.897985 -0.630865 -1.75142 
1.57364 -0.636923 -0.978981 1.18269 -0.672097 -1.39009 0.897867 -0.630567 -1.75136 
1.57369 -0.636931 -0.979028 1.1826 -0.672027 -1.38992 0.89763 -0.630652 -1.75103 
1.57365 -0.636961 -0.978909 1.18262 -0.672262 -1.38981 0.897778 -0.631341 -1.75093 
1.57367 -0.636931 -0.978909 1.18264 -0.672376 -1.38985 0.897918 -0.631607 -1.75099 
1.57362 -0.636873 -0.9788 1.18274 -0.67321 -1.38998 0.89834 -0.632275 -1.75087 
1.57331 -0.636689 -0.978687 1.18394 -0.676885 -1.39113 0.900565 -0.634031 -1.7525 
1.57334 -0.636633 -0.978745 1.18427 -0.67865 -1.39175 0.901433 -0.63529 -1.75317 
1.57311 -0.636624 -0.978721 1.1834 -0.682596 -1.39223 0.903292 -0.638086 -1.75412 
1.5729 -0.636671 -0.978944 1.18426 -0.692472 -1.39334 0.905082 -0.644368 -1.75362 
1.57285 -0.636647 -0.979064 1.18628 -0.697392 -1.39467 0.906042 -0.64787 -1.75365 
1.5726 -0.636859 -0.979375 1.1868 -0.705215 -1.39481 0.908737 -0.6543 -1.75503 
1.57279 -0.636951 -0.979629 1.18685 -0.718708 -1.39348 0.910254 -0.672199 -1.75408 
1.57294 -0.636965 -0.979666 1.18989 -0.724616 -1.39401 0.912634 -0.681829 -1.75555 
1.57315 -0.637123 -0.979763 1.19121 -0.734084 -1.39238 0.913321 -0.70087 -1.75449 
1.57355 -0.637194 -0.979576 1.19527 -0.757107 -1.38847 0.918208 -0.748756 -1.75302 
1.57353 -0.637174 -0.979512 1.19649 -0.761294 -1.38791 0.919734 -0.757652 -1.7525 
1.57377 -0.637301 -0.979465 1.20042 -0.779292 -1.3838 0.923473 -0.796461 -1.74866 
1.57417 -0.637497 -0.979557 1.20545 -0.802562 -1.37747 0.930688 -0.847116 -1.74179 
1.57425 -0.637534 -0.9796 1.20682 -0.807134 -1.37641 0.931073 -0.85719 -1.73904 
1.57453 -0.637882 -0.979665 1.21189 -0.825062 -1.37051 0.939247 -0.895746 -1.73177 
1.57495 -0.637995 -0.979768 1.21883 -0.842722 -1.3647 0.94782 -0.932357 -1.72415 
1.57506 -0.63807 -0.979753 1.21979 -0.850987 -1.36075 0.952024 -0.949398 -1.71945 
1.57578 -0.638029 -0.979954 1.22844 -0.86636 -1.35552 0.96148 -0.981293 -1.71096 
1.57594 -0.638651 -0.979749 1.23524 -0.880553 -1.34976 0.971031 -1.00989 -1.70218 
1.57608 -0.638715 -0.979694 1.23915 -0.88764 -1.3466 0.976035 -1.02383 -1.69832 
1.57611 -0.638791 -0.979517 1.24698 -0.901628 -1.34072 0.986662 -1.04954 -1.69 
1.5762 -0.638794 -0.979459 1.25518 -0.915666 -1.3341 0.999245 -1.0739 -1.68215 
1.5762 -0.638895 -0.979405 1.25965 -0.922799 -1.33107 1.00484 -1.08691 -1.67659 
1.57735 -0.638601 -0.980021 1.26902 -0.937458 -1.32385 1.0212 -1.11405 -1.66638 
1.5773 -0.639678 -0.979429 1.27914 -0.950935 -1.31726 1.03548 -1.14219 -1.65576 
1.5775 -0.639838 -0.979481 1.2842 -0.958045 -1.3133 1.04412 -1.15688 -1.65002 
1.57783 -0.640013 -0.979741 1.29159 -0.968093 -1.30717 1.05693 -1.17805 -1.64105 
1.57838 -0.640304 -0.979841 1.30428 -0.983086 -1.29706 1.07902 -1.21263 -1.62476 
1.57859 -0.640423 -0.979911 1.31031 -0.988828 -1.29318 1.08904 -1.22601 -1.61929 
1.57925 -0.640681 -0.979826 1.32126 -0.999895 -1.28478 1.10672 -1.25112 -1.60508 
1.58027 -0.641613 -0.980166 1.33453 -1.01279 -1.27368 1.12813 -1.2795 -1.58688 
1.58049 -0.641653 -0.980044 1.33671 -1.01515 -1.27103 1.13329 -1.28414 -1.58462 
1.58171 -0.641776 -0.980183 1.3473 -1.0243 -1.26248 1.14983 -1.30348 -1.57044 
1.58227 -0.641938 -0.979721 1.36031 -1.03457 -1.25154 1.16859 -1.32483 -1.55401 
1.58237 -0.641919 -0.979621 1.36257 -1.03681 -1.24897 1.17117 -1.32982 -1.54949 
1.58266 -0.64193 -0.979507 1.37258 -1.04392 -1.23989 1.18661 -1.34435 -1.53586 
1.58291 -0.641982 -0.979344 1.38202 -1.05115 -1.23003 1.20107 -1.35934 -1.52253 
1.58292 -0.642006 -0.979171 1.38668 -1.05516 -1.22476 1.20748 -1.36721 -1.51415 
1.58313 -0.641922 -0.978917 1.39585 -1.06234 -1.21419 1.22211 -1.38096 -1.4986 
1.58345 -0.641774 -0.978641 1.40781 -1.07112 -1.19956 1.24037 -1.39995 -1.47634 
1.58352 -0.641781 -0.978577 1.40997 -1.07271 -1.19622 1.2452 -1.40361 -1.47296 
0
0
0
0
0
0
0
0
0
0
0
0
0
0
0
0
0
0
0
0
0
0
0
0
0
0
0
0
0
0
0
0
0
0
0
0
0
0
0
0
0
0
0
0
0
0
1.58773 -0.64191 -0.97562 1.42043 -1.07322 -1.17426 1.2403 -1.4085 -1.44133 
1.58768 -0.642002 -0.97591 1.41651 -1.07123 -1.17954 1.23385 -1.40104 -1.45081 
1.5883 -0.64164 -0.977882 1.4095 -1.06773 -1.18694 1.22302 -1.39 -1.46328 
1.58753 -0.641716 -0.978702 1.39972 -1.06198 -1.19874 1.20537 -1.37388 -1.48288 
1.58684 -0.641843 -0.979107 1.39519 -1.05979 -1.20326 1.19784 -1.36752 -1.48878 
1.58647 -0.641745 -0.97985 1.3872 -1.0548 -1.21103 1.1857 -1.35432 -1.50167 
1.58566 -0.641499 -0.97989 1.37882 -1.04973 -1.219 1.17321 -1.34324 -1.5139 
1.58557 -0.641437 -0.979956 1.3742 -1.04674 -1.22263 1.16712 -1.33761 -1.51933 
1.5852 -0.641118 -0.979662 1.36573 -1.04098 -1.22942 1.15628 -1.32469 -1.53006 
1.58446 -0.640459 -0.978722 1.35857 -1.03527 -1.23638 1.14499 -1.31045 -1.54125 
1.5845 -0.640222 -0.978595 1.35417 -1.03193 -1.24003 1.13881 -1.30406 -1.5465 
1.58432 -0.640053 -0.978325 1.3476 -1.02594 -1.24616 1.12991 -1.2942 -1.55549 
1.58418 -0.63991 -0.97819 1.33649 -1.01583 -1.25622 1.11292 -1.27386 -1.56889 
1.58406 -0.639951 -0.978148 1.33212 -1.01163 -1.26025 1.10587 -1.26468 -1.5759 
1.58403 -0.639941 -0.978324 1.32262 -1.00201 -1.26906 1.09019 -1.24468 -1.58738 
1.58286 -0.640364 -0.97783 1.31297 -0.992 -1.27796 1.0743 -1.22116 -1.60174 
1.58275 -0.640282 -0.977938 1.30795 -0.986826 -1.28267 1.06666 -1.20794 -1.60846 
1.58233 -0.640227 -0.978144 1.29893 -0.975083 -1.29257 1.05005 -1.17923 -1.62402 
1.58154 -0.640184 -0.978102 1.28939 -0.962555 -1.30204 1.03231 -1.14849 -1.63885 
1.58133 -0.640167 -0.978155 1.28464 -0.955712 -1.30723 1.02446 -1.13358 -1.64559 
1.58098 -0.639638 -0.978183 1.2769 -0.944388 -1.31533 1.01374 -1.1086 -1.65657 
1.58058 -0.639232 -0.978787 1.26533 -0.924802 -1.3281 0.994319 -1.06639 -1.67516 
1.5802 -0.639126 -0.978935 1.26095 -0.916841 -1.33268 0.98885 -1.04936 -1.68308 
1.57973 -0.639046 -0.979223 1.25457 -0.905061 -1.33887 0.979256 -1.02411 -1.69133 
1.57919 -0.638987 -0.97933 1.2449 -0.886299 -1.34855 0.967286 -0.98216 -1.70615 
1.57894 -0.638933 -0.979528 1.24126 -0.87865 -1.35215 0.962809 -0.96601 -1.71111 
1.57873 -0.638859 -0.979612 1.23554 -0.867038 -1.35703 0.955773 -0.943018 -1.717 
1.57846 -0.638726 -0.979761 1.22695 -0.846011 -1.36424 0.947066 -0.90581 -1.72688 
1.57861 -0.637894 -0.980303 1.22229 -0.839421 -1.36592 0.94325 -0.891504 -1.72965 
1.57843 -0.637739 -0.980541 1.22031 -0.829711 -1.36952 0.938796 -0.870553 -1.73295 
1.57792 -0.638133 -0.980425 1.21477 -0.814225 -1.37373 0.931557 -0.840105 -1.73717 
1.57786 -0.638139 -0.980381 1.21279 -0.808638 -1.37502 0.929129 -0.828432 -1.73868 
1.57823 -0.637606 -0.980515 1.20918 -0.799843 -1.37661 0.925767 -0.8121 -1.74032 
1.57795 -0.637515 -0.980273 1.20348 -0.784853 -1.37836 0.92099 -0.787726 -1.74285 
1.57782 -0.637471 -0.980224 1.20326 -0.780054 -1.37986 0.919726 -0.778941 -1.74362 
1.5765 -0.637753 -0.979386 1.20126 -0.772167 -1.38094 0.917479 -0.766244 -1.74487 
1.57625 -0.63764 -0.979356 1.19799 -0.759179 -1.38267 0.912775 -0.747354 -1.74498 
1.57619 -0.637599 -0.979396 1.19671 -0.754737 -1.38319 0.912285 -0.739819 -1.74604 
1.57612 -0.637593 -0.979458 1.1949 -0.748608 -1.38362 0.909181 -0.730097 -1.74504 
1.576 -0.637564 -0.979494 1.19287 -0.739362 -1.38451 0.908676 -0.715163 -1.74757 
1.57593 -0.637577 -0.97941 1.18999 -0.735521 -1.38407 0.90742 -0.710211 -1.74718 
1.57586 -0.637527 -0.979385 1.18923 -0.730466 -1.3851 0.907247 -0.702436 -1.74828 
1.57526 -0.637548 -0.979108 1.18906 -0.721461 -1.38705 0.905638 -0.69144 -1.74881 
1.57574 -0.637428 -0.979391 1.18864 -0.717733 -1.38731 0.905712 -0.686543 -1.74988 
1.57524 -0.637501 -0.979032 1.18621 -0.711953 -1.38685 0.905209 -0.67935 -1.75035 
1.57566 -0.636923 -0.979213 1.18721 -0.703889 -1.38889 0.905221 -0.666427 -1.75146 
1.57508 -0.637405 -0.978871 1.18685 -0.700901 -1.38948 0.905459 -0.659728 -1.75208 
1.57502 -0.637398 -0.979002 1.18605 -0.696437 -1.39002 0.904796 -0.649837 -1.75159 
1.57487 -0.637272 -0.978846 1.18313 -0.687133 -1.39028 0.904817 -0.634771 -1.75365 
1.57517 -0.636675 -0.979079 1.18278 -0.684829 -1.39045 0.904597 -0.631816 -1.75445 
1.57503 -0.63659 -0.979103 1.18428 -0.682576 -1.39167 0.902938 -0.633148 -1.75389 
1.57489 -0.636441 -0.978935 1.18349 -0.682006 -1.39066 0.901511 -0.634902 -1.75416 
1.57483 -0.636386 -0.978792 1.18159 -0.681884 -1.38976 0.901098 -0.63369 -1.75354 
1.57487 -0.636222 -0.978686 1.18236 -0.681674 -1.39006 0.901055 -0.629616 -1.75351 
1.57489 -0.636314 -0.978589 1.1817 -0.679041 -1.3895 0.898291 -0.626613 -1.75118 
1.57488 -0.636387 -0.978668 1.1814 -0.677334 -1.38904 0.89767 -0.626612 -1.75086 
1.57483 -0.636508 -0.978642 1.18091 -0.675214 -1.388 0.896546 -0.626606 -1.75042 
1.57501 -0.636389 -0.978814 1.18001 -0.670892 -1.38646 0.893761 -0.625359 -1.74801 
1.57501 -0.636359 -0.978757 1.17989 -0.669586 -1.38604 0.892171 -0.624361 -1.74646 
1.57504 -0.636335 -0.978848 1.17769 -0.668698 -1.38404 0.89134 -0.622969 -1.74572 
1.57515 -0.636356 -0.978595 1.17673 -0.667931 -1.3832 0.890138 -0.622128 -1.74337 
1.57527 -0.63635 -0.9787 1.17631 -0.667452 -1.38235 0.889897 -0.62191 -1.74308 
1.57529 -0.636361 -0.978724 1.17614 -0.667012 -1.38212 0.889698 -0.621555 -1.74275 
1.57511 -0.636311 -0.978623 1.1764 -0.666337 -1.38207 0.889402 -0.621386 -1.74257 
1.5751 -0.636179 -0.978654 1.17637 -0.666041 -1.38207 0.889399 -0.621159 -1.74261 
1.57493 -0.636151 -0.978573 1.17619 -0.665791 -1.38192 0.889206 -0.620954 -1.74251 
1.57476 -0.63603 -0.978454 1.1774 -0.665847 -1.38236 0.888935 -0.620624 -1.74224 
1.5747 -0.635912 -0.978474 1.17731 -0.665742 -1.38238 0.888881 -0.620689 -1.74199 
1.57456 -0.635898 -0.978336 1.17725 -0.665601 -1.38221 0.888703 -0.620617 -1.74179 
1.57453 -0.635838 -0.978328 1.17719 -0.665222 -1.38204 0.88784 -0.620412 -1.74102 
1.57451 -0.635762 -0.978435 1.17712 -0.665171 -1.38199 0.88761 -0.620233 -1.74106 
1.57441 -0.635752 -0.978335 1.17707 -0.665079 -1.38197 0.887638 -0.619886 -1.74133 
1.57429 -0.635697 -0.978348 1.17705 -0.664993 -1.382 0.887404 -0.619584 -1.74145 
1.57423 -0.635749 -0.978305 1.17702 -0.664976 -1.38205 0.887741 -0.618846 -1.74207 
1.57406 -0.635659 -0.978202 1.17702 -0.664804 -1.38202 0.887435 -0.618361 -1.74241 
1.57405 -0.635651 -0.978251 1.17665 -0.664004 -1.38162 0.884875 -0.616728 -1.74317 
1.57402 -0.635595 -0.978251 1.17653 -0.663462 -1.38169 0.884209 -0.615482 -1.74406 
1.57375 -0.635366 -0.978033 1.17633 -0.662729 -1.38146 0.883779 -0.613609 -1.74517 
1.57361 -0.635263 -0.978112 1.17623 -0.662454 -1.38144 0.883377 -0.611761 -1.74692 
1.57364 -0.635206 -0.978182 1.17623 -0.662528 -1.38148 0.883405 -0.611531 -1.74722 
1.57349 -0.635255 -0.97814 1.17633 -0.662597 -1.38162 0.883461 -0.611751 -1.74726 
1.57356 -0.635196 -0.978261 1.17498 -0.662705 -1.38106 0.883841 -0.613029 -1.74678 
1.57348 -0.635134 -0.97828 1.17643 -0.662739 -1.38177 0.883632 -0.613752 -1.74643 
1.57342 -0.635184 -0.978241 1.17503 -0.66266 -1.38112 0.883801 -0.613901 -1.74606 
1.57342 -0.635057 -0.978422 1.17664 -0.663217 -1.38182 0.884072 -0.615252 -1.74492 
1.57338 -0.635144 -0.978266 1.17662 -0.663278 -1.38174 0.884247 -0.615772 -1.74436 
1.57337 -0.635027 -0.978312 1.1766 -0.663316 -1.3817 0.884493 -0.616307 -1.74374 
1.57338 -0.634974 -0.978275 1.17659 -0.663277 -1.38157 0.885589 -0.617551 -1.74291 
1.57335 -0.634975 -0.978297 1.1766 -0.663204 -1.38161 0.885694 -0.617872 -1.74257 
