563 298 573 383 561 468 
563 298 573 383 561 468 
563 299 572 383 559 468 
563 300 571 383 554 468 
562 299 571 384 552 467 
562 299 568 384 549 468 
562 299 566 383 545 467 
563 299 566 382 543 465 
563 299 564 382 538 465 
562 299 563 382 537 465 
562 299 562 381 534 464 
563 299 560 382 532 461 
562 299 561 381 530 460 
563 300 560 379 529 460 
564 300 559 379 526 459 
563 300 558 379 526 456 
563 300 558 377 524 454 
563 300 558 377 523 453 
563 300 558 375 523 452 
563 300 559 375 524 451 
563 299 559 373 524 450 
563 300 561 373 525 448 
564 300 561 372 527 448 
563 300 561 371 529 446 
564 300 562 370 534 442 
564 300 563 370 534 441 
564 299 564 369 538 441 
563 299 566 369 540 441 
564 300 570 366 543 440 
565 300 571 367 547 438 
564 300 571 367 552 437 
565 301 576 366 555 436 
565 301 576 367 560 436 
565 301 581 364 565 437 
566 302 581 367 570 438 
566 302 584 365 574 439 
567 304 587 365 578 441 
567 305 589 366 582 441 
567 305 592 368 587 442 
567 304 593 369 589 446 
567 305 594 369 594 446 
567 305 597 369 598 447 
567 306 598 371 602 449 
568 307 601 371 603 452 
568 307 602 373 607 452 
569 308 603 373 608 454 
569 307 603 375 611 455 
569 308 605 375 613 457 
569 308 606 377 614 459 
569 308 606 377 615 459 
568 307 606 378 616 461 
569 308 606 380 616 462 
569 308 607 381 617 465 
570 308 607 382 617 465 
569 308 607 382 617 466 
569 307 606 383 617 468 
570 308 606 383 615 469 
570 308 607 385 614 469 
570 308 605 385 610 472 
570 307 602 386 609 472 
569 307 602 386 606 473 
570 307 601 386 603 473 
570 307 599 387 601 473 
570 307 599 388 598 474 
570 306 597 388 596 473 
570 308 594 388 590 474 
570 307 594 388 587 474 
569 306 592 390 583 475 
571 307 591 390 579 474 
570 307 588 390 575 474 
571 306 587 390 572 474 
570 305 584 390 568 474 
570 306 583 391 565 474 
570 306 580 391 561 473 
570 307 577 390 557 473 
570 306 576 390 554 473 
570 306 576 390 551 473 
570 306 574 390 547 473 
570 306 573 391 544 472 
570 306 572 390 541 470 
569 306 569 390 539 470 
569 305 567 388 536 469 
569 305 567 388 533 470 
570 305 566 389 531 469 
570 305 565 388 530 468 
569 305 565 388 528 467 
569 305 564 387 526 466 
569 305 564 388 526 466 
569 306 564 387 526 465 
569 305 564 386 525 464 
569 305 564 384 526 464 
569 305 564 384 528 463 
569 305 565 384 528 462 
569 304 566 383 531 463 
569 305 567 383 531 461 
569 305 568 382 534 461 
569 305 569 382 535 460 
570 305 570 381 537 460 
569 305 571 381 539 459 
569 305 572 381 542 459 
569 305 573 380 544 458 
569 305 574 379 547 458 
569 305 576 379 550 457 
570 306 577 379 552 456 
569 305 578 379 555 456 
570 306 581 377 559 456 
570 305 582 379 561 457 
570 305 583 379 565 456 
570 306 584 379 567 458 
571 305 587 378 570 457 
571 306 588 379 574 457 
571 306 589 379 576 458 
571 306 592 378 580 458 
572 306 592 378 583 459 
572 306 596 378 585 459 
572 306 597 379 589 458 
572 307 598 379 592 457 
572 307 599 378 595 458 
572 307 600 378 599 457 
572 307 602 376 601 458 
572 307 604 379 604 458 
572 307 605 379 607 460 
572 306 607 378 609 461 
572 306 607 379 612 461 
573 307 608 379 613 463 
572 307 608 380 614 464 
572 307 609 380 616 465 
572 307 610 381 617 467 
572 307 610 381 617 467 
572 307 609 382 617 468 
572 307 609 382 617 468 
572 307 610 384 617 469 
572 307 609 383 617 471 
572 307 609 383 616 470 
572 307 610 385 616 470 
572 307 609 385 616 471 
572 307 609 386 616 471 
572 307 609 386 616 472 
572 307 609 387 616 472 
572 307 608 387 614 472 
572 307 605 388 612 472 
572 307 605 388 608 475 
572 307 604 389 606 474 
572 307 601 390 603 476 
572 307 599 390 598 475 
572 307 598 390 593 475 
571 307 594 390 589 476 
572 307 594 392 586 476 
571 307 591 392 582 476 
571 307 589 393 578 476 
571 307 586 393 573 476 
571 307 585 394 569 476 
571 307 582 395 565 476 
571 307 581 394 561 475 
571 307 578 394 558 474 
570 306 576 394 556 474 
570 306 576 394 553 475 
570 306 573 394 551 475 
571 307 573 394 548 475 
570 307 572 394 546 475 
570 307 570 394 544 475 
570 307 571 395 541 474 
570 307 570 395 539 474 
570 307 568 395 536 474 
571 307 568 395 535 473 
570 306 566 395 532 472 
570 306 567 395 531 472 
569 305 566 394 529 471 
571 307 566 393 529 470 
571 307 565 393 529 470 
570 306 566 392 529 470 
570 306 567 392 530 470 
570 306 567 391 530 469 
570 306 568 391 531 468 
570 307 568 389 532 467 
570 307 569 389 534 467 
570 306 570 388 534 466 
571 306 571 388 536 465 
571 306 572 388 537 464 
571 305 572 387 538 464 
570 306 573 387 540 463 
571 305 574 386 541 462 
572 306 575 385 544 463 
571 306 576 385 546 462 
571 306 577 384 549 462 
571 306 579 384 553 461 
571 306 581 383 556 461 
571 306 583 384 561 461 
571 306 585 382 563 461 
571 306 587 384 568 461 
572 306 587 383 570 462 
572 306 588 382 574 461 
572 306 590 383 576 462 
572 306 591 383 579 462 
572 307 592 383 581 462 
572 307 594 383 583 463 
572 307 596 383 586 464 
572 307 596 383 588 464 
572 307 597 383 590 464 
571 306 598 383 594 464 
572 307 599 383 596 465 
573 307 600 384 599 466 
573 307 602 384 601 466 
573 307 602 384 604 467 
572 307 603 384 605 467 
572 307 604 385 607 468 
572 307 605 385 609 468 
572 307 606 386 611 469 
572 307 607 387 613 469 
573 307 607 386 615 471 
573 307 607 386 616 470 
573 307 608 386 620 471 
573 307 610 387 622 472 
573 307 611 387 623 473 
572 307 612 387 624 473 
572 307 611 388 625 473 
573 307 611 388 625 473 
572 307 611 388 625 474 
573 308 611 389 626 475 
573 308 610 389 625 475 
573 308 610 389 621 476 
573 307 609 389 620 475 
573 307 608 391 616 478 
573 307 608 391 615 477 
573 307 606 391 612 479 
573 308 602 391 608 478 
573 307 602 392 605 478 
572 307 602 392 602 478 
573 307 598 393 599 478 
572 307 598 393 597 479 
572 306 594 393 592 479 
572 306 594 394 588 479 
572 307 591 394 584 479 
572 307 589 395 579 479 
572 307 588 395 576 480 
572 307 585 395 572 480 
572 307 585 396 569 480 
572 307 582 396 566 479 
572 307 581 396 563 480 
572 307 579 396 561 479 
571 307 578 396 557 479 
571 307 576 396 555 478 
571 307 576 396 552 478 
572 307 574 396 549 477 
571 307 573 395 547 477 
571 307 573 396 546 477 
571 307 571 396 543 477 
572 307 570 395 542 477 
571 307 569 395 540 477 
571 307 570 396 539 476 
571 307 569 395 539 476 
572 308 569 395 538 476 
571 307 568 395 537 475 
571 307 568 395 536 475 
572 307 568 394 535 474 
571 307 568 393 534 473 
571 307 568 393 536 473 
571 307 568 392 536 472 
570 307 569 392 537 471 
572 308 570 391 538 470 
571 307 570 390 539 469 
571 307 571 390 541 469 
572 307 572 389 544 468 
572 307 574 389 545 467 
572 307 575 388 547 467 
572 307 576 388 550 466 
572 307 577 387 552 466 
572 307 578 387 555 463 
572 307 580 386 558 462 
572 307 582 384 562 461 
572 307 584 385 566 461 
572 307 586 384 569 460 
573 308 588 385 573 459 
573 308 589 384 577 460 
573 307 590 384 581 459 
573 307 592 384 585 460 
573 308 594 384 589 460 
573 307 597 384 592 460 
573 307 598 384 596 461 
574 308 600 384 600 462 
574 308 601 385 604 463 
573 308 602 384 608 463 
573 308 606 384 612 464 
573 308 606 386 615 464 
573 308 607 386 618 464 
573 308 610 386 621 465 
573 308 611 386 625 466 
574 309 612 386 626 467 
574 309 613 387 629 467 
574 309 614 387 630 467 
573 309 615 387 632 468 
573 309 615 387 633 468 
573 309 615 388 634 469 
573 309 616 388 636 469 
573 309 616 387 636 468 
574 309 617 388 636 471 
574 309 617 389 636 470 
573 309 616 389 636 472 
573 309 616 389 636 473 
573 310 616 390 633 473 
573 310 615 390 633 474 
574 309 615 391 629 475 
574 309 614 393 628 475 
574 309 613 393 626 475 
573 309 611 393 622 477 
573 309 608 393 620 478 
573 309 608 394 617 480 
573 309 605 395 614 480 
573 309 603 395 609 481 
573 310 602 396 607 480 
573 309 599 396 601 481 
573 309 597 396 598 481 
573 310 596 397 596 483 
572 309 592 397 591 483 
572 309 591 397 588 484 
571 309 589 397 584 483 
572 309 588 398 581 484 
571 309 586 398 578 485 
572 309 585 399 575 485 
571 309 583 399 571 485 
571 309 582 399 568 483 
570 309 580 400 565 484 
571 308 577 400 562 485 
570 307 577 399 559 484 
571 306 576 400 556 484 
570 305 575 399 554 483 
570 305 573 399 551 483 
569 304 573 399 548 481 
570 304 571 398 545 481 
570 304 570 398 542 479 
570 304 570 398 540 478 
570 304 568 397 539 478 
570 303 568 397 536 478 
570 303 567 396 536 477 
571 304 567 396 536 477 
570 304 567 396 535 476 
570 303 567 395 534 475 
570 303 567 395 534 475 
570 303 567 395 534 474 
570 304 566 395 534 474 
570 304 567 395 534 474 
570 304 567 395 534 473 
570 304 567 395 534 473 
570 303 566 394 533 473 
570 304 567 394 533 473 
570 303 566 394 533 472 
570 304 567 395 532 472 
570 303 567 394 532 472 
570 304 566 394 532 472 
570 304 567 394 532 472 
570 304 566 393 532 471 
570 305 567 393 532 471 
570 305 566 393 531 470 
570 306 567 393 532 470 
569 307 567 393 532 469 
570 307 566 392 532 468 
570 307 566 391 534 468 
570 307 567 391 534 467 
570 308 568 390 537 467 
569 308 570 389 538 465 
570 309 570 388 542 464 
570 309 573 389 544 463 
570 309 575 389 548 462 
570 309 576 387 552 461 
570 309 578 388 556 461 
570 309 579 386 559 460 
570 310 582 385 564 459 
570 310 583 385 568 459 
570 310 586 384 572 459 
571 310 587 385 576 459 
571 310 590 384 580 459 
571 310 591 384 584 458 
571 309 593 384 589 458 
571 310 595 384 593 459 
571 310 597 385 597 459 
571 310 598 384 602 459 
571 310 601 384 605 460 
572 310 603 384 609 460 
572 310 604 384 611 462 
572 310 605 385 615 461 
571 310 607 386 618 462 
572 310 608 385 622 464 
572 310 609 386 623 464 
572 310 609 387 626 465 
572 310 611 388 627 467 
572 310 611 388 629 469 
572 310 612 390 630 469 
572 310 612 390 631 470 
572 310 613 390 632 471 
572 311 613 391 633 473 
572 311 613 392 634 473 
572 311 613 392 635 474 
572 311 613 393 635 475 
572 312 613 394 635 477 
572 312 613 394 634 477 
572 312 613 395 633 478 
571 311 612 395 631 479 
571 312 610 395 629 479 
571 312 610 396 627 479 
571 311 609 397 623 481 
571 312 607 397 621 481 
571 311 604 397 616 481 
571 312 603 398 613 483 
570 311 600 399 608 482 
571 312 598 399 605 483 
570 311 595 400 600 484 
570 312 594 400 595 485 
570 312 590 400 589 484 
569 311 588 400 583 484 
570 312 586 401 578 484 
570 311 583 401 573 484 
569 311 582 401 568 484 
569 310 579 402 565 485 
569 310 577 402 561 484 
569 309 576 402 558 483 
569 308 574 402 555 485 
569 307 573 402 553 483 
569 306 572 401 551 483 
569 306 570 400 548 483 
569 306 569 400 546 484 
569 305 568 400 544 482 
569 305 567 400 542 482 
569 304 567 399 540 480 
569 304 566 398 539 480 
569 304 566 398 538 479 
569 304 566 399 538 479 
569 304 566 397 537 478 
569 303 566 397 538 479 
569 304 566 397 536 477 
569 304 566 397 536 476 
569 304 566 397 537 476 
569 304 567 396 536 475 
569 304 567 396 537 475 
569 304 567 396 537 475 
570 304 566 395 537 475 
569 304 567 395 538 474 
570 303 568 395 537 474 
569 303 567 395 538 474 
570 304 567 394 537 473 
569 303 568 395 539 474 
570 303 568 394 538 473 
570 303 568 394 539 473 
569 303 568 394 540 473 
570 303 569 394 540 473 
570 303 569 394 541 473 
570 304 569 394 541 473 
570 304 570 394 543 473 
570 304 571 394 543 473 
