535.952 292.856 552.698 366.699 557.0 438.0 
539 290 558 372 556 433 
540 291 557 373 554 433 
539 290 555 373 551 433 
539 290 555 374 548 434 
539 290 552 373 545 434 
539 290 552 374 544 434 
539 290 550 374 541 435 
539 291 549 375 538 435 
538 290 548 375 535 436 
538 290 547 376 533 436 
538 291 547 375 531 437 
538 291 545 375 529 437 
538 290 545 376 528 438 
538 291 544 376 525 438 
538 291 543 376 525 439 
538 290 544 376 524 440 
538 291 544 376 524 441 
538 291 544 376 523 441 
538 291 544 376 523 441 
539 292 545 376 523 441 
539 292 545 376 525 443 
539 291 546 376 525 443 
540 291 547 376 527 444 
540 291 549 376 528 445 
540 292 549 376 529 445 
541 292 551 375 532 446 
541 292 551 376 535 447 
541 292 553 374 538 446 
541 293 555 375 540 447 
541 293 556 375 543 446 
541 293 558 374 546 448 
541 293 560 375 549 446 
542 294 562 375 553 449 
541 294 565 375 558 448 
544 295 566 375 561 448 
543 294 568 375 566 448 
545 297 571 375 569 448 
545 296 574 375 573 448 
545 295 575 375 575 447 
546 297 576 375 579 448 
547 296 578 375 582 448 
547 297 579 375 585 447 
548 297 581 375 587 446 
548 297 582 374 590 447 
547 296 582 373 592 445 
548 296 584 374 595 445 
548 296 585 375 596 443 
548 296 586 374 597 443 
549 296 587 374 598 442 
548 297 586 373 599 442 
549 297 587 373 599 440 
548 296 588 373 600 439 
548 296 588 373 600 438 
548 296 588 373 599 437 
548 296 588 372 599 436 
548 296 588 372 598 435 
547 295 587 373 597 434 
549 296 586 371 596 433 
548 296 585 371 594 432 
549 296 584 371 593 430 
549 296 584 371 590 429 
549 296 583 371 589 429 
548 296 582 371 586 428 
547 296 580 370 584 427 
548 296 578 371 582 426 
548 296 578 371 580 425 
548 296 576 371 576 425 
548 296 573 371 572 425 
547 295 572 371 570 424 
547 295 571 371 566 423 
547 295 569 370 564 423 
546 295 567 370 561 422 
547 296 565 372 557 422 
547 295 564 371 554 422 
547 295 562 371 553 423 
546 295 561 373 549 423 
545 294 559 373 547 423 
546 294 558 373 545 424 
546 294 557 374 543 424 
545 294 557 374 540 425 
545 294 555 374 538 426 
546 294 553 373 536 426 
546 295 553 375 534 426 
544 294 552 375 533 427 
545 294 552 377 533 429 
545 295 552 377 531 429 
544 294 552 377 530 431 
545 294 551 376 529 431 
545 294 551 378 529 433 
546 295 551 378 530 434 
546 295 551 378 529 434 
546 295 551 378 531 435 
546 295 552 378 531 436 
546 295 553 378 533 437 
544 293 554 378 534 438 
545 295 556 378 535 438 
546 294 556 378 537 439 
546 294 556 378 538 440 
547 294 559 379 540 441 
547 294 559 379 542 442 
547 294 561 379 544 442 
547 294 562 379 547 444 
547 295 563 379 549 445 
547 295 563 378 551 446 
547 295 566 379 553 446 
548 295 567 378 556 446 
548 295 568 378 558 446 
548 295 570 378 560 446 
549 295 570 378 562 446 
548 294 572 378 565 447 
548 296 573 378 567 447 
549 295 574 377 569 447 
550 295 577 377 571 447 
549 295 577 377 573 447 
550 295 579 376 577 447 
550 295 580 377 578 445 
550 296 583 376 582 446 
551 296 583 376 584 446 
551 296 586 376 587 445 
550 295 586 375 590 445 
550 295 587 374 592 444 
551 295 588 373 594 444 
552 296 589 374 596 442 
552 296 590 373 598 441 
552 296 590 372 600 441 
552 296 591 372 601 440 
551 296 592 372 601 439 
550 295 592 372 602 438 
551 295 592 372 602 437 
550 295 592 371 602 437 
550 295 592 372 602 436 
550 295 592 372 602 435 
550 294 592 372 602 434 
551 295 593 372 602 434 
550 295 592 372 602 433 
550 295 592 372 601 431 
550 295 592 372 601 431 
550 295 591 371 600 429 
549 295 589 371 599 428 
549 295 589 371 597 428 
550 294 588 371 596 428 
549 295 587 371 594 427 
549 295 585 371 591 426 
549 295 583 372 588 426 
549 295 582 372 585 425 
549 295 581 372 581 426 
548 295 578 372 579 425 
549 295 577 373 575 424 
548 295 575 374 571 425 
547 295 573 373 568 424 
548 295 571 374 564 425 
547 295 570 374 562 424 
547 295 568 375 558 425 
547 294 566 375 556 424 
546 295 564 375 554 424 
546 294 563 375 552 424 
546 295 563 377 550 424 
546 294 561 376 548 424 
546 295 560 377 547 426 
545 294 559 377 545 426 
546 295 558 378 543 427 
546 295 558 378 540 427 
545 295 557 378 539 427 
545 294 555 378 537 428 
546 295 556 378 535 427 
545 295 554 379 535 429 
545 295 553 378 534 429 
545 294 554 379 533 430 
545 295 554 380 533 431 
546 294 554 380 533 433 
545 295 553 380 533 434 
545 294 554 380 534 435 
546 295 555 381 534 436 
545 295 556 380 534 437 
546 294 556 380 535 437 
546 295 556 380 536 439 
546 295 557 380 537 440 
546 295 558 380 537 440 
547 295 558 380 538 440 
548 296 559 380 539 441 
547 295 560 380 541 442 
547 295 561 380 541 442 
547 296 561 380 544 442 
548 296 564 381 546 443 
547 295 565 381 549 444 
548 296 566 380 551 444 
549 297 569 381 554 444 
549 296 569 380 557 445 
549 296 571 379 560 446 
549 296 573 380 562 446 
549 297 573 380 564 446 
550 297 573 379 566 446 
550 297 574 379 568 446 
550 297 576 379 570 446 
549 296 577 381 572 446 
550 297 578 380 573 445 
549 296 579 380 576 447 
550 296 580 379 577 446 
550 296 580 379 580 447 
550 296 582 379 582 447 
551 297 583 378 584 447 
550 297 585 378 586 446 
550 297 585 378 588 446 
550 296 586 377 589 446 
550 296 587 376 590 445 
550 296 587 376 592 446 
551 296 590 377 594 444 
551 297 590 377 595 444 
550 295 590 376 597 443 
551 296 590 375 598 442 
551 296 592 374 600 441 
551 296 592 374 602 441 
551 296 593 373 605 440 
551 296 594 373 605 438 
551 296 594 373 606 438 
551 296 595 373 606 437 
551 296 595 373 607 436 
552 297 594 373 607 435 
551 297 594 373 605 433 
551 297 593 373 604 433 
550 296 592 373 603 433 
552 297 591 372 601 433 
552 297 591 373 599 431 
552 297 589 372 597 430 
551 297 588 373 595 429 
551 297 587 373 593 429 
551 297 586 372 591 428 
552 297 584 373 589 428 
551 296 583 373 586 427 
550 296 581 373 583 426 
550 296 580 374 579 428 
550 295 578 374 577 426 
550 295 577 375 573 425 
550 296 576 375 570 425 
550 295 575 376 567 424 
549 296 573 375 565 424 
550 296 572 375 562 424 
550 296 571 376 560 424 
549 296 569 376 558 424 
548 295 568 376 556 425 
549 295 567 377 553 424 
548 295 565 377 551 425 
548 295 564 378 550 426 
548 295 563 378 547 425 
548 295 562 378 545 427 
547 295 561 379 544 427 
548 295 561 379 542 428 
549 296 560 379 542 430 
548 296 559 380 541 430 
549 296 560 380 541 431 
548 296 559 380 539 431 
548 295 559 380 539 433 
548 296 558 381 538 434 
548 296 558 382 538 435 
548 296 559 382 538 435 
548 296 558 382 537 436 
548 296 559 382 538 438 
549 296 559 382 538 438 
548 296 559 381 540 439 
549 296 560 381 540 439 
549 296 560 380 542 440 
549 296 561 380 543 440 
549 295 562 380 544 440 
550 296 563 380 546 443 
549 295 564 380 547 443 
550 297 565 381 547 448 
550 296 566 381 550 449 
550 296 568 381 552 449 
550 296 569 381 556 450 
551 297 571 381 558 451 
550 297 572 381 561 450 
551 296 574 381 563 450 
551 297 575 380 567 452 
551 297 577 380 569 451 
551 297 579 380 573 451 
552 297 579 379 576 451 
553 298 582 380 579 450 
553 298 583 378 583 449 
552 297 584 378 586 450 
552 297 586 378 589 449 
552 297 588 377 592 449 
553 297 590 377 595 449 
553 297 591 376 598 448 
553 297 592 376 601 447 
553 297 594 376 604 448 
553 298 594 375 607 447 
553 298 595 375 609 446 
553 297 596 374 611 445 
553 297 597 374 613 444 
553 298 598 373 613 442 
553 297 599 373 615 442 
553 298 600 373 616 440 
553 298 600 372 618 441 
554 298 600 372 617 439 
554 298 601 372 618 438 
553 298 600 372 618 437 
553 298 600 372 617 436 
553 298 600 371 616 435 
553 297 600 371 615 434 
553 297 600 372 614 434 
553 297 598 372 613 433 
553 297 598 371 612 432 
553 298 597 372 610 432 
553 298 595 372 608 432 
553 298 594 373 606 432 
553 297 593 373 603 431 
553 298 592 373 601 431 
552 298 591 374 598 431 
552 298 589 374 595 430 
551 297 587 375 592 430 
551 297 587 375 589 430 
551 298 584 375 585 430 
551 298 583 376 583 429 
551 298 582 375 580 429 
551 298 579 375 577 428 
550 297 577 375 574 428 
550 297 576 376 572 428 
550 298 574 376 569 428 
550 298 573 376 568 428 
549 297 572 376 565 428 
548 297 570 378 563 429 
548 297 569 377 560 429 
547 296 568 378 558 429 
546 295 565 378 555 430 
546 295 565 379 553 431 
546 295 564 379 551 431 
545 294 563 378 549 432 
546 294 562 379 547 432 
545 293 561 379 545 432 
545 293 560 379 544 433 
545 292 559 379 542 434 
546 293 559 379 541 435 
545 292 558 380 540 435 
545 293 558 380 539 435 
545 292 558 380 539 436 
546 293 558 381 538 436 
545 293 557 380 538 436 
545 292 557 380 538 436 
546 293 557 380 538 437 
545 292 557 380 538 437 
546 293 557 381 537 437 
546 293 557 381 537 438 
546 293 557 381 537 438 
546 293 557 381 537 438 
546 293 556 381 536 438 
546 294 557 381 536 438 
546 293 557 382 535 438 
545 293 557 382 536 438 
545 293 557 382 536 439 
546 294 557 382 535 439 
546 295 557 382 535 439 
547 296 557 383 535 440 
547 295 557 383 536 441 
547 297 558 383 536 441 
547 297 558 383 535 441 
547 298 559 383 537 443 
547 298 559 383 537 443 
547 298 560 383 539 445 
548 298 560 384 541 446 
548 298 561 384 542 447 
547 298 564 384 544 448 
547 298 564 383 546 449 
547 298 566 383 548 450 
548 298 567 383 551 451 
548 297 568 383 554 452 
548 297 570 382 557 453 
548 298 572 383 560 453 
548 298 573 382 564 450 
549 299 574 382 569 450 
549 298 576 382 571 452 
550 299 579 383 574 453 
549 298 581 382 577 453 
550 299 583 382 582 450 
550 299 583 381 586 452 
551 299 585 380 588 452 
551 299 586 380 592 451 
551 299 588 379 594 451 
551 299 589 379 598 451 
552 299 591 379 598 449 
552 300 592 378 603 449 
552 300 593 378 604 449 
552 300 595 378 607 448 
552 300 595 377 609 448 
552 300 596 377 609 447 
552 300 596 376 612 446 
552 300 598 376 612 445 
552 300 598 377 614 444 
552 300 599 376 614 443 
551 299 599 375 615 442 
551 300 599 375 616 440 
551 299 599 375 617 439 
550 300 599 374 617 438 
551 300 599 374 617 437 
551 300 598 374 616 435 
550 300 598 373 616 434 
550 300 598 373 615 433 
551 300 597 373 613 432 
550 301 596 373 612 432 
550 301 595 372 609 430 
550 301 593 373 607 429 
550 301 593 373 605 428 
549 300 591 373 601 428 
549 300 589 373 599 427 
549 300 587 373 594 427 
548 300 585 373 591 426 
548 300 583 372 587 426 
549 301 580 372 580 426 
548 300 578 373 577 426 
547 300 576 373 573 426 
547 300 575 373 569 425 
547 300 572 373 564 426 
547 300 570 373 561 425 
547 300 568 374 558 426 
546 299 567 374 555 425 
546 299 565 375 554 426 
544 295 565 375 552 427 
544 296 563 375 550 428 
543 295 563 376 549 429 
544 294 562 377 547 430 
544 294 560 377 546 432 
544 294 559 377 543 432 
544 294 559 378 543 435 
544 294 559 377 540 433 
544 294 559 378 540 435 
544 294 558 378 540 436 
544 293 558 378 539 436 
544 294 558 378 538 437 
544 294 558 379 539 438 
544 294 558 379 539 440 
544 293 558 379 539 439 
545 293 558 379 539 440 
545 293 558 380 538 440 
545 294 558 380 539 442 
545 294 558 380 538 442 
545 294 558 379 539 443 
546 295 559 380 539 444 
546 294 559 380 538 443 
546 293 559 380 539 443 
545 294 559 380 538 443 
545 294 559 380 539 444 
546 293 559 380 540 445 
546 294 560 380 539 444 
545 294 560 380 540 445 
546 294 560 380 540 445 
546 294 560 380 541 446 
546 295 561 381 541 446 
546 294 562 382 543 447 
