606.363 360.15 616.234 426.792 610.0 492.0 
606 358 614 429 605 493 
606 358 614 429 604 493 
606 358 611 428 602 494 
605 358 611 429 599 492 
606 359 611 430 597 492 
605 358 609 429 594 494 
606 359 608 430 591 492 
605 358 607 430 590 493 
604 359 606 430 587 493 
605 359 605 429 585 493 
605 358 605 429 583 493 
606 359 604 429 583 493 
606 359 604 429 580 492 
606 359 603 428 580 493 
606 359 603 429 578 492 
605 359 604 429 577 492 
606 359 604 429 578 492 
606 360 604 428 578 492 
606 359 604 427 578 492 
606 359 604 428 579 492 
606 359 605 427 580 492 
606 360 606 427 581 492 
606 359 606 427 582 492 
606 360 607 427 584 492 
606 360 608 427 586 491 
605 360 609 427 588 492 
606 360 612 426 590 491 
606 361 611 429 594 491 
607 361 614 428 595 492 
607 362 616 427 598 491 
607 362 617 427 603 491 
607 362 620 426 606 493 
607 361 620 427 608 493 
606 362 622 427 611 493 
607 362 624 427 614 493 
607 363 625 427 619 494 
608 364 628 428 620 495 
608 364 629 428 624 495 
608 365 632 429 626 496 
608 364 632 429 630 495 
609 365 633 428 631 496 
609 365 635 429 634 496 
608 365 636 428 636 496 
608 365 637 430 638 496 
609 365 638 429 640 497 
608 365 639 430 641 496 
609 365 639 429 642 497 
608 364 640 430 644 498 
609 365 641 430 645 498 
608 365 641 431 646 498 
609 365 641 430 646 498 
608 364 641 431 646 497 
609 365 641 431 646 497 
609 365 641 431 646 497 
609 365 641 431 645 496 
610 366 641 431 644 495 
610 366 641 431 644 496 
610 366 640 432 643 496 
610 366 639 432 640 495 
610 366 639 432 639 494 
609 366 637 432 637 494 
609 366 637 433 633 494 
610 365 635 432 632 493 
609 365 633 432 629 494 
609 364 633 432 626 493 
609 364 631 432 624 492 
609 364 630 433 621 492 
609 364 628 432 617 492 
609 364 626 432 616 491 
610 364 625 432 613 490 
610 365 624 433 609 491 
610 364 622 432 608 490 
609 364 622 433 606 490 
609 364 620 433 603 490 
609 364 618 432 600 491 
608 363 617 434 598 491 
608 364 616 433 596 490 
608 364 615 433 594 490 
608 363 614 434 592 491 
608 364 614 434 590 491 
608 364 613 434 588 491 
608 364 612 434 587 491 
608 364 611 434 585 491 
608 364 610 434 583 491 
608 364 610 434 582 491 
609 365 609 434 581 491 
608 365 610 434 581 492 
608 364 609 434 580 492 
608 364 610 434 580 492 
607 363 610 434 582 493 
607 363 610 434 582 493 
608 364 611 434 584 495 
608 364 611 433 584 494 
608 364 612 433 585 494 
608 364 613 433 587 495 
609 365 614 433 588 495 
609 364 615 433 589 496 
609 364 616 433 591 497 
609 364 617 433 592 497 
609 364 618 433 593 496 
609 365 618 432 596 497 
608 364 619 432 597 497 
608 364 620 431 600 497 
609 364 622 433 602 498 
609 364 623 432 603 497 
609 364 623 431 606 498 
609 365 625 432 608 498 
609 365 625 432 610 499 
610 366 627 431 612 499 
610 365 629 432 614 498 
610 365 629 432 618 498 
611 365 631 431 619 498 
611 365 632 431 621 498 
611 365 633 431 624 498 
611 365 635 431 625 498 
611 366 635 430 629 497 
611 366 637 430 630 497 
612 366 638 430 634 498 
612 366 639 430 635 497 
612 366 640 430 639 497 
612 366 642 431 639 498 
612 366 642 431 642 497 
612 366 643 430 643 497 
612 366 643 430 644 497 
612 366 644 430 645 497 
611 366 644 431 647 498 
611 366 644 431 647 498 
612 365 644 431 648 498 
612 366 645 430 648 497 
612 366 644 431 647 497 
612 366 644 430 647 496 
611 366 644 431 647 496 
611 365 645 431 647 496 
611 366 644 431 647 494 
611 365 643 431 646 494 
611 366 644 432 647 494 
610 366 643 432 646 493 
611 365 642 432 646 493 
610 365 642 432 644 493 
611 366 642 433 642 493 
610 365 640 432 641 493 
611 365 639 433 638 493 
610 366 638 434 636 492 
610 365 637 434 633 493 
610 365 635 434 630 493 
610 365 633 434 627 492 
610 366 632 434 623 492 
610 365 631 434 620 492 
609 366 630 434 618 492 
609 365 627 435 613 491 
609 365 625 435 611 492 
609 366 624 435 608 492 
609 365 622 434 606 491 
609 365 622 435 603 491 
608 365 621 436 602 491 
608 365 619 436 600 491 
608 365 619 436 598 491 
609 365 617 436 596 492 
608 365 617 436 595 492 
608 365 615 436 593 492 
609 365 616 436 591 493 
608 365 614 436 590 492 
608 366 613 436 589 492 
608 365 612 435 586 492 
608 365 612 436 584 491 
608 365 612 436 585 493 
608 365 611 436 584 493 
608 365 612 436 585 495 
608 365 612 436 585 495 
608 365 612 436 585 494 
608 365 613 436 585 495 
608 365 612 436 585 494 
609 365 613 435 586 496 
608 365 614 435 586 495 
609 366 614 435 587 496 
609 365 614 434 588 496 
608 365 615 435 588 497 
609 365 616 434 589 497 
609 365 616 434 590 497 
609 365 617 434 591 497 
609 365 618 434 592 498 
609 365 619 434 594 498 
609 365 620 434 595 499 
610 365 621 435 598 499 
609 365 622 434 600 499 
610 365 624 435 603 499 
610 366 626 435 606 500 
609 365 627 435 609 500 
610 366 628 435 610 500 
610 366 629 433 612 500 
610 366 629 434 615 501 
610 366 630 433 616 501 
610 366 631 434 618 501 
610 366 632 433 620 501 
610 366 632 434 621 501 
611 366 633 433 623 500 
610 366 634 433 625 501 
611 366 636 433 627 501 
610 366 637 433 630 501 
611 366 637 434 631 502 
611 366 638 433 633 501 
611 367 639 433 635 501 
611 366 639 433 637 501 
611 367 641 433 638 501 
611 366 641 433 639 502 
611 366 642 434 641 501 
611 367 642 433 641 501 
611 366 643 433 643 500 
611 367 643 433 644 500 
611 366 644 433 647 500 
611 367 645 433 648 499 
611 366 645 433 649 499 
611 367 646 433 652 499 
611 367 646 433 652 498 
611 367 647 433 652 498 
611 367 647 433 653 499 
611 367 647 434 653 498 
611 367 647 434 653 498 
611 367 646 433 652 498 
611 367 645 434 651 498 
611 367 644 434 648 496 
611 367 644 434 646 495 
611 367 642 434 644 495 
610 366 642 434 643 495 
611 367 641 435 638 495 
611 367 639 434 637 494 
610 366 638 435 634 494 
611 366 637 435 633 493 
610 366 635 435 630 492 
610 366 635 435 628 493 
610 366 633 436 624 494 
609 366 631 436 620 493 
610 366 629 436 618 492 
609 366 628 436 616 492 
610 366 627 436 612 493 
609 366 626 436 610 491 
609 366 625 436 609 492 
609 366 624 436 607 492 
609 366 623 436 604 492 
609 366 621 436 603 493 
609 366 619 436 600 493 
609 367 619 436 598 493 
609 367 618 437 596 493 
608 366 617 437 595 492 
609 367 617 437 594 493 
609 367 616 437 592 493 
609 367 616 438 592 495 
609 367 615 437 590 493 
609 367 615 438 591 496 
609 367 615 438 590 496 
609 367 614 438 589 495 
609 367 614 438 587 496 
609 367 614 438 588 497 
609 367 615 439 587 497 
608 367 615 439 586 497 
608 367 615 439 587 498 
608 367 615 438 588 497 
609 367 615 437 589 497 
609 367 615 436 590 498 
609 367 617 436 591 498 
610 367 617 436 593 498 
610 367 618 436 594 498 
610 367 619 435 595 498 
610 367 620 436 596 498 
610 367 621 435 597 499 
610 367 622 436 599 499 
610 367 624 436 601 499 
610 367 624 435 603 500 
611 367 625 435 606 501 
610 367 626 435 608 501 
611 368 628 435 611 501 
611 368 629 434 614 501 
611 368 631 435 618 499 
611 368 633 434 619 500 
611 368 634 435 622 501 
611 368 635 435 627 501 
612 368 636 435 629 502 
612 368 637 434 631 502 
612 368 639 434 634 502 
612 368 640 434 638 502 
612 368 641 434 641 501 
612 368 642 434 643 502 
612 368 644 434 646 501 
612 368 644 434 647 501 
612 368 646 433 650 501 
612 369 646 433 651 500 
612 369 647 433 654 500 
613 368 648 433 655 500 
613 368 649 434 657 499 
612 369 650 433 658 500 
612 369 651 433 659 499 
612 368 651 433 659 498 
612 368 651 432 660 498 
612 369 651 432 660 497 
612 368 651 432 660 497 
613 369 651 433 660 497 
612 369 651 432 660 497 
612 369 650 433 659 496 
612 369 650 432 659 497 
612 368 649 433 657 497 
612 369 649 434 657 497 
612 369 649 434 656 497 
612 369 648 435 654 497 
612 369 646 435 652 497 
611 369 645 435 649 496 
612 369 644 435 646 496 
612 369 641 435 645 496 
611 369 640 435 640 497 
611 369 639 436 637 497 
611 369 638 437 635 496 
610 369 637 437 632 496 
611 369 636 437 629 495 
610 369 634 438 626 497 
610 369 632 438 626 497 
610 369 631 438 622 497 
610 369 631 438 620 496 
609 369 629 438 618 496 
609 369 628 438 616 497 
609 369 626 439 613 496 
609 369 625 439 611 495 
608 369 624 439 607 497 
607 368 623 439 605 496 
607 368 622 439 603 496 
607 368 621 439 601 497 
606 367 620 439 600 497 
606 367 619 439 598 497 
606 366 618 438 596 497 
606 367 616 438 594 497 
606 366 616 438 592 496 
606 366 615 438 590 497 
606 366 615 438 590 497 
605 366 614 438 588 497 
606 366 614 438 587 497 
606 366 614 438 587 497 
606 366 614 438 587 498 
606 366 614 438 586 498 
606 366 614 438 586 498 
606 366 614 438 586 497 
606 366 613 438 587 498 
606 366 614 438 586 497 
606 366 613 438 586 498 
606 366 614 438 585 497 
606 366 613 438 586 497 
606 366 614 437 586 497 
606 367 614 438 585 497 
606 367 613 438 585 497 
606 367 614 438 585 497 
606 366 614 437 585 498 
606 367 613 437 584 498 
607 367 613 437 584 498 
607 368 613 438 585 498 
607 368 614 438 584 498 
607 368 613 437 585 499 
607 368 614 437 585 499 
607 369 614 438 586 499 
607 369 614 438 586 499 
607 369 616 438 587 499 
607 370 617 438 589 500 
607 370 617 438 591 499 
607 370 617 437 592 500 
607 370 620 437 594 501 
608 370 621 437 597 501 
607 370 623 436 599 501 
607 371 624 437 601 501 
608 370 625 436 604 501 
608 370 628 436 608 499 
609 371 627 435 610 500 
609 370 629 435 612 501 
609 371 630 435 615 501 
609 371 632 435 619 501 
610 371 634 435 622 501 
610 371 634 435 625 501 
610 371 637 434 628 501 
610 370 639 435 633 500 
610 371 640 434 635 500 
610 371 641 434 637 501 
611 370 642 434 640 501 
611 371 643 433 642 501 
611 371 643 433 644 501 
611 371 643 433 646 501 
611 371 645 434 648 500 
611 371 646 434 650 500 
611 371 647 435 652 500 
611 371 648 434 654 500 
611 371 648 434 655 500 
611 371 648 434 656 500 
611 371 648 434 658 500 
611 371 649 434 658 499 
610 372 648 434 659 499 
611 371 649 434 660 499 
611 372 649 434 660 498 
611 372 649 434 660 497 
611 372 649 435 660 497 
611 372 648 434 659 497 
610 372 648 435 659 497 
610 373 647 435 658 497 
610 373 645 435 656 496 
610 373 646 435 654 496 
609 372 644 435 652 495 
609 372 643 435 649 494 
609 373 641 435 646 494 
609 373 640 435 641 495 
608 372 639 436 639 493 
609 372 637 435 634 495 
609 373 635 436 632 493 
609 372 634 437 628 496 
608 372 632 437 624 496 
608 372 630 437 620 495 
607 373 628 437 617 493 
607 373 627 437 614 492 
607 372 625 437 610 491 
607 372 624 438 608 492 
606 371 623 438 605 491 
606 371 621 438 603 492 
606 370 620 438 602 492 
605 370 620 438 600 493 
605 370 618 438 598 493 
605 369 617 438 597 494 
605 369 616 438 594 494 
604 368 616 438 593 496 
605 369 616 438 592 495 
605 368 616 438 591 496 
604 367 615 438 590 496 
604 368 615 438 589 496 
605 368 614 438 589 497 
605 368 614 438 589 497 
604 368 614 439 589 497 
605 367 614 439 588 497 
605 367 615 439 588 498 
605 367 615 438 588 497 
605 367 615 438 588 498 
605 367 614 437 589 499 
605 367 615 438 588 497 
605 367 615 437 588 498 
605 367 616 438 589 499 
605 367 616 438 588 498 
606 367 616 438 588 498 
606 367 616 438 589 499 
606 367 616 438 589 498 
606 367 617 438 589 498 
606 367 616 438 590 499 
606 367 616 438 590 499 
606 367 616 438 591 500 
606 368 616 438 591 499 
606 368 617 438 591 499 
606 368 618 438 592 500 
606 367 618 438 593 500 
