640.175 370.565 647.413 440.295 641.0 508.0 
642 374 647 439 629 511 
641 374 648 440 629 511 
641 374 647 440 627 511 
641 374 645 440 625 510 
642 374 645 440 624 511 
643 375 645 440 622 510 
642 374 643 440 622 511 
641 374 644 440 620 511 
642 374 644 440 620 511 
642 375 644 440 621 511 
642 375 644 440 621 512 
642 375 645 440 621 512 
642 374 645 440 621 512 
641 373 645 438 622 512 
642 374 646 438 623 512 
642 374 647 439 624 511 
642 373 648 439 626 512 
642 374 649 437 628 511 
642 374 650 437 631 512 
643 374 651 438 633 512 
642 374 654 435 635 510 
643 374 654 436 638 510 
644 375 657 436 644 510 
644 374 659 437 648 510 
645 374 661 436 650 510 
644 374 661 435 654 509 
645 375 663 435 659 510 
646 376 664 434 660 509 
647 376 667 434 664 508 
647 376 669 435 668 509 
647 376 671 435 670 508 
647 376 672 435 674 508 
647 376 675 435 677 510 
648 376 675 435 679 509 
646 376 677 436 680 510 
648 377 677 436 683 511 
649 377 678 436 685 511 
648 377 679 437 685 510 
648 379 680 437 688 511 
647 378 680 437 687 511 
649 379 681 438 688 512 
649 379 681 438 689 512 
650 379 680 438 689 511 
650 379 681 438 688 511 
649 379 681 439 688 511 
651 380 680 438 688 512 
651 379 680 439 686 511 
650 379 680 440 684 511 
650 380 678 440 684 512 
649 380 678 440 682 512 
650 380 677 441 680 511 
650 380 677 441 678 511 
650 379 676 441 676 510 
649 379 675 441 673 510 
650 381 673 441 670 510 
650 380 670 440 668 511 
650 380 670 441 664 511 
649 379 669 442 660 511 
649 379 667 442 657 510 
649 380 664 442 654 511 
649 379 663 441 651 511 
650 380 661 441 647 509 
649 379 661 441 644 509 
649 379 659 442 641 508 
648 379 658 441 638 509 
649 378 655 441 635 510 
648 379 654 441 632 508 
649 379 652 442 629 507 
649 379 652 442 626 507 
648 378 649 441 623 506 
648 379 648 441 620 508 
648 379 646 440 617 506 
648 378 645 441 616 507 
647 378 644 441 614 507 
647 378 643 441 612 507 
647 378 643 441 612 507 
646 377 642 441 611 507 
647 378 641 441 610 508 
647 378 642 442 609 508 
647 379 642 442 608 508 
646 378 640 442 608 509 
646 378 641 441 608 509 
646 378 642 442 608 509 
646 379 642 443 608 510 
646 378 643 443 610 511 
645 377 643 442 611 512 
645 378 643 442 612 512 
645 377 644 442 614 513 
645 377 645 442 616 513 
645 377 645 442 617 513 
645 377 647 441 620 513 
645 377 648 441 623 512 
646 377 650 442 624 514 
646 377 652 442 627 512 
646 377 653 442 631 513 
646 377 655 442 633 515 
647 378 657 442 636 514 
648 378 658 442 639 513 
648 378 659 442 641 515 
647 377 661 442 645 513 
648 378 662 442 647 515 
649 378 664 441 649 515 
649 378 664 441 651 515 
649 378 666 441 654 516 
648 377 666 441 656 516 
649 378 667 441 658 517 
649 378 669 441 660 517 
649 378 670 441 662 517 
649 378 670 441 664 517 
649 379 671 440 666 517 
650 379 671 440 667 517 
650 379 672 440 668 515 
651 379 673 440 671 515 
651 379 674 439 673 515 
651 379 675 439 674 514 
651 379 676 440 676 515 
651 380 678 440 677 514 
653 380 679 440 679 514 
653 380 678 440 680 514 
652 380 679 440 681 514 
652 379 679 440 681 514 
652 380 680 440 681 513 
652 379 679 440 681 513 
651 379 680 440 680 513 
652 380 679 441 679 513 
651 380 678 441 677 512 
651 380 678 441 677 513 
652 381 677 440 674 511 
652 381 676 440 673 511 
652 381 676 441 671 511 
651 380 675 441 670 511 
651 380 675 441 669 510 
651 380 675 441 667 510 
650 380 673 441 665 509 
651 381 673 441 664 509 
650 380 673 441 663 508 
650 380 671 441 661 508 
650 380 670 441 659 507 
651 381 670 442 655 508 
651 380 667 442 653 507 
650 380 666 442 651 506 
649 380 664 443 647 508 
649 380 664 443 643 508 
647 379 661 443 640 507 
649 381 660 443 638 507 
647 380 658 443 634 508 
648 381 656 444 631 508 
647 380 655 444 629 507 
647 380 653 443 625 508 
646 380 651 444 622 508 
646 380 650 444 620 508 
646 380 648 444 618 508 
645 380 648 444 616 508 
645 380 647 444 613 508 
645 380 646 445 612 508 
645 380 645 445 612 509 
644 380 644 445 611 509 
644 380 644 446 610 509 
643 379 644 446 609 509 
644 380 643 446 608 509 
644 380 642 446 607 510 
643 379 641 445 607 510 
643 379 641 445 606 510 
643 380 641 445 605 510 
643 380 642 445 606 511 
644 380 641 446 607 512 
643 379 642 445 608 513 
643 379 643 445 609 513 
643 379 644 445 611 514 
643 379 645 445 613 515 
643 378 646 445 616 515 
644 379 648 445 618 515 
644 379 649 445 621 515 
644 379 651 445 623 515 
644 379 651 444 625 516 
645 378 652 444 627 516 
645 379 653 444 628 516 
645 379 655 444 631 516 
645 380 656 444 633 516 
646 380 657 444 635 516 
646 380 659 444 637 516 
646 380 659 444 640 516 
646 380 660 444 642 516 
647 380 663 444 646 515 
647 380 664 444 649 517 
647 380 664 444 652 516 
647 380 666 443 655 517 
647 380 668 443 658 516 
648 380 668 444 660 517 
648 381 669 443 662 517 
648 381 670 443 664 517 
648 381 671 443 666 516 
648 380 671 443 667 517 
648 381 672 443 668 517 
648 381 673 442 669 517 
648 380 673 443 669 517 
648 381 673 443 671 516 
649 381 674 443 672 516 
649 381 674 442 673 516 
649 382 675 442 674 516 
649 382 675 443 675 516 
649 381 675 443 675 516 
649 381 676 443 675 516 
648 381 675 443 676 516 
650 382 676 443 676 516 
650 382 675 442 676 516 
650 382 675 442 676 515 
650 382 675 443 676 514 
650 383 676 442 676 514 
650 382 675 443 676 513 
649 382 676 442 676 513 
650 383 675 442 675 512 
650 383 676 442 675 512 
650 383 675 442 674 512 
650 383 676 443 674 512 
650 383 675 442 672 511 
650 383 675 443 670 510 
650 383 674 443 669 511 
650 383 673 443 665 511 
649 383 672 443 663 511 
649 383 669 443 660 510 
649 383 669 443 657 510 
649 383 667 444 655 509 
648 383 666 444 653 509 
648 383 665 444 650 509 
648 382 664 445 647 511 
648 382 663 444 644 509 
647 382 662 444 641 508 
646 382 659 445 639 508 
647 382 658 445 636 508 
647 382 656 444 633 510 
647 382 655 444 629 511 
646 381 654 444 626 511 
646 381 653 444 624 510 
646 381 651 444 621 510 
646 381 650 444 620 510 
646 381 649 446 619 509 
645 382 648 445 618 510 
644 381 648 446 616 509 
645 381 647 445 615 510 
644 381 646 446 614 510 
644 381 646 446 613 510 
644 381 645 446 612 511 
644 381 645 446 612 511 
644 381 644 446 611 512 
644 381 644 447 611 512 
644 381 644 446 611 513 
644 381 644 446 611 513 
644 381 645 447 612 514 
644 381 645 447 612 514 
644 381 646 447 613 515 
644 382 646 447 614 516 
644 381 647 447 615 516 
644 382 647 447 616 517 
645 382 648 447 617 517 
645 382 649 446 619 516 
645 382 650 446 622 517 
645 382 651 446 623 516 
645 381 652 446 627 515 
646 381 653 445 629 516 
646 381 656 445 631 516 
646 381 656 445 633 516 
647 382 658 445 637 516 
647 381 659 445 640 516 
647 381 661 445 643 516 
646 381 662 445 646 517 
647 381 664 444 650 517 
647 381 666 444 654 517 
647 381 667 444 658 516 
648 382 668 443 661 516 
647 381 668 443 664 516 
648 381 671 443 667 516 
649 381 672 444 670 516 
649 382 673 443 673 516 
649 382 674 443 674 516 
649 382 674 443 675 515 
649 381 675 443 678 516 
650 382 675 442 678 515 
650 382 676 442 680 516 
650 382 676 442 681 516 
650 382 678 443 682 516 
650 383 678 442 683 515 
650 384 679 442 684 515 
650 384 680 442 684 515 
650 383 680 442 685 515 
650 383 680 443 685 514 
650 383 680 442 686 513 
649 383 680 442 685 512 
650 384 680 442 685 512 
649 384 680 442 685 512 
649 384 679 442 684 511 
649 384 679 442 683 510 
650 384 679 442 683 511 
650 384 679 441 681 509 
649 383 679 442 680 510 
650 384 678 442 678 509 
649 384 678 442 677 509 
649 384 677 442 675 509 
650 384 676 442 673 509 
650 384 676 442 670 509 
650 384 675 443 667 509 
649 384 674 444 665 509 
649 384 672 444 663 509 
648 384 671 444 660 510 
648 384 669 445 657 510 
647 383 667 445 654 510 
647 384 667 445 652 510 
646 384 664 445 649 511 
645 383 664 445 646 511 
644 382 661 445 643 511 
644 382 660 446 640 512 
644 383 659 446 637 512 
643 382 657 446 635 512 
643 383 656 447 632 511 
643 383 655 446 631 511 
643 383 653 446 629 511 
643 384 651 447 627 512 
642 383 651 447 625 512 
641 383 650 448 623 512 
642 383 648 447 621 512 
642 383 648 448 621 513 
641 383 648 448 619 513 
642 384 647 448 618 513 
641 383 647 448 618 514 
640 382 646 448 617 515 
640 381 646 448 616 514 
640 382 645 448 616 515 
641 383 645 448 616 516 
640 382 645 448 616 515 
640 381 645 448 616 515 
641 381 645 447 616 516 
641 381 645 447 615 515 
641 381 645 447 615 515 
641 382 645 447 616 516 
641 382 645 447 617 517 
641 381 645 447 617 517 
641 381 645 446 618 517 
641 381 645 447 618 517 
642 381 646 447 619 517 
642 381 646 447 619 517 
642 381 647 447 619 517 
642 381 646 447 619 517 
642 381 647 447 620 517 
642 381 647 447 620 517 
642 381 647 447 620 517 
642 382 647 447 619 515 
643 382 647 447 620 517 
642 381 647 447 621 517 
642 381 647 447 621 517 
642 381 648 447 622 517 
642 381 648 447 623 517 
641 381 649 447 624 518 
641 381 649 447 625 518 
641 382 650 447 626 517 
642 382 652 447 628 518 
641 382 652 447 631 518 
641 382 653 447 633 518 
642 383 656 447 636 519 
642 382 656 446 639 518 
641 383 658 446 643 518 
642 383 660 446 646 519 
643 384 661 445 650 518 
643 383 662 445 653 517 
643 383 664 445 657 517 
643 382 666 444 660 517 
644 383 668 444 663 516 
645 383 670 444 666 517 
645 383 670 444 670 517 
646 384 672 444 673 517 
646 383 673 443 676 516 
646 384 674 443 678 516 
646 384 676 443 680 515 
646 384 677 442 682 516 
647 384 677 443 684 515 
647 384 679 443 685 515 
647 385 679 442 687 514 
647 384 680 443 688 515 
648 384 681 443 688 514 
648 383 680 443 689 515 
647 384 681 443 690 514 
648 383 680 443 690 514 
647 384 681 443 690 514 
648 384 681 443 689 514 
647 384 680 443 688 513 
648 385 680 444 687 513 
649 385 680 444 685 513 
648 385 679 444 684 513 
648 385 678 443 682 512 
648 385 678 444 681 512 
646 385 677 444 679 512 
647 385 676 444 677 511 
647 386 675 444 675 511 
647 386 674 444 673 510 
646 386 672 444 671 510 
647 386 672 444 668 511 
646 386 669 445 665 512 
644 385 669 445 662 511 
645 386 667 445 659 510 
644 385 665 445 656 510 
644 385 664 446 652 510 
644 386 662 446 649 510 
644 386 660 446 645 510 
644 385 659 446 641 510 
643 385 656 446 638 511 
642 384 655 447 634 512 
643 385 652 447 630 512 
643 386 650 447 626 512 
643 386 649 447 623 512 
643 385 647 447 619 512 
642 384 645 447 617 511 
642 385 643 448 615 510 
642 385 642 447 613 511 
641 384 642 447 611 511 
641 384 641 448 610 511 
640 383 641 447 609 511 
640 383 641 447 609 512 
639 383 640 447 609 513 
640 383 640 447 609 514 
640 383 640 448 609 514 
640 382 640 448 609 515 
640 382 641 448 610 515 
640 382 641 448 611 516 
640 382 642 448 612 516 
641 382 642 448 612 516 
641 382 642 448 613 517 
640 382 643 448 614 517 
640 381 643 448 615 517 
640 382 644 448 617 517 
642 383 645 448 618 518 
642 382 645 448 619 518 
641 381 646 448 620 518 
641 382 646 447 621 518 
640 381 646 447 621 518 
641 382 647 447 622 518 
641 382 647 447 623 518 
641 382 648 447 623 518 
642 382 648 447 624 518 
642 381 648 447 624 518 
641 381 649 447 625 518 
641 381 649 447 626 518 
641 381 650 447 626 518 
641 381 650 447 627 518 
641 381 650 448 628 519 
642 382 650 447 628 519 
642 382 651 447 629 519 
642 383 652 447 630 518 
642 383 652 447 631 519 
