613.75 386.174 622.572 451.268 623.0 519.0 
621 387 627 452 627 518 
621 387 626 452 624 518 
621 387 625 453 620 518 
621 388 623 452 620 519 
620 388 621 453 615 518 
620 387 621 453 613 518 
621 388 620 453 609 517 
621 388 618 453 608 518 
620 387 618 453 604 518 
621 388 616 452 603 517 
621 388 616 453 599 517 
620 388 614 452 598 516 
621 389 613 452 594 516 
620 388 612 452 591 515 
620 388 611 451 589 516 
619 387 610 451 588 515 
620 388 609 450 587 516 
618 387 609 450 583 516 
619 387 608 450 583 514 
618 387 608 449 582 515 
618 388 608 449 580 516 
619 388 608 449 581 517 
619 387 607 448 580 515 
619 388 607 448 581 517 
619 388 608 448 581 517 
619 388 608 447 581 517 
618 387 609 447 582 518 
618 388 609 446 583 518 
620 389 610 447 584 519 
620 389 611 446 585 518 
620 389 614 446 587 519 
620 390 614 446 591 518 
620 390 616 446 595 520 
620 391 617 447 597 518 
621 391 618 447 600 522 
621 391 620 448 604 522 
621 392 624 448 607 523 
621 392 625 450 610 523 
622 392 626 450 613 523 
623 392 628 450 617 525 
623 392 630 450 619 523 
623 393 632 449 623 526 
623 393 633 450 626 524 
623 393 635 450 630 526 
624 392 637 451 631 525 
625 393 638 451 636 527 
625 393 639 451 637 526 
625 393 640 451 641 527 
625 393 641 451 643 527 
625 393 642 452 645 527 
625 393 644 452 647 527 
626 393 645 453 649 527 
626 393 645 452 650 526 
626 393 646 453 653 527 
626 392 647 453 654 526 
625 392 648 453 655 526 
626 392 649 454 655 525 
626 392 648 453 656 524 
626 392 648 453 656 524 
626 392 649 453 656 524 
626 392 649 453 654 523 
626 392 648 453 654 523 
626 392 648 453 652 522 
626 392 647 453 651 522 
626 392 647 454 651 522 
626 392 646 454 648 521 
626 392 645 454 646 519 
626 391 645 454 643 519 
626 391 644 454 642 518 
626 391 643 454 640 517 
626 391 641 454 637 517 
625 392 641 455 636 517 
626 392 640 455 633 516 
625 391 639 455 630 517 
625 391 637 456 628 517 
625 391 636 456 625 517 
625 391 634 456 622 516 
625 391 632 455 619 517 
624 391 630 455 617 517 
625 391 630 455 614 516 
624 391 629 455 613 516 
625 392 628 456 610 517 
624 391 627 456 609 517 
624 391 625 455 607 517 
624 391 624 455 603 517 
623 391 623 455 602 517 
623 391 622 455 601 517 
623 391 622 455 599 518 
623 391 621 455 598 518 
623 391 621 454 597 517 
623 390 620 454 596 518 
622 390 620 454 597 519 
624 391 620 454 596 519 
623 390 620 454 596 520 
623 391 620 454 595 520 
623 391 620 454 596 521 
623 391 620 453 595 521 
623 391 620 453 595 521 
623 391 620 453 595 522 
623 391 620 453 596 522 
623 391 621 453 597 524 
623 391 621 452 597 523 
624 391 622 453 599 525 
624 391 623 453 600 525 
624 391 624 452 602 525 
624 391 625 453 603 525 
624 391 628 454 606 524 
624 391 627 453 608 525 
625 391 628 452 610 527 
625 391 629 453 612 527 
625 391 631 453 613 526 
625 391 632 453 615 526 
625 391 633 453 618 526 
625 391 634 451 620 528 
625 391 635 452 621 527 
626 391 637 452 624 527 
626 392 638 452 626 526 
626 391 639 451 629 528 
627 392 641 451 631 528 
627 391 642 451 634 527 
626 391 642 451 638 527 
627 391 644 452 640 527 
627 391 645 452 643 527 
627 391 646 451 646 527 
627 392 647 451 647 527 
627 392 650 452 650 528 
628 392 650 452 652 528 
628 392 650 453 653 527 
628 392 650 453 654 527 
628 392 651 453 655 526 
628 392 651 453 657 526 
628 392 651 453 659 526 
628 392 651 453 660 526 
627 391 651 453 661 525 
628 392 651 453 662 525 
627 391 652 453 663 525 
627 392 652 453 664 524 
628 392 652 453 665 524 
627 391 652 454 664 524 
628 392 652 454 663 523 
627 391 651 454 660 521 
627 391 650 454 660 522 
627 392 650 454 657 521 
627 392 649 454 657 521 
627 392 648 455 654 520 
627 392 647 455 651 520 
626 393 646 455 651 521 
627 392 644 456 648 520 
626 392 644 456 646 519 
627 392 641 457 642 518 
626 393 642 457 640 519 
627 393 641 458 637 518 
626 393 640 458 637 519 
626 393 639 458 635 519 
626 393 638 459 632 519 
626 393 637 458 631 519 
626 393 635 458 627 518 
626 393 635 459 627 519 
626 392 634 459 625 519 
626 393 634 459 622 520 
626 393 633 459 620 519 
626 393 632 459 618 519 
626 393 631 459 616 519 
625 393 631 459 613 518 
625 393 630 459 612 519 
624 393 629 459 610 519 
625 392 628 459 609 520 
624 392 628 459 607 520 
625 392 626 459 604 520 
625 392 626 459 603 521 
624 392 625 458 602 521 
624 391 625 458 601 522 
624 392 625 458 601 522 
625 392 625 458 600 522 
625 392 625 457 599 522 
624 392 625 457 599 523 
625 391 624 458 598 523 
624 392 624 457 598 524 
624 391 624 457 598 524 
624 391 624 457 598 524 
624 392 624 457 598 524 
624 391 624 457 598 524 
624 391 625 456 599 524 
625 391 626 456 602 526 
624 392 627 457 601 525 
625 391 627 456 604 525 
625 392 629 456 606 527 
625 391 629 456 608 527 
625 392 630 456 609 528 
625 392 631 456 612 528 
626 393 632 456 612 529 
626 392 633 456 614 529 
626 392 634 456 615 529 
626 392 635 455 618 529 
626 392 636 455 619 529 
627 392 637 456 622 529 
627 392 638 455 623 530 
626 392 640 455 626 529 
627 392 641 455 627 530 
627 392 641 455 630 530 
627 392 644 455 631 530 
627 392 643 455 634 530 
627 392 644 455 635 530 
627 392 647 456 637 531 
627 392 646 456 641 531 
627 392 647 456 643 531 
628 392 649 456 646 531 
628 392 649 455 647 531 
628 391 650 456 650 531 
628 392 651 455 652 531 
628 392 652 455 655 530 
628 392 653 455 658 530 
629 393 654 455 660 530 
628 392 654 455 662 529 
628 392 655 455 664 530 
628 392 655 455 665 529 
629 393 655 455 665 529 
628 392 655 456 666 528 
628 393 655 456 666 528 
629 392 656 456 666 528 
629 392 655 456 665 527 
628 392 655 456 665 527 
628 392 655 456 664 526 
629 392 655 457 663 525 
629 392 654 457 662 525 
629 392 654 457 661 525 
629 391 653 457 659 525 
628 392 652 457 658 524 
628 392 650 457 655 523 
628 392 650 457 653 522 
628 391 649 457 650 522 
628 392 648 457 648 522 
628 392 647 457 646 521 
628 392 646 458 644 521 
627 392 645 458 642 520 
628 391 644 458 639 520 
627 392 644 458 637 520 
627 392 643 458 635 520 
628 392 642 459 633 520 
628 393 641 459 632 520 
628 393 640 459 630 521 
628 393 639 459 626 521 
628 393 638 460 624 520 
627 393 637 460 622 520 
627 393 636 459 621 520 
627 393 636 459 619 521 
627 393 634 460 618 522 
628 393 633 460 617 521 
628 393 632 460 613 521 
627 393 632 461 613 521 
627 393 631 460 610 522 
628 393 630 461 610 523 
627 393 630 460 608 523 
627 394 629 461 605 523 
627 394 628 460 605 524 
627 393 628 460 605 524 
627 393 627 459 604 524 
627 393 628 459 603 523 
627 394 628 459 602 523 
627 393 628 459 602 524 
627 393 628 458 602 524 
628 393 628 458 602 524 
627 393 628 457 601 524 
627 393 627 457 601 525 
627 393 629 457 601 525 
627 394 630 458 602 526 
628 393 630 458 603 527 
628 393 631 457 603 526 
628 394 631 457 604 527 
628 394 633 457 606 527 
628 393 633 457 609 528 
629 393 634 457 610 528 
629 393 636 457 612 529 
629 393 637 457 615 529 
629 393 639 456 617 529 
629 393 639 456 620 529 
629 393 642 457 622 530 
629 393 643 456 626 530 
629 394 644 456 629 530 
630 394 646 456 633 531 
630 394 647 455 636 531 
630 394 648 456 639 531 
630 394 651 455 643 531 
629 394 651 455 645 532 
629 394 653 455 649 532 
630 394 653 456 652 532 
630 393 654 455 653 532 
629 393 655 455 656 531 
630 393 657 454 659 531 
630 393 658 454 661 531 
630 393 657 453 663 531 
630 393 658 453 665 531 
630 393 659 453 666 530 
630 393 660 453 668 530 
630 393 660 452 670 529 
630 393 660 452 671 529 
630 393 660 453 672 529 
630 393 660 453 672 529 
631 393 661 454 673 528 
631 393 661 454 673 528 
631 393 661 454 671 527 
631 394 660 454 671 528 
631 394 660 454 671 528 
631 395 659 454 669 528 
631 394 658 455 667 527 
631 394 657 455 667 528 
631 394 656 456 664 528 
631 394 655 456 662 528 
630 393 655 457 660 527 
629 393 654 457 659 527 
630 394 653 457 657 526 
629 393 652 457 654 526 
629 394 651 458 653 526 
629 394 650 458 651 526 
629 394 649 458 648 526 
629 394 649 459 647 526 
629 394 648 459 644 526 
629 394 646 459 643 525 
629 394 645 460 640 526 
629 394 644 460 638 526 
629 394 643 460 636 525 
628 393 642 460 633 525 
628 393 641 461 631 525 
628 393 639 460 628 525 
628 393 638 460 626 525 
627 392 637 461 623 525 
626 391 636 460 620 525 
626 392 635 460 618 525 
626 391 634 460 616 524 
626 391 633 460 614 524 
626 391 632 460 611 525 
626 392 632 460 609 524 
626 392 630 459 608 525 
626 391 630 460 608 525 
625 391 630 460 607 524 
626 392 630 459 606 524 
626 392 629 459 606 524 
626 391 629 460 605 524 
626 391 629 460 605 524 
626 392 629 460 603 524 
625 391 628 459 603 523 
626 392 628 460 602 524 
625 392 628 460 602 523 
626 392 628 460 601 523 
625 392 628 459 600 523 
626 391 627 460 600 523 
626 392 628 460 600 523 
626 393 627 459 600 523 
626 393 627 460 600 524 
626 394 627 459 599 523 
626 394 626 459 598 524 
626 394 626 459 597 524 
626 394 626 459 596 524 
627 393 625 460 596 524 
627 393 625 459 596 525 
627 394 625 459 595 525 
627 394 625 459 594 525 
627 394 625 458 594 525 
627 394 625 458 594 525 
627 394 625 458 593 525 
627 394 626 458 594 525 
627 394 626 458 594 526 
627 394 627 458 595 526 
628 394 627 457 598 526 
628 395 628 457 599 527 
628 394 629 457 601 527 
628 394 630 456 601 527 
628 394 632 457 604 528 
628 394 633 456 606 528 
628 394 634 457 609 528 
628 393 635 456 611 529 
627 393 637 455 615 529 
628 394 638 456 618 529 
629 394 638 454 622 530 
629 394 642 455 623 530 
630 394 642 455 627 530 
630 394 643 455 631 530 
630 394 645 455 634 531 
630 394 648 455 636 531 
630 394 648 456 640 531 
630 394 649 455 643 531 
630 394 650 456 646 532 
630 394 652 456 650 531 
630 395 653 456 652 532 
630 395 653 455 655 532 
631 395 655 455 659 532 
631 395 656 455 660 532 
631 395 657 455 664 531 
631 395 660 456 666 531 
631 395 660 456 669 531 
630 395 661 456 671 531 
631 395 662 456 673 530 
631 395 662 456 673 529 
631 395 662 456 673 528 
631 395 663 456 674 528 
631 396 662 455 673 528 
631 395 662 456 673 527 
631 395 662 456 674 526 
630 395 662 457 673 527 
630 395 662 457 673 526 
631 395 662 457 672 526 
630 395 661 458 669 525 
630 395 660 458 668 525 
629 396 658 459 665 525 
629 395 658 459 662 526 
629 394 656 459 659 524 
628 395 654 459 656 523 
629 395 653 459 652 523 
629 395 652 459 650 522 
629 394 650 459 646 522 
628 394 649 460 644 521 
628 394 648 461 640 521 
627 392 646 460 639 521 
627 393 644 459 636 521 
627 393 643 460 633 521 
626 393 642 460 631 522 
627 393 640 460 628 522 
627 393 639 460 625 522 
627 393 638 460 623 522 
627 393 637 460 620 523 
627 393 636 460 617 523 
627 393 635 460 617 523 
627 393 634 460 614 522 
627 393 634 460 613 522 
627 392 633 460 612 523 
627 393 633 460 611 523 
627 393 632 460 610 523 
627 393 632 459 608 523 
627 393 631 459 606 523 
628 392 631 460 606 523 
627 393 630 459 605 523 
627 393 630 460 605 523 
627 393 630 460 604 523 
627 393 630 459 604 523 
627 393 629 459 604 524 
627 393 630 460 604 525 
627 393 629 459 604 524 
627 393 629 459 603 524 
627 393 630 459 604 524 
627 393 630 460 604 525 
628 393 629 459 603 525 
627 393 629 460 604 525 
627 393 630 459 603 525 
627 393 630 460 604 525 
627 393 630 460 604 525 
627 393 630 460 605 526 
627 393 630 459 605 526 
