0
0
0
0
0
0
0
0
0
0
0
0
0
0
0
0
0
0
0
0
0
0
0
0
0
0
0
0
0
0
0
0
0
0
0
0
0
0
0
0
0
0
0
0
0
0
0
0.943195 -1.00961 -0.984978 0.979 -0.752394 -0.868841 0.969864 -0.487007 -0.837155 
0.943636 -1.00858 -0.984431 0.989539 -0.749269 -0.873933 0.987423 -0.482946 -0.847552 
0.94382 -1.00823 -0.984309 0.993163 -0.748492 -0.876132 0.992261 -0.482885 -0.851368 
0.944151 -1.00762 -0.984159 0.998541 -0.747034 -0.879113 1.00463 -0.480525 -0.859557 
0.945053 -1.00688 -0.983888 1.00757 -0.744698 -0.886271 1.02054 -0.477711 -0.874789 
0.946032 -1.00633 -0.984384 1.01199 -0.743493 -0.890053 1.02585 -0.4765 -0.880262 
0.946419 -1.00605 -0.984576 1.0161 -0.74237 -0.894702 1.03601 -0.474701 -0.891528 
0.946905 -1.00575 -0.985171 1.02382 -0.740328 -0.903905 1.04812 -0.473863 -0.908884 
0.947646 -1.00508 -0.985815 1.02737 -0.739528 -0.908393 1.05327 -0.47286 -0.916818 
0.948173 -1.00437 -0.986421 1.03083 -0.738069 -0.914232 1.05886 -0.472366 -0.92812 
0.948651 -1.00387 -0.987473 1.03636 -0.736462 -0.924881 1.06781 -0.471732 -0.949976 
0.948949 -1.00364 -0.988048 1.03838 -0.735902 -0.930022 1.07038 -0.471637 -0.958573 
0.949426 -1.00314 -0.989156 1.04068 -0.735125 -0.936735 1.07368 -0.471945 -0.97186 
0.949722 -1.00288 -0.990722 1.04342 -0.733508 -0.948647 1.07688 -0.47168 -0.992387 
0.949951 -1.00291 -0.991701 1.04398 -0.733082 -0.953247 1.07834 -0.471936 -1.00085 
0.949824 -1.00382 -0.992705 1.0439 -0.733336 -0.958843 1.07699 -0.473362 -1.01166 
0.949841 -1.00424 -0.994954 1.04276 -0.732654 -0.969044 1.07463 -0.474622 -1.03063 
0.950069 -1.00457 -0.996035 1.04222 -0.732165 -0.973852 1.07268 -0.475211 -1.03786 
0.950237 -1.00478 -0.99788 1.0402 -0.732851 -0.979309 1.07091 -0.475328 -1.04936 
0.948822 -1.00631 -0.999229 1.03637 -0.732389 -0.989482 1.0625 -0.477753 -1.06626 
0.948671 -1.00683 -1.0001 1.0354 -0.732071 -0.993944 1.05958 -0.47831 -1.0747 
0.947807 -1.00778 -1.00114 1.03171 -0.733048 -0.999379 1.05377 -0.480571 -1.08493 
0.946512 -1.00922 -1.00331 1.02591 -0.733829 -1.00861 1.04395 -0.483441 -1.10196 
0.946501 -1.00951 -1.00454 1.02436 -0.733944 -1.01294 1.03935 -0.484791 -1.1082 
0.946236 -1.01016 -1.00601 1.02046 -0.734304 -1.01795 1.03373 -0.486358 -1.1175 
0.945694 -1.01101 -1.00888 1.01405 -0.735044 -1.02466 1.0218 -0.488739 -1.12944 
0.945315 -1.01199 -1.01013 1.00976 -0.735652 -1.0261 1.01627 -0.489531 -1.13299 
0.945018 -1.01248 -1.01133 1.00587 -0.735113 -1.02974 1.0073 -0.490444 -1.13735 
0.944726 -1.01367 -1.01361 0.99634 -0.73588 -1.03225 0.992357 -0.491062 -1.1423 
0.944602 -1.0139 -1.01401 0.994989 -0.735797 -1.03314 0.989127 -0.491497 -1.14312 
0.94391 -1.01487 -1.01542 0.98758 -0.73648 -1.03457 0.976448 -0.491982 -1.14583 
0.943138 -1.01623 -1.01694 0.979055 -0.73732 -1.03599 0.958218 -0.493938 -1.1452 
0.943109 -1.01645 -1.01719 0.976479 -0.73798 -1.03516 0.955359 -0.494028 -1.14514 
0.942901 -1.01759 -1.01801 0.970308 -0.738927 -1.0351 0.942244 -0.495289 -1.14426 
0.941896 -1.01874 -1.0181 0.96165 -0.740006 -1.03328 0.927317 -0.496764 -1.14184 
0.941869 -1.01887 -1.01828 0.960489 -0.739621 -1.03353 0.924684 -0.49646 -1.14102 
0.941856 -1.01953 -1.01897 0.953775 -0.740594 -1.03148 0.913149 -0.497519 -1.13708 
0.941704 -1.02017 -1.01953 0.946035 -0.741558 -1.02785 0.898211 -0.498052 -1.12864 
0.94165 -1.02024 -1.01969 0.944624 -0.741461 -1.02723 0.895634 -0.498176 -1.12705 
0.941491 -1.02063 -1.02009 0.938136 -0.742744 -1.02203 0.884655 -0.498626 -1.11944 
0.941267 -1.02122 -1.02 0.930917 -0.744081 -1.01625 0.87261 -0.498962 -1.10812 
0.941198 -1.02137 -1.01995 0.930046 -0.744373 -1.01517 0.870492 -0.499552 -1.10566 
0.940981 -1.02228 -1.01958 0.926378 -0.745816 -1.01009 0.862775 -0.499743 -1.09568 
0.940129 -1.02394 -1.01788 0.922015 -0.748199 -1.00178 0.854775 -0.501965 -1.08085 
0.940099 -1.02411 -1.01759 0.921519 -0.748527 -1.00008 0.853858 -0.501566 -1.07782 
0.940034 -1.02452 -1.01641 0.919616 -0.749607 -0.993977 0.850365 -0.501527 -1.0659 
0.940343 -1.0241 -1.01578 0.918658 -0.750023 -0.988858 0.84889 -0.501511 -1.05712 
0.940211 -1.02372 -1.0137 0.917175 -0.751384 -0.98036 0.844937 -0.501543 -1.03999 
0.940161 -1.02356 -1.01302 0.916854 -0.751297 -0.976697 0.843541 -0.501436 -1.03284 
0.939874 -1.02329 -1.0115 0.915435 -0.75155 -0.970544 0.841448 -0.501284 -1.02233 
0.940101 -1.02285 -1.00957 0.914199 -0.75277 -0.960966 0.837683 -0.501718 -1.00439 
0.940196 -1.02269 -1.009 0.913912 -0.753495 -0.956814 0.837632 -0.501521 -0.997655 
0.939908 -1.02247 -1.00752 0.914214 -0.75337 -0.952216 0.837207 -0.501558 -0.987815 
0.941239 -1.02149 -1.00688 0.91441 -0.754441 -0.943157 0.838111 -0.500919 -0.972292 
0.941241 -1.02133 -1.00614 0.9159 -0.753776 -0.94053 0.839491 -0.500445 -0.966268 
0.941463 -1.02053 -1.00501 0.916362 -0.75441 -0.935639 0.840423 -0.500688 -0.956957 
0.94253 -1.01989 -1.00293 0.919789 -0.7543 -0.928587 0.845447 -0.500056 -0.944284 
0.943398 -1.01902 -1.00243 0.922168 -0.753534 -0.926684 0.849114 -0.499041 -0.940654 
0.943323 -1.01871 -1.0004 0.92377 -0.753767 -0.922035 0.852759 -0.498083 -0.934295 
0.943734 -1.01781 -0.99828 0.929059 -0.75264 -0.91699 0.859975 -0.496583 -0.923913 
0.943978 -1.01744 -0.997571 0.931706 -0.752091 -0.915091 0.863162 -0.495964 -0.919585 
0.944787 -1.01643 -0.996179 0.934566 -0.751194 -0.912125 0.868612 -0.494662 -0.915155 
0.945267 -1.01515 -0.993868 0.940764 -0.75068 -0.907198 0.87889 -0.492494 -0.90752 
0.945493 -1.0149 -0.993098 0.943493 -0.749943 -0.905827 0.882642 -0.492034 -0.903984 
0.9468 -1.0142 -0.992108 0.947299 -0.749924 -0.902467 0.890048 -0.491512 -0.899439 
0.948466 -1.01371 -0.98969 0.953663 -0.750058 -0.896957 0.900983 -0.490861 -0.891471 
0.948826 -1.01362 -0.988698 0.956975 -0.750228 -0.895731 0.904679 -0.491011 -0.887331 
0.949234 -1.01342 -0.987246 0.959573 -0.750753 -0.891811 0.910556 -0.491049 -0.88213 
0.95031 -1.01293 -0.985653 0.96572 -0.750919 -0.88701 0.921794 -0.490703 -0.874473 
0.950568 -1.01277 -0.985113 0.968151 -0.751128 -0.885054 0.92509 -0.491085 -0.870763 
0.950468 -1.01292 -0.983342 0.97188 -0.75115 -0.881997 0.932341 -0.490756 -0.865884 
0.951421 -1.01248 -0.982357 0.979169 -0.751364 -0.878777 0.946208 -0.489512 -0.86117 
0.951655 -1.01229 -0.981707 0.983176 -0.751096 -0.87848 0.952485 -0.489093 -0.859783 
0.952202 -1.01208 -0.980804 0.98745 -0.750735 -0.87701 0.960849 -0.488383 -0.857981 
0.953904 -1.01085 -0.980077 0.996559 -0.748703 -0.877325 0.979104 -0.485286 -0.860659 
0.954072 -1.01051 -0.979833 0.998851 -0.748323 -0.877436 0.98538 -0.485228 -0.861463 
0.95421 -1.00984 -0.979622 1.00437 -0.747029 -0.879072 0.995454 -0.48336 -0.864268 
0.954269 -1.00869 -0.979116 1.01255 -0.744995 -0.881855 1.01312 -0.480357 -0.871064 
0.954352 -1.00796 -0.978875 1.01606 -0.743908 -0.883899 1.01942 -0.479676 -0.874918 
0.954732 -1.00703 -0.978854 1.02135 -0.742116 -0.887253 1.02861 -0.478279 -0.88016 
0.955325 -1.00557 -0.979283 1.02745 -0.740811 -0.892448 1.04279 -0.476549 -0.892611 
0.955431 -1.00533 -0.979384 1.02974 -0.739592 -0.894808 1.04677 -0.476445 -0.896562 
0.95562 -1.00503 -0.979704 1.03273 -0.738418 -0.898641 1.05404 -0.475132 -0.904405 
0.95564 -1.00475 -0.980449 1.03626 -0.737321 -0.904232 1.06326 -0.475215 -0.915245 
0.955693 -1.00479 -0.980879 1.03745 -0.736903 -0.906448 1.06755 -0.474477 -0.920653 
0.95562 -1.0048 -0.981584 1.03906 -0.736446 -0.90941 1.07265 -0.474456 -0.926986 
0.955031 -1.00498 -0.982573 1.04176 -0.734871 -0.915272 1.08083 -0.474713 -0.937059 
0.954893 -1.00501 -0.98313 1.04274 -0.734604 -0.917331 1.0847 -0.474808 -0.941399 
0.954548 -1.00504 -0.984184 1.04503 -0.734272 -0.921277 1.09064 -0.475693 -0.948196 
0.95402 -1.00526 -0.985529 1.04753 -0.733393 -0.927163 1.09952 -0.476089 -0.959795 
0.954146 -1.00489 -0.986028 1.04807 -0.732962 -0.929173 1.10298 -0.476786 -0.965209 
0.954041 -1.00474 -0.986762 1.04935 -0.731819 -0.934458 1.10569 -0.476785 -0.973489 
0.954032 -1.00417 -0.988074 1.05007 -0.730573 -0.942282 1.10862 -0.476378 -0.98838 
0.954004 -1.00396 -0.988665 1.05001 -0.730059 -0.945606 1.10788 -0.47637 -0.994847 
0.953722 -1.00406 -0.989586 1.04987 -0.729011 -0.951819 1.10674 -0.476587 -1.00486 
0.953118 -1.00362 -0.992299 1.04751 -0.727303 -0.96219 1.10322 -0.476459 -1.02365 
0.953024 -1.00365 -0.993447 1.04637 -0.726789 -0.966502 1.10083 -0.476402 -1.03083 
0.952518 -1.00388 -0.995112 1.04324 -0.726207 -0.972082 1.09789 -0.476062 -1.0423 
0.951861 -1.00389 -0.998578 1.03861 -0.725752 -0.981648 1.08841 -0.477317 -1.05795 
0.951595 -1.00402 -0.999911 1.03704 -0.725139 -0.986415 1.08487 -0.477441 -1.06461 
0.95128 -1.00416 -1.00196 1.03326 -0.724848 -0.991936 1.07879 -0.478081 -1.07487 
0.949864 -1.0047 -1.00513 1.02635 -0.725105 -1.0013 1.0674 -0.478441 -1.09157 
0.949454 -1.0049 -1.00642 1.02355 -0.724519 -1.00545 1.06161 -0.478855 -1.09778 
0.948507 -1.00586 -1.00786 1.01954 -0.724181 -1.01142 1.05255 -0.479802 -1.10661 
0.947517 -1.00696 -1.01146 1.0125 -0.724444 -1.02014 1.0386 -0.481054 -1.1212 
0.947215 -1.00712 -1.01261 1.00903 -0.724517 -1.02294 1.03349 -0.481317 -1.12604 
0.947117 -1.00723 -1.01477 1.00431 -0.724905 -1.02585 1.02494 -0.482646 -1.13167 
0.946921 -1.00754 -1.01757 0.997962 -0.724919 -1.02992 1.01355 -0.482799 -1.13862 
0.946422 -1.00772 -1.01854 0.996021 -0.72407 -1.0321 1.00913 -0.482837 -1.14082 
0.946522 -1.00757 -1.02048 0.991987 -0.724641 -1.0337 1.00254 -0.48212 -1.14345 
0.946747 -1.00702 -1.02278 0.986642 -0.72323 -1.03662 0.990983 -0.48097 -1.14629 
0.946978 -1.00682 -1.02381 0.984487 -0.72293 -1.03819 0.987065 -0.479441 -1.14788 
0.947085 -1.00673 -1.02444 0.98187 -0.722961 -1.03936 0.977637 -0.480372 -1.14765 
0.94732 -1.00659 -1.02511 0.977102 -0.723096 -1.0413 0.965403 -0.480359 -1.14972 
0.947332 -1.00661 -1.02537 0.975949 -0.723342 -1.04237 0.959368 -0.48144 -1.14986 
0.946587 -1.00724 -1.02529 0.972195 -0.72421 -1.04291 0.951672 -0.482458 -1.1508 
0.946431 -1.00766 -1.02574 0.968091 -0.725778 -1.04405 0.937053 -0.485013 -1.15008 
0.946232 -1.00824 -1.02569 0.965243 -0.726561 -1.04293 0.933028 -0.485996 -1.15064 
0.946688 -1.00861 -1.02618 0.962367 -0.727058 -1.04216 0.922452 -0.487488 -1.1453 
0.946443 -1.00961 -1.02671 0.955537 -0.728517 -1.03825 0.9106 -0.487993 -1.13801 
0.945431 -1.01045 -1.02587 0.953419 -0.72846 -1.03655 0.904999 -0.487151 -1.13325 
0.946181 -1.0108 -1.02633 0.948792 -0.729241 -1.03179 0.896806 -0.487901 -1.1241 
0.946358 -1.0112 -1.02533 0.943682 -0.730324 -1.02419 0.885055 -0.487283 -1.10866 
0.946485 -1.01128 -1.02517 0.941507 -0.730362 -1.02126 0.880964 -0.488273 -1.10252 
0.946571 -1.01148 -1.02476 0.938509 -0.731043 -1.01582 0.875789 -0.48746 -1.09315 
0.946668 -1.01248 -1.02337 0.934701 -0.732694 -1.00737 0.868171 -0.488042 -1.07674 
0.946936 -1.01258 -1.02282 0.933545 -0.733479 -1.00458 0.865995 -0.487431 -1.07069 
0.947111 -1.01294 -1.02189 0.932189 -0.734844 -0.999358 0.862507 -0.488462 -1.06151 
0.947102 -1.01374 -1.0195 0.929912 -0.736724 -0.991053 0.85696 -0.490543 -1.04672 
0.947272 -1.01394 -1.01852 0.929063 -0.737518 -0.987996 0.855663 -0.490683 -1.04169 
0.947447 -1.01418 -1.01752 0.928015 -0.738192 -0.983634 0.854418 -0.491032 -1.03526 
0.947223 -1.01453 -1.01551 0.926222 -0.739424 -0.977333 0.85116 -0.491901 -1.02347 
0.947304 -1.01455 -1.01486 0.926056 -0.73937 -0.97512 0.84973 -0.491683 -1.01838 
0.94708 -1.01473 -1.0133 0.925215 -0.740129 -0.969948 0.848387 -0.491915 -1.0107 
0.946907 -1.01462 -1.01116 0.924524 -0.740815 -0.9616 0.846459 -0.492389 -0.996317 
0.946877 -1.0146 -1.01035 0.924847 -0.741264 -0.958243 0.847095 -0.492278 -0.990266 
0.946855 -1.01463 -1.00853 0.926745 -0.741027 -0.953947 0.848666 -0.491915 -0.981424 
0.947717 -1.01355 -1.00674 0.929103 -0.741405 -0.944937 0.853546 -0.490711 -0.966195 
0.948406 -1.01301 -1.00625 0.931594 -0.740671 -0.942181 0.855978 -0.490059 -0.959954 
0.948724 -1.01192 -1.005 0.932955 -0.741059 -0.936412 0.860157 -0.489092 -0.950366 
0.949877 -1.01062 -1.0025 0.937893 -0.74009 -0.92802 0.867187 -0.487799 -0.935205 
0.949997 -1.01014 -1.0017 0.939304 -0.740059 -0.924582 0.870052 -0.4871 -0.929225 
0.949971 -1.00954 -1.0004 0.942673 -0.739844 -0.92085 0.875278 -0.485494 -0.921194 
0.950249 -1.00827 -0.998612 0.947016 -0.739549 -0.914194 0.883599 -0.484813 -0.909756 
0.950339 -1.00778 -0.997622 0.949612 -0.738779 -0.912738 0.886808 -0.484303 -0.905903 
0.951098 -1.00719 -0.996628 0.951876 -0.739038 -0.909544 0.89197 -0.483436 -0.901574 
0.951311 -1.00672 -0.995077 0.956422 -0.738451 -0.90659 0.901102 -0.481507 -0.896668 
0.95135 -1.00657 -0.994663 0.95871 -0.737913 -0.905408 0.904457 -0.480848 -0.895077 
0.951469 -1.00634 -0.994248 0.962078 -0.737464 -0.904306 0.910188 -0.480323 -0.892736 
0.951528 -1.00587 -0.99293 0.968277 -0.73673 -0.902267 0.920175 -0.478778 -0.888922 
0.951675 -1.00566 -0.992514 0.970189 -0.736687 -0.900992 0.926048 -0.477541 -0.888404 
0.951983 -1.00531 -0.991833 0.97505 -0.735893 -0.900646 0.933201 -0.477167 -0.885994 
0.953001 -1.00385 -0.99079 0.982076 -0.734635 -0.898551 0.945129 -0.475701 -0.881677 
0.9533 -1.00312 -0.990014 0.984698 -0.734244 -0.897498 0.950405 -0.474421 -0.880951 
0.95439 -1.00226 -0.989967 0.988625 -0.733333 -0.896278 0.957181 -0.473381 -0.878205 
0.955536 -1.0006 -0.98942 0.995527 -0.732098 -0.894592 0.96885 -0.471357 -0.876003 
0.95556 -1.00047 -0.988637 0.998069 -0.731189 -0.894285 0.974252 -0.470627 -0.875901 
0.955778 -0.999796 -0.988271 1.00179 -0.73084 -0.89362 0.981897 -0.469271 -0.876096 
0.956179 -0.998666 -0.987264 1.00888 -0.729373 -0.894257 0.993991 -0.46799 -0.87719 
0.956352 -0.998407 -0.987143 1.01111 -0.72922 -0.894192 0.999777 -0.467166 -0.878519 
0.956766 -0.99776 -0.987061 1.01553 -0.728319 -0.895401 1.00763 -0.466879 -0.879858 
0.957092 -0.997384 -0.986294 1.02245 -0.72761 -0.896548 1.02099 -0.465705 -0.883115 
0.957346 -0.996923 -0.986479 1.0242 -0.728002 -0.896403 1.02741 -0.464973 -0.884618 
0.957295 -0.996532 -0.986312 1.0292 -0.727616 -0.897385 1.03618 -0.465246 -0.886111 
0.957189 -0.996003 -0.985614 1.03648 -0.727129 -0.898908 1.05169 -0.465463 -0.888897 
0.957315 -0.995751 -0.985365 1.03845 -0.727045 -0.898531 1.05808 -0.464953 -0.890302 
0.95757 -0.995231 -0.985198 1.04265 -0.725945 -0.899742 1.06777 -0.463958 -0.892843 
0.957753 -0.994496 -0.985019 1.04776 -0.724529 -0.901336 1.08048 -0.463814 -0.89829 
0.95788 -0.994275 -0.98517 1.04964 -0.724118 -0.902669 1.08557 -0.462994 -0.902394 
0.957869 -0.993975 -0.985226 1.05161 -0.723941 -0.904678 1.09024 -0.46299 -0.906873 
0.957876 -0.993893 -0.98577 1.05449 -0.722568 -0.910171 1.09835 -0.462578 -0.919465 
0.958047 -0.993817 -0.986605 1.0547 -0.72206 -0.913024 1.10116 -0.46247 -0.924812 
0.957748 -0.993908 -0.987493 1.05569 -0.721432 -0.917873 1.10438 -0.46175 -0.935418 
0.957694 -0.994096 -0.988815 1.05733 -0.720214 -0.926616 1.10714 -0.462175 -0.950863 
0.95771 -0.994138 -0.989522 1.05799 -0.719337 -0.930391 1.10753 -0.461883 -0.957777 
0.957682 -0.994348 -0.990471 1.05844 -0.718399 -0.936568 1.10738 -0.462292 -0.96802 
0.957419 -0.994781 -0.992299 1.05814 -0.718547 -0.945331 1.10679 -0.461925 -0.985403 
0.957589 -0.994881 -0.99325 1.05798 -0.718402 -0.948448 1.10443 -0.462669 -0.990588 
0.95745 -0.995395 -0.994199 1.05607 -0.718369 -0.952955 1.10341 -0.462352 -1.00087 
0.95607 -0.997223 -0.995518 1.05382 -0.718496 -0.961207 1.09818 -0.464075 -1.0163 
0.955926 -0.997527 -0.996518 1.05235 -0.717939 -0.964837 1.09661 -0.463261 -1.02204 
0.954545 -0.998835 -0.997004 1.0502 -0.717745 -0.969239 1.09279 -0.464506 -1.0316 
0.954244 -0.999355 -0.999892 1.0445 -0.717405 -0.977884 1.08439 -0.464036 -1.04751 
0.954316 -0.999295 -1.00199 1.04304 -0.717196 -0.982773 1.08031 -0.464627 -1.05439 
0.954207 -0.99954 -1.00354 1.03967 -0.717049 -0.988348 1.07584 -0.465249 -1.06622 
0.953383 -1.00081 -1.0058 1.03392 -0.7174 -0.996704 1.06372 -0.466229 -1.08177 
0.953292 -1.00106 -1.00685 1.03248 -0.717165 -1.00077 1.05848 -0.467389 -1.0876 
0.953057 -1.00131 -1.0087 1.02858 -0.717173 -1.00525 1.05195 -0.467638 -1.09621 
0.95296 -1.00165 -1.01125 1.02314 -0.717413 -1.01226 1.03953 -0.469496 -1.10726 
0.953072 -1.00176 -1.01228 1.02141 -0.717807 -1.01406 1.03394 -0.470586 -1.1096 
0.952561 -1.00225 -1.01299 1.01698 -0.718251 -1.01633 1.02648 -0.470964 -1.11414 
0.951511 -1.00281 -1.01426 1.01088 -0.718136 -1.01992 1.01353 -0.47151 -1.11953 
0.951304 -1.00286 -1.01491 1.00816 -0.717766 -1.02138 1.00883 -0.471294 -1.1213 
0.950153 -1.00336 -1.01559 1.00371 -0.717673 -1.02303 1.00128 -0.471205 -1.12435 
0.95021 -1.00302 -1.01764 0.996983 -0.717997 -1.02582 0.987697 -0.471458 -1.12811 
0.950072 -1.00306 -1.01795 0.995104 -0.717794 -1.02702 0.98186 -0.472375 -1.12877 
0.949447 -1.00348 -1.01841 0.990598 -0.718158 -1.02774 0.974164 -0.472578 -1.13057 
0.949689 -1.00351 -1.01923 0.984854 -0.718839 -1.02907 0.961312 -0.474029 -1.13096 
0.949767 -1.00349 -1.01927 0.983499 -0.718589 -1.02989 0.95711 -0.473962 -1.13069 
0.949758 -1.00357 -1.01941 0.980896 -0.718399 -1.02968 0.951125 -0.473819 -1.13017 
0.94983 -1.00359 -1.01945 0.974935 -0.718836 -1.02743 0.939116 -0.474654 -1.12473 
0.949769 -1.00359 -1.01934 0.972636 -0.719036 -1.02546 0.935647 -0.474075 -1.12324 
0.949724 -1.00361 -1.01915 0.968656 -0.719404 -1.02238 0.929438 -0.47333 -1.11946 
0.949574 -1.00353 -1.0188 0.962558 -0.719379 -1.01736 0.917331 -0.473752 -1.1105 
0.949562 -1.00346 -1.01864 0.960393 -0.719598 -1.01571 0.91292 -0.473339 -1.10687 
0.949684 -1.0034 -1.01839 0.957689 -0.719533 -1.01326 0.905866 -0.473804 -1.10133 
0.949715 -1.00362 -1.01822 0.951592 -0.720627 -1.00794 0.893913 -0.474395 -1.09146 
0.949695 -1.00381 -1.01801 0.949728 -0.721289 -1.00524 0.889467 -0.475291 -1.08645 
0.949632 -1.00468 -1.01735 0.946326 -0.722239 -1.00091 0.883518 -0.476438 -1.07928 
0.949157 -1.00581 -1.0155 0.943412 -0.724942 -0.993785 0.874832 -0.47838 -1.06587 
0.949102 -1.00628 -1.01475 0.94253 -0.726102 -0.990426 0.872826 -0.479162 -1.06001 
0.948744 -1.00734 -1.01313 0.941807 -0.727595 -0.986162 0.869769 -0.480725 -1.05115 
0.94915 -1.0089 -1.01082 0.94048 -0.731084 -0.976923 0.86677 -0.483438 -1.03628 
0.949184 -1.00951 -1.00957 0.940057 -0.73217 -0.973575 0.866243 -0.483644 -1.03057 
0.950514 -1.00995 -1.00908 0.94026 -0.732987 -0.968892 0.865096 -0.484913 -1.02198 
0.951121 -1.01018 -1.00733 0.940849 -0.73476 -0.96067 0.863116 -0.485633 -1.00653 
0.951342 -1.01027 -1.00653 0.940627 -0.735383 -0.957042 0.86086 -0.48671 -0.998704 
0.951733 -1.00988 -1.00524 0.940824 -0.736046 -0.951723 0.858404 -0.487853 -0.987638 
0.951751 -1.0095 -1.00365 0.939925 -0.737149 -0.941018 0.856389 -0.48867 -0.968196 
0.951594 -1.00945 -1.00265 0.939584 -0.737639 -0.936766 0.854914 -0.488527 -0.959227 
0.951805 -1.00897 -1.00156 0.940407 -0.737982 -0.931027 0.854453 -0.489693 -0.947186 
0.952388 -1.00736 -0.99956 0.942501 -0.73925 -0.920749 0.855585 -0.491286 -0.926074 
0.952753 -1.0072 -0.998462 0.943393 -0.739534 -0.916413 0.856453 -0.491239 -0.917804 
0.952583 -1.00708 -0.996594 0.944863 -0.7404 -0.909846 0.859572 -0.491859 -0.906225 
0.952885 -1.0065 -0.994341 0.949632 -0.74094 -0.901059 0.86741 -0.491398 -0.89023 
0.953307 -1.00581 -0.993315 0.952044 -0.741455 -0.89815 0.870579 -0.491293 -0.884169 
0.954463 -1.00511 -0.992373 0.954947 -0.741806 -0.89325 0.87641 -0.491365 -0.875415 
0.954684 -1.00463 -0.98914 0.96232 -0.740931 -0.887474 0.888792 -0.48958 -0.864761 
0.955571 -1.00381 -0.9886 0.965293 -0.740992 -0.88549 0.894339 -0.488541 -0.861289 
0.956126 -1.00305 -0.987536 0.970418 -0.740187 -0.883368 0.902708 -0.48718 -0.856824 
0.956585 -1.0025 -0.98461 0.978882 -0.739118 -0.879348 0.918508 -0.484772 -0.850153 
0.956585 -1.00245 -0.983446 0.983276 -0.738573 -0.87855 0.926108 -0.48378 -0.848598 
0.956933 -1.00193 -0.982308 0.988277 -0.738461 -0.875921 0.936322 -0.482351 -0.845023 
0.95791 -1.00007 -0.980615 0.99814 -0.737791 -0.872865 0.954991 -0.479954 -0.840192 
0.958166 -0.999558 -0.97981 1.00244 -0.737046 -0.872114 0.961867 -0.47921 -0.837995 
0.958353 -0.998831 -0.978131 1.0079 -0.736497 -0.870697 0.973014 -0.478057 -0.835988 
0.959167 -0.996997 -0.977283 1.01715 -0.735918 -0.868874 0.990488 -0.476862 -0.832164 
0.960232 -0.996242 -0.977578 1.02015 -0.735806 -0.867932 0.997623 -0.475978 -0.831764 
0.960525 -0.995945 -0.977849 1.02586 -0.734927 -0.867731 1.0081 -0.475186 -0.831596 
0.961513 -0.994855 -0.97729 1.03543 -0.734356 -0.86835 1.02468 -0.474207 -0.831788 
0.96188 -0.994322 -0.977341 1.03793 -0.734923 -0.8681 1.03127 -0.474294 -0.83209 
0.962095 -0.994109 -0.977347 1.04319 -0.734526 -0.868817 1.04174 -0.473749 -0.834365 
0.962466 -0.993666 -0.977565 1.05077 -0.734207 -0.870756 1.05687 -0.47319 -0.837546 
0.962834 -0.993305 -0.977652 1.0532 -0.734186 -0.871235 1.06304 -0.472907 -0.840003 
0.963194 -0.992844 -0.977997 1.05738 -0.733942 -0.873223 1.07145 -0.472346 -0.844042 
0.96334 -0.992383 -0.978391 1.06236 -0.733416 -0.875611 1.0833 -0.472122 -0.849662 
0.963387 -0.992268 -0.978583 1.0652 -0.732895 -0.877104 1.08857 -0.471701 -0.852876 
0.96347 -0.99201 -0.978847 1.06744 -0.732146 -0.879046 1.09548 -0.471206 -0.858607 
0.963653 -0.991702 -0.97974 1.07145 -0.730267 -0.884113 1.10622 -0.46971 -0.870274 
0.963677 -0.991696 -0.979948 1.07194 -0.730178 -0.884929 1.10887 -0.469265 -0.873275 
0.963852 -0.991414 -0.980831 1.07471 -0.728544 -0.889652 1.11523 -0.468103 -0.883413 
0.964125 -0.991021 -0.981928 1.07697 -0.726859 -0.896443 1.12134 -0.466504 -0.897382 
0.964129 -0.991051 -0.982049 1.07747 -0.726551 -0.897788 1.12267 -0.466182 -0.900217 
0.964392 -0.99071 -0.983253 1.07909 -0.725596 -0.904205 1.12592 -0.464688 -0.912511 
0.964343 -0.990372 -0.985208 1.08003 -0.723317 -0.912561 1.12767 -0.46298 -0.927088 
0.964338 -0.990281 -0.985589 1.08007 -0.722775 -0.914511 1.12767 -0.462851 -0.929829 
0.963806 -0.990222 -0.987334 1.07836 -0.721058 -0.920563 1.12648 -0.46138 -0.941226 
0.963928 -0.989416 -0.990574 1.07605 -0.718264 -0.929387 1.12308 -0.459028 -0.95583 
0.963366 -0.989764 -0.990804 1.07567 -0.71738 -0.931349 1.12231 -0.458884 -0.958699 
0.962165 -0.989768 -0.992964 1.07211 -0.715575 -0.937996 1.11786 -0.456985 -0.971906 
0.961672 -0.990319 -0.996744 1.06737 -0.713044 -0.947893 1.11043 -0.454814 -0.989653 
0.961596 -0.990297 -0.997385 1.06654 -0.712799 -0.94956 1.10787 -0.454826 -0.992541 
0.960737 -0.990832 -0.999462 1.06253 -0.711399 -0.958244 1.1014 -0.453376 -1.0073 
0.960138 -0.991205 -1.00268 1.05809 -0.710402 -0.967872 1.09152 -0.453417 -1.02309 
0.960152 -0.991023 -1.00375 1.05674 -0.710308 -0.96993 1.09011 -0.453663 -1.02665 
0.958487 -0.991781 -1.00544 1.05268 -0.708928 -0.977412 1.08396 -0.453037 -1.03969 
0.95709 -0.992162 -1.00841 1.04652 -0.708279 -0.985722 1.07392 -0.45284 -1.05426 
0.956924 -0.992172 -1.00894 1.04577 -0.707885 -0.987205 1.07303 -0.452155 -1.05767 
0.956146 -0.992335 -1.01128 1.04114 -0.70729 -0.993328 1.06402 -0.452293 -1.06678 
0.95498 -0.992251 -1.01427 1.0349 -0.706297 -1.00022 1.05203 -0.452099 -1.07712 
0.954552 -0.992195 -1.01463 1.03393 -0.706118 -1.00137 1.05013 -0.452193 -1.07878 
0.954148 -0.99202 -1.01685 1.02877 -0.705464 -1.00629 1.04124 -0.451934 -1.08702 
0.9517 -0.992788 -1.01782 1.02143 -0.705155 -1.01135 1.027 -0.452699 -1.09481 
0.951753 -0.992769 -1.01843 1.01972 -0.705538 -1.01191 1.02459 -0.452825 -1.09624 
0.951048 -0.993032 -1.01969 1.01369 -0.705463 -1.01491 1.01296 -0.452991 -1.10091 
0.95078 -0.993408 -1.0216 1.00637 -0.705513 -1.01864 0.997976 -0.45433 -1.10539 
0.950751 -0.99353 -1.02191 1.00402 -0.706376 -1.01857 0.994942 -0.454022 -1.10597 
0.950202 -0.994295 -1.0234 0.99783 -0.706405 -1.0203 0.982334 -0.455416 -1.10719 
0.94991 -0.996037 -1.0253 0.989922 -0.708228 -1.02107 0.967915 -0.457277 -1.10807 
0.949904 -0.996362 -1.02555 0.988788 -0.708443 -1.02131 0.965438 -0.45757 -1.10848 
0.949394 -0.998044 -1.02596 0.982638 -0.710238 -1.0221 0.952276 -0.459999 -1.10694 
0.94907 -0.999529 -1.02633 0.975415 -0.711905 -1.02144 0.936833 -0.462249 -1.10372 
0.949126 -1.00006 -1.02646 0.974013 -0.712672 -1.02117 0.933058 -0.463533 -1.10298 
0.948712 -1.00109 -1.02656 0.968205 -0.713979 -1.02052 0.921714 -0.46497 -1.10061 
0.948821 -1.00191 -1.02714 0.962177 -0.715723 -1.01927 0.908339 -0.467525 -1.09621 
0.948831 -1.00216 -1.02713 0.961336 -0.716003 -1.01903 0.905975 -0.46826 -1.09572 
0.948874 -1.00263 -1.02691 0.958062 -0.716656 -1.01776 0.898003 -0.469959 -1.09218 
0.948777 -1.00334 -1.02612 0.953531 -0.718615 -1.01424 0.890553 -0.471731 -1.08742 
0.948832 -1.00344 -1.02596 0.953113 -0.718754 -1.01376 0.88984 -0.471825 -1.08688 
0.948832 -1.00373 -1.02558 0.951841 -0.719537 -1.01226 0.885255 -0.473238 -1.08273 
0.948774 -1.0042 -1.02495 0.950818 -0.719959 -1.0107 0.881952 -0.47363 -1.07888 
0.948758 -1.00424 -1.02475 0.950542 -0.720087 -1.01026 0.881272 -0.473731 -1.078 
0.948617 -1.00434 -1.02383 0.949526 -0.72032 -1.00887 0.878958 -0.473897 -1.07565 
0.948638 -1.00445 -1.02359 0.946455 -0.721106 -1.00611 0.875549 -0.474707 -1.07301 
0.948638 -1.00449 -1.02344 0.945703 -0.721196 -1.00558 0.87411 -0.475328 -1.07196 
0.948645 -1.00466 -1.0228 0.944509 -0.721448 -1.00426 0.871703 -0.475378 -1.06974 
0.948612 -1.00479 -1.02235 0.942974 -0.722031 -1.00306 0.867306 -0.476335 -1.06694 
0.948589 -1.00482 -1.02233 0.942745 -0.722119 -1.00296 0.866466 -0.476938 -1.06634 
0.94858 -1.00489 -1.02213 0.941746 -0.722302 -1.00247 0.864618 -0.477601 -1.06511 
0.948728 -1.00501 -1.02218 0.938885 -0.723249 -1.00028 0.861414 -0.478535 -1.06304 
0.948732 -1.00497 -1.02204 0.93866 -0.723292 -1.00005 0.861118 -0.478621 -1.06284 
0.948816 -1.00502 -1.02209 0.937787 -0.723457 -0.999271 0.85968 -0.478476 -1.06159 
0.948974 -1.00503 -1.02237 0.93638 -0.72409 -0.997503 0.856265 -0.479273 -1.0579 
0.949061 -1.00499 -1.02253 0.936074 -0.724228 -0.997065 0.855495 -0.479385 -1.05696 
0.949165 -1.0049 -1.02285 0.934572 -0.724673 -0.995077 0.850322 -0.480086 -1.05121 
0.949293 -1.0046 -1.02311 0.930537 -0.725455 -0.989809 0.842691 -0.482007 -1.04128 
0.949291 -1.00458 -1.02309 0.929802 -0.725726 -0.988605 0.841549 -0.482213 -1.03936 
0.949349 -1.00426 -1.02299 0.927737 -0.725767 -0.984316 0.835559 -0.483606 -1.02974 
0.949414 -1.00407 -1.02265 0.925354 -0.726961 -0.977584 0.83116 -0.484107 -1.01707 
0.94945 -1.00403 -1.02261 0.925075 -0.727149 -0.976445 0.830253 -0.484443 -1.01446 
0.94951 -1.00373 -1.02216 0.923755 -0.72854 -0.970379 0.827076 -0.486113 -1.0027 
0.949781 -1.00393 -1.02158 0.922412 -0.730919 -0.961916 0.823943 -0.487973 -0.985807 
0.949868 -1.0039 -1.02149 0.922004 -0.73136 -0.959656 0.823718 -0.488164 -0.982799 
0.949932 -1.00363 -1.02052 0.921734 -0.732418 -0.951848 0.823169 -0.489019 -0.96748 
0.950565 -1.00261 -1.01867 0.922017 -0.734138 -0.940232 0.822282 -0.491302 -0.946539 
0.950614 -1.00249 -1.01827 0.922019 -0.734601 -0.938003 0.822588 -0.491514 -0.942574 
0.950316 -1.00201 -1.01603 0.923916 -0.735686 -0.930323 0.823993 -0.492597 -0.926454 
0.950567 -1.00143 -1.01336 0.925646 -0.737312 -0.919208 0.828719 -0.493351 -0.907068 
0.95066 -1.00134 -1.0129 0.926868 -0.737342 -0.917197 0.830548 -0.493377 -0.903476 
0.952132 -1.00043 -1.01126 0.930517 -0.737999 -0.909534 0.83655 -0.493703 -0.889313 
0.95238 -1.00003 -1.00767 0.935822 -0.739004 -0.900011 0.845658 -0.493733 -0.872523 
0.952514 -0.999589 -1.00679 0.937159 -0.738637 -0.898708 0.847883 -0.493783 -0.869388 
0.953212 -0.998432 -1.00464 0.941777 -0.738996 -0.891966 0.856401 -0.493294 -0.858531 
0.953195 -0.997739 -1.00223 0.947679 -0.739555 -0.884158 0.867255 -0.493238 -0.844176 
0.953155 -0.997499 -1.00173 0.95011 -0.739349 -0.883304 0.870913 -0.492744 -0.841829 
0.953407 -0.996977 -0.999956 0.955399 -0.739745 -0.877681 0.882716 -0.491634 -0.83253 
0.954133 -0.995936 -0.996493 0.963255 -0.739706 -0.870495 0.89756 -0.491266 -0.819699 
0.954251 -0.995861 -0.995954 0.964502 -0.739798 -0.869232 0.901393 -0.490596 -0.81859 
0.954494 -0.994986 -0.993644 0.971486 -0.739734 -0.865374 0.91415 -0.489112 -0.812288 
0.95565 -0.994169 -0.991354 0.980906 -0.738393 -0.862836 0.929381 -0.487869 -0.806481 
0.955665 -0.99406 -0.990934 0.98224 -0.738532 -0.861914 0.931976 -0.487589 -0.805543 
0.956761 -0.993217 -0.990311 0.989331 -0.737992 -0.860715 0.945555 -0.485405 -0.803991 
0.95686 -0.992595 -0.989299 0.997936 -0.73705 -0.860123 0.963245 -0.483448 -0.803573 
0.956933 -0.992484 -0.989211 1.00055 -0.73656 -0.860995 0.966953 -0.482922 -0.803203 
0.957061 -0.991963 -0.988704 1.00817 -0.735043 -0.861841 0.982332 -0.480262 -0.804833 
0.957616 -0.989875 -0.988734 1.0175 -0.733119 -0.863799 1.00037 -0.477509 -0.808031 
0.957676 -0.989686 -0.988565 1.01908 -0.732959 -0.864193 1.0044 -0.476737 -0.809586 
0.958226 -0.988504 -0.988464 1.02695 -0.730835 -0.86745 1.01948 -0.473233 -0.815456 
0.958401 -0.987429 -0.98863 1.03694 -0.728428 -0.872941 1.03791 -0.469655 -0.825548 
0.958504 -0.98706 -0.988775 1.03845 -0.728038 -0.873603 1.04217 -0.468759 -0.827859 
0.958301 -0.985708 -0.989333 1.04618 -0.725519 -0.879101 1.05666 -0.466089 -0.836852 
0.958109 -0.985133 -0.9893 1.05031 -0.724801 -0.881675 1.06721 -0.464783 -0.844086 
0.958577 -0.982843 -0.990503 1.05913 -0.722752 -0.888346 1.08504 -0.462845 -0.856904 
0.958519 -0.982279 -0.990926 1.06319 -0.721714 -0.891821 1.09234 -0.461758 -0.863205 
0.958663 -0.981154 -0.992071 1.06731 -0.720405 -0.896398 1.10197 -0.460168 -0.872124 
0.958675 -0.980011 -0.993273 1.07437 -0.718891 -0.904067 1.11631 -0.458885 -0.886616 
0.958134 -0.979642 -0.99371 1.07618 -0.718599 -0.907034 1.12085 -0.458529 -0.89271 
0.958029 -0.979149 -0.994668 1.08028 -0.716991 -0.913055 1.12645 -0.457286 -0.902395 
0.957886 -0.978406 -0.996666 1.08344 -0.715474 -0.921534 1.13396 -0.4563 -0.919412 
0.956646 -0.978459 -0.996755 1.08439 -0.714756 -0.925095 1.13641 -0.45569 -0.926298 
0.956169 -0.978427 -0.997853 1.0855 -0.714288 -0.930817 1.13891 -0.455102 -0.937045 
0.955831 -0.978252 -0.999938 1.08756 -0.712922 -0.9424 1.14154 -0.454525 -0.956495 
0.95574 -0.978293 -1.00084 1.08776 -0.712356 -0.946664 1.14215 -0.454274 -0.965157 
0.95559 -0.977881 -1.00268 1.08777 -0.711062 -0.953972 1.14125 -0.454014 -0.977733 
0.95476 -0.97793 -1.00484 1.08599 -0.709323 -0.965544 1.13791 -0.452654 -0.999989 
0.954744 -0.977759 -1.00604 1.08524 -0.708786 -0.97078 1.13669 -0.451196 -1.00926 
0.95368 -0.978199 -1.00683 1.08236 -0.707434 -0.977267 1.13155 -0.450932 -1.02154 
0.95192 -0.979397 -1.00898 1.0778 -0.705561 -0.989848 1.12038 -0.449994 -1.04248 
0.95136 -0.979673 -1.01007 1.07416 -0.705381 -0.993479 1.11497 -0.450166 -1.05025 
0.950626 -0.980321 -1.01177 1.06976 -0.704702 -1.00049 1.10656 -0.449841 -1.06299 
0.949269 -0.981518 -1.01475 1.06137 -0.704133 -1.01204 1.09151 -0.45021 -1.08388 
0.949002 -0.982316 -1.01606 1.05811 -0.704108 -1.01646 1.08429 -0.451308 -1.09068 
0.948407 -0.983169 -1.01781 1.05299 -0.703685 -1.0226 1.07538 -0.452263 -1.1029 
0.945817 -0.985194 -1.01918 1.04463 -0.703861 -1.03178 1.05864 -0.453942 -1.11743 
0.94549 -0.985674 -1.02026 1.04081 -0.704568 -1.03428 1.0529 -0.454301 -1.1233 
0.945128 -0.986436 -1.02185 1.03541 -0.70427 -1.03788 1.04358 -0.454655 -1.12981 
0.944044 -0.988435 -1.02416 1.02588 -0.704794 -1.04157 1.02697 -0.455691 -1.13634 
0.943915 -0.988927 -1.0251 1.0237 -0.704176 -1.04347 1.01996 -0.456316 -1.13724 
0.943979 -0.989684 -1.02691 1.01801 -0.704636 -1.04419 1.00983 -0.456577 -1.13715 
0.943612 -0.992143 -1.02868 1.00877 -0.705827 -1.04389 0.993361 -0.456898 -1.13523 
0.943295 -0.993145 -1.0292 1.00579 -0.705622 -1.04432 0.987119 -0.45648 -1.13518 
0.943679 -0.993976 -1.03053 0.999817 -0.706168 -1.04272 0.976404 -0.457308 -1.13204 
0.943701 -0.995459 -1.0307 0.991403 -0.706796 -1.04041 0.95844 -0.458577 -1.1258 
0.943769 -0.996064 -1.03067 0.987455 -0.708069 -1.03816 0.952454 -0.458994 -1.12259 
0.943753 -0.997022 -1.03042 0.983538 -0.708709 -1.03669 0.942891 -0.460177 -1.1178 
0.943373 -0.999365 -1.0291 0.97701 -0.711061 -1.03215 0.930017 -0.462155 -1.10978 
0.943542 -0.999867 -1.0287 0.974421 -0.711878 -1.03039 0.925439 -0.462798 -1.10683 
0.943701 -1.00103 -1.02826 0.972206 -0.712558 -1.02848 0.9182 -0.464458 -1.10108 
0.943864 -1.00211 -1.02736 0.965871 -0.714288 -1.02264 0.908123 -0.465842 -1.09279 
0.943978 -1.00238 -1.02705 0.964419 -0.714583 -1.02098 0.904671 -0.466119 -1.08915 
0.944073 -1.00278 -1.02642 0.961334 -0.715111 -1.01752 0.899093 -0.466924 -1.08313 
0.944616 -1.00324 -1.0252 0.957031 -0.716537 -1.01163 0.891094 -0.467747 -1.07347 
0.945323 -1.00336 -1.02519 0.956124 -0.716812 -1.00994 0.888194 -0.468532 -1.06976 
0.945573 -1.00388 -1.02424 0.954713 -0.717407 -1.00719 0.884281 -0.469417 -1.06453 
0.945546 -1.00485 -1.02258 0.95224 -0.71862 -1.00256 0.879277 -0.470861 -1.05681 
0.9456 -1.00494 -1.02226 0.951402 -0.718951 -1.00101 0.877346 -0.470826 -1.0543 
0.946619 -1.00488 -1.02241 0.950194 -0.719615 -0.99914 0.874489 -0.471771 -1.05079 
0.947007 -1.00494 -1.02164 0.948753 -0.720244 -0.996022 0.870981 -0.47279 -1.04547 
0.946945 -1.00499 -1.02116 0.948301 -0.720352 -0.995236 0.870154 -0.473007 -1.04429 
0.947109 -1.00505 -1.02054 0.947706 -0.720634 -0.993949 0.869086 -0.473126 -1.04257 
0.947124 -1.00546 -1.01946 0.947312 -0.721142 -0.991935 0.866708 -0.474251 -1.03827 
0.947167 -1.00555 -1.01923 0.9471 -0.721471 -0.990738 0.866582 -0.473812 -1.03681 
0.947258 -1.00566 -1.0187 0.947249 -0.721169 -0.989356 0.866197 -0.473814 -1.03416 
0.947346 -1.00578 -1.01802 0.94692 -0.721491 -0.986643 0.865579 -0.473975 -1.03017 
0.947588 -1.00572 -1.01773 0.946849 -0.721514 -0.985693 0.865537 -0.473912 -1.02868 
0.947296 -1.00569 -1.01696 0.946812 -0.72144 -0.984412 0.865191 -0.473861 -1.02587 
0.947511 -1.00521 -1.01735 0.946522 -0.721354 -0.982022 0.865246 -0.473718 -1.02153 
0.947565 -1.00503 -1.01749 0.946517 -0.721402 -0.981221 0.865395 -0.473338 -1.01999 
0.947618 -1.00484 -1.01759 0.946315 -0.721509 -0.979371 0.865703 -0.472866 -1.01732 
0.947465 -1.00496 -1.01691 0.946442 -0.721816 -0.975611 0.865882 -0.472775 -1.01053 
0.947523 -1.00499 -1.01684 0.946458 -0.72198 -0.973977 0.865752 -0.472765 -1.00751 
