670 437 824 416 951 439 
670 437 824 416 951 439 
670 437 825 416 952 438 
670 437 825 415 952 437 
671 437 824 414 952 435 
671 437 823 413 952 433 
671 438 824 413 951 432 
671 438 822 411 952 429 
671 438 825 412 950 427 
671 438 824 411 950 425 
671 438 823 409 950 424 
671 438 822 408 950 422 
671 437 821 407 950 420 
670 437 823 404 949 417 
670 437 823 405 949 416 
670 437 823 403 949 413 
670 437 825 400 948 411 
670 437 819 400 947 408 
670 437 821 397 946 406 
670 437 818 397 946 403 
669 437 818 396 944 403 
670 438 819 395 944 399 
670 438 819 395 943 396 
670 438 818 392 942 395 
670 438 816 391 941 391 
671 438 816 389 941 388 
670 437 815 388 940 383 
670 438 815 386 938 381 
670 437 814 385 937 377 
669 437 812 382 936 374 
669 437 811 381 935 373 
669 437 810 379 934 369 
669 437 809 378 932 364 
669 437 807 376 929 362 
669 437 806 375 929 357 
669 437 806 372 927 354 
669 437 805 371 926 349 
669 437 805 369 922 348 
669 437 802 367 922 343 
669 438 802 366 918 341 
669 438 803 365 917 337 
669 438 800 364 916 332 
668 437 800 361 912 331 
669 438 797 360 910 326 
668 437 797 357 910 323 
669 438 795 357 905 322 
669 437 792 355 904 317 
668 437 791 352 901 313 
668 437 791 350 898 309 
668 437 788 348 895 306 
668 437 785 347 889 303 
669 438 785 345 887 298 
669 438 782 344 884 296 
667 436 780 341 880 292 
668 437 776 339 876 288 
667 437 774 337 871 284 
666 437 773 334 866 279 
667 437 770 332 862 276 
667 437 766 331 856 271 
666 437 765 328 851 267 
666 438 760 328 845 263 
666 438 756 325 840 258 
666 438 754 322 833 254 
666 438 748 321 828 251 
666 438 744 318 819 247 
665 437 740 315 811 242 
664 437 733 313 803 237 
665 437 731 311 797 233 
664 437 726 312 788 232 
663 437 722 310 782 227 
663 437 717 310 776 224 
663 437 713 308 769 223 
662 437 708 306 763 220 
663 438 705 307 756 219 
662 437 701 306 751 219 
662 437 696 305 746 217 
662 439 694 306 739 215 
661 437 689 305 733 215 
662 438 686 305 728 214 
661 438 683 305 723 213 
661 438 679 305 716 211 
661 438 677 306 712 211 
660 438 673 305 706 210 
661 438 671 306 702 210 
661 438 669 304 698 210 
660 437 664 307 693 211 
660 437 663 307 691 210 
660 438 662 306 690 210 
660 438 662 306 689 210 
660 438 661 307 689 211 
660 437 661 306 689 211 
660 437 661 307 689 211 
660 437 661 306 689 211 
660 438 662 307 689 211 
660 438 662 307 689 211 
660 438 661 306 688 212 
660 438 662 307 687 212 
660 438 661 306 688 212 
660 438 662 307 688 212 
660 438 662 307 688 212 
660 438 664 307 689 212 
660 438 663 307 689 211 
660 438 664 307 692 212 
660 438 666 307 696 212 
660 438 669 306 698 212 
661 438 670 307 700 212 
660 437 671 306 705 212 
661 438 674 306 708 212 
661 437 676 305 713 212 
661 438 678 306 716 213 
661 438 681 305 720 213 
661 438 683 306 724 214 
661 438 686 306 728 214 
661 438 688 307 732 215 
661 438 691 307 736 216 
662 438 693 307 740 216 
662 438 695 307 744 217 
662 438 698 307 748 218 
662 437 701 307 753 219 
662 437 704 308 757 220 
663 437 707 308 761 220 
662 437 709 308 766 223 
662 437 712 309 771 224 
662 437 715 310 775 225 
662 437 718 310 782 228 
662 437 720 312 786 229 
662 437 724 313 791 232 
662 437 727 313 798 235 
662 436 729 314 803 238 
663 438 733 315 808 241 
662 437 735 317 812 244 
664 438 738 318 819 247 
663 437 740 319 824 250 
664 438 743 320 828 253 
663 438 746 321 833 256 
663 438 749 321 837 258 
663 438 750 324 841 262 
664 437 752 325 845 264 
664 438 755 326 848 266 
664 438 757 328 852 270 
664 438 760 329 857 273 
664 438 762 330 861 277 
665 438 765 331 865 281 
664 438 767 334 870 287 
664 438 771 336 875 292 
665 438 773 339 879 297 
665 438 776 342 885 303 
665 438 777 345 889 309 
665 438 782 346 895 315 
665 438 784 349 899 323 
666 438 787 351 904 330 
666 438 790 355 907 337 
666 438 792 357 912 343 
666 438 794 361 913 351 
666 438 798 364 917 356 
667 438 799 368 918 364 
667 439 800 370 922 368 
667 438 803 372 924 374 
667 438 804 375 925 379 
667 438 805 378 927 384 
666 438 807 381 928 389 
667 438 807 383 930 392 
666 437 809 384 931 399 
667 439 809 387 933 404 
667 437 812 389 933 408 
667 438 812 392 934 412 
667 438 813 393 935 415 
668 439 814 394 936 417 
667 437 815 396 937 419 
667 438 815 397 937 422 
667 438 815 399 937 424 
667 438 816 400 938 426 
668 438 816 401 939 428 
667 438 817 403 939 429 
667 438 817 404 940 431 
668 438 817 405 940 431 
668 438 817 407 939 434 
668 438 817 407 940 435 
668 438 817 408 940 436 
668 438 817 408 940 437 
668 438 816 409 941 439 
668 438 817 410 941 441 
668 438 818 411 942 443 
668 438 818 414 941 445 
668 438 818 414 941 448 
668 438 818 415 942 448 
669 438 818 416 942 448 
668 437 818 416 942 448 
668 437 818 416 942 447 
669 437 819 415 942 447 
668 438 819 416 942 448 
668 438 818 417 942 447 
669 438 818 417 942 447 
668 438 819 417 942 448 
668 438 819 417 942 448 
668 438 818 417 943 448 
668 438 819 417 942 447 
668 438 819 417 942 447 
668 438 819 416 942 447 
669 438 819 416 942 446 
668 438 819 415 942 445 
669 438 819 415 941 443 
668 438 819 414 941 442 
668 438 818 413 942 439 
669 439 818 411 942 435 
668 438 817 409 941 431 
668 438 817 407 941 427 
668 438 816 405 939 422 
667 438 816 403 939 417 
667 437 816 400 937 411 
668 439 814 398 937 407 
667 438 812 395 934 402 
667 437 811 392 933 395 
668 439 810 389 932 390 
667 438 809 386 929 385 
667 437 807 383 928 378 
667 438 807 380 924 372 
667 438 806 376 922 365 
668 438 804 374 918 360 
666 437 802 370 917 353 
667 438 799 368 913 348 
667 438 799 365 911 341 
667 438 797 362 908 337 
667 438 795 359 904 332 
666 437 793 357 900 327 
667 438 789 354 897 322 
666 438 788 351 892 315 
666 437 785 349 889 310 
665 437 784 346 885 305 
666 437 781 344 880 299 
666 438 778 341 875 295 
666 437 777 340 871 291 
665 438 773 338 866 285 
666 437 772 336 863 281 
665 437 769 333 858 277 
665 437 766 332 853 274 
665 437 763 330 849 270 
665 438 761 328 844 266 
665 438 757 327 839 262 
665 438 756 325 833 258 
665 438 752 324 827 255 
665 438 748 322 821 251 
665 438 746 320 816 247 
664 438 742 319 810 243 
664 438 737 317 804 241 
664 438 735 315 799 238 
664 438 731 313 793 236 
663 438 726 313 786 233 
663 438 723 311 780 230 
663 438 719 310 774 230 
663 438 715 310 767 226 
663 437 711 309 762 225 
662 438 706 308 755 222 
663 439 702 307 747 221 
662 438 698 307 740 218 
662 438 693 306 732 217 
662 438 689 305 725 216 
662 438 684 305 717 215 
661 438 680 305 710 214 
661 438 675 305 703 213 
661 438 672 306 698 213 
661 438 668 306 693 213 
660 438 666 306 689 213 
659 437 665 305 686 212 
659 437 663 308 685 212 
659 437 663 308 684 211 
659 437 663 307 684 211 
659 437 664 308 684 211 
659 437 664 307 684 211 
659 437 664 306 685 211 
659 437 665 307 686 211 
659 437 665 306 687 211 
659 437 665 307 688 211 
659 437 665 307 688 211 
659 437 666 306 688 212 
659 437 665 306 686 212 
659 437 665 306 686 212 
659 436 664 306 685 212 
659 437 664 306 683 212 
659 436 663 306 681 212 
659 437 662 306 681 213 
659 437 662 306 680 213 
659 437 661 306 680 213 
659 437 663 307 681 213 
659 437 663 307 682 213 
659 437 663 307 683 212 
659 437 666 306 685 212 
659 437 667 306 689 212 
659 436 669 306 693 212 
659 437 672 306 697 212 
660 437 679 305 710 213 
660 437 683 305 717 214 
661 438 687 306 724 215 
661 437 693 306 732 216 
661 437 697 307 740 217 
661 437 703 308 748 219 
662 437 707 308 757 222 
662 437 712 309 764 224 
662 437 717 311 771 224 
661 436 721 311 779 228 
662 437 724 311 786 231 
662 436 728 314 793 234 
662 437 731 315 799 237 
662 436 734 315 805 240 
662 436 738 315 812 244 
662 437 740 318 818 247 
663 436 744 319 823 250 
662 437 747 320 829 254 
663 437 749 322 835 258 
663 437 753 325 840 262 
663 437 756 325 845 267 
663 437 758 328 850 271 
664 438 761 330 855 275 
665 438 763 331 861 280 
665 438 766 333 865 283 
664 438 769 335 870 289 
665 437 771 336 873 292 
665 438 773 338 877 296 
666 438 775 341 881 300 
665 438 778 344 885 305 
664 437 780 345 889 310 
664 437 781 347 893 315 
665 437 784 350 897 321 
665 438 787 353 901 326 
666 438 788 356 904 332 
666 438 791 358 908 338 
665 438 793 361 909 346 
665 437 795 364 913 351 
666 438 798 367 916 356 
667 439 799 370 919 363 
667 438 802 373 920 370 
666 438 802 376 924 376 
666 439 804 379 924 383 
666 438 805 381 928 387 
667 438 807 384 929 393 
667 439 808 387 931 399 
667 438 809 390 932 404 
667 438 811 392 933 408 
667 438 811 394 933 412 
667 439 810 396 934 415 
667 438 812 397 935 418 
667 438 812 400 935 421 
667 438 813 401 936 424 
667 439 813 402 936 426 
667 438 814 403 938 428 
667 438 814 405 939 429 
667 439 814 405 939 430 
667 438 814 406 939 431 
667 438 814 407 940 434 
667 439 814 407 941 435 
667 438 814 408 941 436 
667 439 815 409 940 439 
668 438 815 410 940 442 
668 438 816 411 940 444 
667 438 815 413 941 445 
667 438 815 414 941 446 
667 438 816 414 941 447 
668 438 815 414 941 446 
668 438 815 414 941 447 
668 438 816 413 941 446 
668 438 816 413 941 446 
667 438 815 414 941 447 
667 438 816 414 941 446 
667 438 815 414 941 446 
667 438 815 414 941 446 
667 438 816 414 941 445 
667 438 816 412 940 444 
667 438 816 412 940 441 
667 438 816 411 939 438 
667 438 816 409 939 434 
667 438 815 406 938 429 
667 438 815 405 938 424 
667 439 813 401 937 418 
667 438 812 398 935 411 
668 439 810 394 934 404 
668 438 809 391 933 397 
667 438 809 388 930 392 
667 438 806 384 928 385 
667 438 805 381 925 378 
667 438 804 380 924 373 
667 438 803 377 921 369 
667 438 802 375 920 364 
667 438 800 374 918 360 
667 438 800 371 916 355 
667 438 799 368 913 352 
667 438 797 367 911 347 
667 438 795 363 908 342 
667 438 794 361 906 335 
667 438 791 358 901 330 
667 438 789 356 898 325 
667 438 785 350 889 313 
667 437 782 347 885 307 
666 437 779 344 880 302 
666 438 776 342 875 297 
666 438 774 339 870 292 
666 438 771 336 865 286 
666 438 768 334 860 281 
666 438 766 334 856 277 
666 438 763 332 852 273 
665 438 761 331 847 269 
665 438 759 329 844 267 
665 438 757 328 840 264 
665 438 754 327 836 262 
665 438 752 325 832 258 
664 437 750 324 830 257 
665 438 748 323 826 255 
665 438 746 323 822 252 
664 438 743 322 817 250 
664 438 740 321 813 247 
663 438 738 320 810 245 
664 437 737 319 805 243 
664 438 734 318 802 241 
663 438 731 317 796 238 
663 438 729 315 792 235 
663 438 725 315 786 234 
663 438 722 314 781 232 
663 438 718 313 775 230 
663 438 715 312 768 227 
662 438 711 312 763 224 
663 438 707 311 757 223 
662 438 705 310 752 222 
662 438 702 310 746 220 
662 438 699 310 742 220 
662 438 696 310 737 219 
662 438 692 309 732 219 
662 438 690 310 727 217 
662 438 687 310 723 217 
662 439 684 309 719 217 
662 439 682 309 715 216 
662 439 681 308 712 216 
662 438 680 309 709 216 
661 438 678 308 707 216 
661 438 678 308 706 216 
660 438 678 308 705 215 
660 437 677 309 705 215 
660 437 677 309 705 215 
660 437 677 308 705 215 
660 437 678 308 707 215 
660 437 678 308 708 215 
660 437 679 308 709 214 
661 437 680 309 710 214 
661 438 681 309 713 215 
661 438 681 308 714 215 
661 437 683 309 718 214 
661 438 684 309 721 215 
661 438 686 309 724 216 
662 438 688 309 728 216 
662 438 690 309 732 218 
662 438 692 310 734 218 
662 438 694 309 739 218 
662 438 696 310 743 220 
662 437 698 310 745 220 
662 437 700 309 750 221 
662 437 703 309 753 221 
663 437 705 310 757 223 
663 437 707 311 761 224 
663 437 709 311 765 226 
663 437 712 312 768 228 
663 437 715 312 773 228 
663 437 717 313 777 230 
663 438 719 313 781 232 
663 437 722 314 785 233 
663 437 723 314 789 236 
663 437 727 315 794 236 
663 437 729 316 798 240 
664 437 731 317 802 241 
664 437 733 317 806 243 
664 437 737 318 810 245 
663 436 738 320 815 248 
664 437 739 319 818 250 
664 437 742 321 822 252 
664 437 745 322 826 254 
664 436 747 323 830 258 
663 436 749 325 832 258 
664 437 750 325 836 261 
664 437 752 326 840 263 
664 437 754 327 843 266 
663 436 755 328 846 268 
664 437 757 329 848 270 
664 437 759 330 851 273 
664 437 761 331 855 274 
664 437 763 332 857 277 
665 437 765 333 862 280 
666 438 766 334 865 283 
666 438 767 336 867 286 
665 438 769 338 871 289 
666 438 771 339 874 293 
666 438 773 340 877 295 
666 438 775 343 880 300 
666 438 776 343 883 303 
667 438 780 347 888 310 
667 438 781 349 892 314 
667 438 784 350 893 318 
667 438 785 351 898 321 
667 438 786 353 900 326 
667 438 788 354 902 328 
667 438 789 356 903 333 
667 438 789 358 907 335 
667 438 791 360 908 341 
667 438 792 361 910 346 
667 438 794 364 912 349 
667 438 795 366 915 354 
667 438 797 370 916 360 
667 438 799 370 919 365 
667 438 800 373 920 371 
667 438 802 374 923 375 
667 438 802 377 924 381 
668 438 805 379 925 386 
668 438 805 381 926 390 
668 439 806 384 927 394 
668 438 807 385 928 398 
668 439 809 388 929 402 
668 438 809 389 931 404 
668 438 809 390 932 406 
667 438 810 392 932 407 
667 439 809 392 932 409 
668 438 810 393 933 411 
668 438 810 393 933 414 
668 439 810 394 934 415 
668 438 811 396 934 418 
668 438 811 397 935 420 
668 439 812 397 936 423 
668 438 811 398 935 426 
668 438 812 399 935 428 
667 437 812 402 935 431 
668 438 814 402 937 433 
668 438 814 404 936 436 
668 438 814 405 936 438 
668 438 814 406 937 441 
668 438 815 407 937 443 
669 439 815 410 938 446 
669 438 816 411 938 447 
669 439 815 411 939 446 
669 438 816 411 939 446 
669 438 816 411 939 446 
669 439 815 411 939 446 
669 438 815 411 939 446 
669 439 815 411 939 446 
669 438 816 411 939 447 
669 438 816 413 939 447 
668 438 816 413 940 447 
669 438 816 413 940 447 
669 438 816 414 940 447 
669 438 817 413 940 447 
669 438 816 413 939 446 
669 438 816 411 939 446 
669 438 816 411 939 445 
669 438 816 411 939 444 
669 438 816 411 938 443 
668 436 816 409 938 442 
668 437 816 409 938 440 
669 437 816 408 938 439 
669 438 816 408 939 436 
669 438 816 407 939 433 
669 438 816 407 938 431 
669 438 815 404 938 427 
669 438 815 404 938 424 
669 438 813 401 938 420 
669 438 813 400 937 417 
669 438 813 398 937 413 
669 438 811 396 935 408 
669 438 811 393 934 404 
669 438 810 390 932 398 
669 438 809 387 929 393 
669 438 808 384 929 385 
669 437 806 381 925 380 
669 438 805 378 922 374 
669 437 802 374 920 367 
668 437 802 372 917 361 
668 437 800 369 914 356 
668 437 797 368 911 349 
668 437 797 364 908 344 
668 437 794 362 905 339 
668 437 794 360 905 335 
668 438 791 358 901 331 
668 437 790 356 899 326 
668 437 788 354 896 323 
668 437 787 352 894 319 
668 438 785 351 890 315 
667 437 784 349 889 312 
667 437 782 348 886 309 
667 437 781 347 883 306 
667 437 779 345 879 303 
667 437 778 344 877 299 
667 437 776 342 873 296 
667 437 773 341 870 293 
666 437 772 338 866 289 
667 437 770 338 863 285 
666 437 768 335 859 282 
666 437 765 335 855 278 
666 437 763 332 851 275 
666 437 761 332 848 272 
666 437 759 330 844 270 
666 438 757 328 841 267 
665 438 755 328 837 265 
665 438 753 327 835 262 
665 438 751 326 832 260 
666 438 750 325 828 259 
665 438 748 325 825 255 
666 438 746 323 821 253 
665 438 744 323 819 252 
666 438 742 322 814 248 
665 438 740 321 812 247 
665 438 738 321 808 246 
665 438 736 320 805 243 
665 438 734 319 800 242 
665 438 732 318 798 240 
664 438 729 317 793 238 
664 438 727 316 790 236 
664 438 725 315 786 235 
664 438 723 315 782 233 
664 438 719 315 779 231 
664 438 717 313 773 230 
664 438 715 313 769 229 
664 438 713 314 765 228 
663 438 710 313 761 226 
663 437 708 312 757 225 
663 438 705 311 752 224 
663 438 703 312 748 222 
663 438 700 310 744 221 
663 438 699 310 740 221 
663 438 696 311 735 220 
663 438 692 310 732 220 
663 438 691 310 727 218 
662 438 688 310 724 218 
662 438 684 310 718 217 
662 438 682 310 714 216 
662 438 682 309 713 216 
661 437 680 309 712 216 
661 437 680 310 710 215 
661 437 679 309 710 215 
660 437 679 310 710 215 
661 437 679 310 710 215 
661 437 679 310 710 215 
661 437 680 310 711 215 
661 437 679 310 711 215 
661 437 680 310 713 215 
661 437 680 310 714 215 
661 437 681 310 715 215 
661 437 682 310 716 215 
661 437 683 310 717 216 
661 437 684 311 720 216 
661 437 686 310 723 217 
662 437 688 310 725 217 
662 436 689 310 728 218 
662 437 691 311 731 219 
663 437 692 311 734 219 
662 437 694 311 736 220 
663 438 696 312 739 221 
663 437 698 312 743 222 
664 437 698 311 744 223 
663 437 700 311 747 223 
663 437 701 312 749 223 
663 437 702 312 751 224 
663 437 704 312 754 225 
663 437 705 313 757 225 
663 437 707 313 760 227 
664 437 708 313 763 228 
664 437 710 313 767 229 
664 437 713 314 771 231 
664 437 715 314 774 232 
664 437 717 315 779 234 
665 437 719 315 783 235 
665 437 721 315 786 238 
665 437 724 316 790 238 
665 437 725 317 793 240 
665 437 726 317 797 241 
665 437 730 318 800 242 
665 437 731 318 803 244 
665 437 733 319 806 246 
665 437 734 320 809 247 
665 437 736 321 812 249 
665 437 738 321 814 250 
665 437 740 322 818 253 
665 437 743 322 822 255 
665 437 744 324 825 257 
665 437 747 325 830 260 
665 437 750 326 835 265 
666 437 753 328 840 268 
665 437 756 329 845 272 
665 437 759 331 850 276 
665 437 761 333 856 280 
666 437 765 335 862 286 
666 437 768 338 868 291 
666 437 771 340 873 297 
667 437 774 342 878 303 
667 437 777 345 883 308 
667 437 781 347 888 313 
667 437 782 350 892 317 
667 437 785 353 895 323 
667 437 789 355 900 329 
667 437 790 358 904 334 
667 437 793 362 907 339 
667 437 796 365 911 345 
667 437 798 367 914 351 
668 437 799 371 917 359 
668 437 801 374 920 366 
668 437 803 378 924 373 
668 438 804 381 925 381 
668 437 806 385 928 386 
668 437 809 388 928 393 
668 437 810 391 932 398 
669 438 811 395 934 403 
669 438 812 398 935 408 
669 437 814 401 938 413 
669 437 815 405 938 417 
669 437 817 407 939 422 
669 437 817 410 940 427 
670 437 818 412 941 430 
669 437 818 415 942 434 
669 437 818 417 942 438 
669 437 819 419 942 442 
670 437 819 421 942 445 
670 437 819 423 943 449 
670 438 819 425 944 452 
670 437 819 426 945 452 
670 437 819 427 946 452 
670 437 819 427 946 452 
670 437 820 427 946 452 
670 438 820 427 946 452 
670 438 820 427 946 451 
669 436 820 427 946 452 
669 436 820 427 946 452 
669 435 819 428 947 452 
670 435 820 427 946 452 
670 435 820 429 946 452 
670 434 820 428 946 453 
670 434 820 428 947 453 
669 434 820 429 947 453 
670 433 820 429 947 453 
670 434 821 430 948 453 
