644 366 777 341 890 354 
644 366 777 341 890 354 
644 367 777 340 891 354 
643 366 777 340 891 354 
645 366 778 340 890 352 
644 365 777 339 890 351 
644 366 778 339 889 351 
644 366 777 338 890 350 
644 366 778 338 891 349 
643 365 778 338 890 348 
644 366 778 338 890 346 
643 365 777 335 890 345 
644 366 778 336 890 343 
643 365 778 335 890 341 
644 366 776 334 890 339 
643 366 776 332 890 338 
644 367 776 332 889 335 
645 367 774 331 890 332 
644 367 774 328 889 329 
643 366 774 328 889 328 
643 366 774 328 889 326 
643 366 774 327 888 324 
644 366 773 326 888 320 
644 366 772 323 887 320 
644 367 773 323 887 316 
644 367 771 321 885 313 
643 366 772 321 884 310 
643 366 771 319 885 307 
643 366 771 318 884 304 
643 366 769 316 882 302 
643 366 767 314 882 298 
643 366 767 313 880 296 
642 365 766 310 879 294 
643 366 765 309 879 290 
643 366 764 308 878 288 
642 366 764 307 877 283 
643 366 763 306 876 282 
643 366 762 305 875 277 
644 367 762 304 873 275 
643 366 760 302 870 272 
643 367 760 301 870 269 
643 367 759 300 868 265 
643 367 757 298 866 263 
642 366 756 297 865 259 
643 367 754 294 862 257 
642 367 752 293 861 253 
642 367 750 292 857 252 
642 367 749 290 857 248 
641 366 748 288 854 245 
642 366 746 287 853 241 
641 366 745 286 848 239 
641 366 743 284 846 234 
642 366 742 282 843 231 
642 366 739 279 839 228 
641 366 736 279 836 222 
640 366 734 278 830 219 
641 366 734 277 827 215 
640 366 730 275 824 212 
640 366 730 272 819 208 
640 366 726 273 815 204 
640 366 723 271 809 200 
640 366 722 267 804 195 
639 366 717 266 799 191 
639 366 713 264 792 186 
639 366 713 261 787 182 
639 366 707 259 779 176 
638 366 704 257 773 173 
638 366 698 255 766 168 
638 366 706 242 760 164 
637 366 701 242 753 160 
638 366 695 241 746 157 
638 367 690 241 739 154 
637 366 686 242 732 152 
637 366 683 242 726 151 
636 365 679 241 720 150 
637 366 675 241 714 148 
637 366 672 241 709 147 
637 366 668 240 703 145 
637 366 665 239 698 144 
636 365 662 240 692 142 
637 367 658 240 687 142 
636 366 655 239 681 142 
636 365 650 239 670 141 
634 365 647 240 666 140 
635 365 646 240 662 140 
635 366 644 239 660 141 
635 366 642 239 657 142 
635 366 641 239 656 141 
635 366 640 239 655 142 
635 366 640 240 655 142 
635 366 640 239 655 142 
635 366 640 239 656 142 
635 365 640 239 655 142 
635 365 640 239 655 142 
634 365 640 239 655 141 
634 365 640 239 655 141 
634 365 640 239 655 141 
634 365 640 239 654 141 
634 365 640 239 654 141 
634 365 640 239 654 141 
634 365 640 238 654 140 
634 365 641 238 656 140 
634 365 642 238 659 140 
634 365 643 238 660 140 
635 365 644 238 662 139 
635 365 647 238 666 140 
635 365 650 238 669 141 
635 365 651 239 674 141 
635 366 653 239 677 141 
636 365 656 237 681 141 
636 365 657 238 686 143 
636 365 660 238 689 142 
636 366 663 238 693 142 
636 366 665 239 697 143 
637 366 667 238 701 144 
637 366 669 239 706 145 
637 366 671 238 709 146 
637 365 675 239 714 147 
637 365 678 239 717 148 
637 365 680 239 722 149 
637 365 683 240 726 150 
637 365 686 240 731 151 
637 366 689 241 736 153 
637 365 692 241 741 157 
637 366 695 242 746 158 
637 365 698 243 751 161 
637 366 702 244 755 163 
638 366 705 244 760 165 
638 366 708 246 766 167 
637 365 712 247 771 171 
638 366 715 249 777 173 
638 366 717 250 781 177 
637 366 721 252 787 181 
638 366 723 253 792 184 
638 366 726 254 794 187 
638 366 728 256 801 190 
638 366 732 257 804 192 
638 366 733 260 806 196 
638 366 737 261 811 199 
638 367 737 263 812 202 
639 366 741 264 817 204 
639 366 743 267 820 209 
639 366 745 267 824 211 
639 366 747 270 829 216 
639 367 750 272 833 221 
639 367 753 275 837 226 
640 367 756 278 842 232 
640 366 759 281 845 236 
640 366 763 283 849 243 
640 366 764 286 852 250 
640 366 766 290 857 255 
640 366 770 292 859 261 
640 366 772 296 862 266 
640 367 774 298 865 273 
641 367 776 303 867 279 
641 367 776 304 869 284 
641 367 779 308 871 289 
641 367 779 309 873 293 
641 367 781 314 874 298 
641 367 782 315 877 298 
641 367 782 318 877 302 
641 367 782 320 878 307 
641 367 786 324 879 312 
641 367 785 326 880 318 
641 367 785 328 881 322 
641 366 785 330 881 326 
641 367 786 331 882 330 
642 367 787 332 883 331 
642 367 788 334 884 332 
642 367 788 335 884 334 
641 367 789 336 885 335 
641 367 789 337 885 336 
641 367 790 338 886 338 
641 367 790 339 886 338 
642 367 790 340 886 340 
642 367 790 341 886 341 
641 367 790 342 885 342 
642 367 790 342 886 343 
642 367 791 343 886 344 
641 367 792 344 886 344 
642 367 792 345 885 345 
642 367 792 346 885 345 
642 367 792 347 886 347 
642 367 792 348 886 349 
642 367 792 349 887 351 
642 366 792 351 887 352 
642 366 792 352 886 352 
642 366 793 352 887 352 
642 367 792 352 886 351 
642 367 792 351 887 352 
642 367 793 351 886 351 
641 366 793 351 887 352 
642 367 792 351 887 352 
642 367 792 352 886 352 
642 367 792 352 887 352 
642 367 792 352 887 353 
642 367 792 352 886 351 
641 366 792 352 887 352 
642 367 793 352 887 351 
642 366 793 351 886 350 
642 367 792 350 887 350 
642 367 792 350 887 349 
642 367 792 350 886 348 
642 368 792 349 886 347 
642 367 792 347 885 345 
642 367 792 346 884 343 
642 368 792 344 885 340 
642 368 792 340 885 335 
642 367 791 338 884 330 
643 369 790 335 884 326 
642 368 789 333 884 322 
642 367 788 331 883 317 
642 368 788 329 882 312 
641 367 786 326 881 307 
641 367 784 322 879 302 
641 367 784 318 877 297 
641 367 783 316 876 292 
641 367 780 313 875 287 
641 367 780 309 872 281 
640 366 777 306 870 276 
640 366 777 303 867 272 
641 367 774 299 866 267 
640 366 774 298 863 261 
641 367 771 293 859 257 
641 367 769 293 856 252 
640 367 768 290 853 247 
640 366 766 286 849 242 
639 366 763 283 847 236 
641 367 761 282 843 232 
640 367 758 278 840 227 
639 367 756 277 835 223 
640 366 753 273 832 219 
640 366 752 273 828 215 
640 366 749 269 824 211 
639 366 747 268 820 207 
639 366 743 266 817 203 
639 366 742 264 813 200 
639 366 738 261 807 194 
639 366 736 260 803 191 
639 366 732 257 798 187 
638 366 730 256 793 183 
638 366 726 253 788 180 
638 366 722 252 783 176 
638 366 718 250 778 173 
637 366 716 249 772 169 
637 366 712 248 767 166 
637 366 708 246 762 163 
637 366 704 245 756 161 
637 366 701 244 749 158 
636 366 696 243 743 157 
636 366 693 240 738 155 
637 366 688 240 731 151 
637 367 683 239 723 151 
637 367 680 239 717 148 
637 367 676 238 710 148 
637 367 672 238 702 146 
636 367 667 238 694 144 
636 367 662 238 687 143 
636 366 657 238 680 143 
636 366 652 239 672 142 
636 366 648 239 666 142 
635 366 644 239 660 142 
635 366 642 239 656 143 
635 366 640 240 653 144 
635 366 639 240 651 145 
634 366 638 240 650 144 
634 366 638 241 649 144 
633 366 638 240 649 144 
635 366 639 241 650 144 
635 366 639 241 651 144 
635 366 640 241 652 143 
634 366 640 241 653 143 
635 367 641 240 654 143 
634 367 641 240 653 143 
634 366 641 240 653 142 
634 366 641 240 654 142 
634 366 641 239 652 144 
635 366 640 239 652 144 
634 366 639 239 651 144 
634 365 639 239 649 144 
633 365 638 239 648 143 
634 365 637 239 647 143 
633 365 637 239 647 143 
634 365 637 239 647 143 
634 365 638 239 648 143 
634 365 638 238 650 143 
635 366 641 238 654 143 
635 365 642 239 657 143 
635 365 646 238 662 142 
634 366 648 239 667 142 
635 366 652 238 673 143 
635 366 656 238 681 145 
636 366 661 238 689 145 
636 366 667 239 698 147 
636 366 671 239 706 149 
636 366 676 239 713 149 
636 366 681 240 722 152 
636 366 685 240 729 152 
636 366 690 240 736 157 
637 366 694 241 743 159 
637 365 698 242 750 161 
637 366 703 243 756 165 
637 365 706 245 762 167 
638 366 711 246 768 170 
637 366 715 248 775 175 
637 366 718 250 781 179 
637 366 720 252 786 181 
637 366 724 253 791 184 
638 366 727 256 796 189 
638 366 730 257 801 193 
638 366 734 259 806 197 
638 366 737 261 811 202 
638 366 741 265 815 205 
638 366 742 266 820 209 
639 366 745 268 824 213 
639 366 748 270 828 217 
639 367 750 272 832 221 
639 367 751 274 835 226 
639 367 755 277 838 229 
639 367 756 278 842 233 
639 367 758 280 845 238 
639 367 761 283 849 243 
639 367 761 285 851 248 
639 367 765 289 854 252 
639 367 766 291 858 258 
639 367 768 293 861 264 
639 367 772 296 862 269 
640 367 772 298 865 273 
640 368 776 303 867 278 
640 367 775 304 871 283 
641 367 780 309 873 290 
641 367 780 311 873 294 
641 367 782 313 876 299 
641 367 783 316 877 304 
641 367 783 318 877 308 
641 366 786 323 879 312 
640 367 786 324 881 319 
641 367 786 326 881 322 
641 367 789 330 880 326 
641 367 788 331 882 328 
641 367 789 333 882 332 
641 367 790 334 883 334 
640 367 790 335 884 335 
641 368 790 336 884 336 
641 367 791 337 885 339 
641 368 792 339 885 339 
641 367 792 339 885 341 
641 367 792 340 886 342 
641 367 792 341 886 342 
641 367 792 342 886 343 
641 366 792 342 886 345 
641 366 793 343 886 346 
641 367 793 344 886 346 
641 367 793 346 887 348 
641 367 793 347 887 350 
641 366 793 348 887 350 
641 367 793 349 887 351 
641 367 794 349 886 350 
641 367 794 349 887 351 
641 366 793 349 886 350 
642 367 793 348 887 351 
641 367 793 348 886 350 
641 367 793 348 886 350 
641 367 793 348 887 351 
642 367 794 348 886 351 
642 368 793 348 887 350 
641 367 793 348 886 349 
640 366 793 346 886 348 
640 367 793 344 885 346 
641 367 793 342 885 344 
641 367 793 341 885 341 
641 366 793 337 885 335 
641 367 792 335 885 331 
641 367 791 333 883 324 
641 366 789 330 883 320 
641 367 786 326 881 313 
640 366 786 322 879 307 
641 367 784 319 878 300 
641 367 783 315 876 295 
641 367 781 311 872 290 
641 367 779 308 872 285 
641 367 778 306 871 279 
641 367 777 304 867 278 
640 367 776 302 866 273 
640 367 775 300 865 268 
640 366 773 297 863 264 
640 367 772 294 861 260 
639 366 770 291 857 255 
640 367 767 287 853 250 
640 366 764 285 849 245 
639 366 763 282 847 238 
640 366 759 278 843 233 
639 366 757 278 838 228 
640 367 753 274 833 223 
639 366 752 271 829 218 
639 366 748 269 825 213 
639 366 746 268 822 209 
639 366 742 264 816 205 
639 367 741 263 814 200 
639 367 738 261 808 198 
638 366 737 260 806 194 
639 366 735 260 802 193 
639 366 732 258 799 190 
639 366 730 257 795 188 
638 366 728 256 793 185 
639 367 726 254 790 184 
638 366 723 254 785 182 
638 366 721 253 783 178 
638 367 719 252 779 177 
638 367 717 251 775 174 
638 367 715 250 771 172 
638 366 712 249 767 171 
638 366 709 248 763 169 
637 366 706 247 758 166 
637 366 703 246 753 163 
637 367 700 245 748 161 
638 367 696 244 742 159 
637 367 692 244 736 157 
636 367 688 243 731 155 
636 366 684 242 725 153 
636 366 681 242 720 153 
636 366 678 241 714 150 
636 366 675 241 710 150 
636 366 672 241 705 149 
636 366 670 241 700 148 
636 366 667 241 695 148 
635 367 664 240 690 147 
636 367 661 240 687 146 
636 367 659 240 683 145 
637 367 658 240 679 145 
636 367 656 240 677 144 
636 366 655 240 673 143 
636 366 654 240 671 143 
636 366 653 240 671 143 
635 366 653 240 671 144 
635 366 653 240 671 144 
636 366 653 241 672 144 
636 366 653 240 672 144 
636 366 653 240 673 144 
636 366 654 241 675 144 
636 366 655 241 676 144 
636 366 655 241 677 144 
636 367 656 240 680 146 
636 367 657 240 682 146 
636 367 660 240 684 147 
636 367 661 241 688 147 
636 367 662 240 693 148 
637 367 665 240 696 149 
636 367 666 241 699 149 
637 366 669 240 702 150 
637 366 671 241 706 150 
637 366 673 240 711 151 
637 366 675 240 714 152 
637 366 678 240 718 153 
637 365 679 241 722 153 
636 366 682 241 725 155 
637 365 685 241 730 156 
637 366 686 242 734 157 
637 366 690 242 737 158 
637 366 692 242 741 159 
638 366 694 243 745 160 
638 366 697 243 749 162 
638 365 700 243 752 163 
637 365 703 245 757 165 
637 366 704 245 761 168 
638 366 708 246 765 169 
638 366 710 247 769 172 
638 365 712 248 773 173 
637 366 715 249 778 176 
638 366 717 249 781 178 
638 366 719 251 785 181 
637 366 722 252 789 184 
638 365 724 252 792 186 
637 365 726 254 795 188 
638 366 729 256 799 190 
638 366 730 257 800 192 
638 366 732 258 804 194 
639 366 734 259 805 197 
639 366 735 260 810 200 
639 366 737 262 812 203 
638 366 739 263 815 204 
638 366 740 266 817 206 
638 366 742 266 819 210 
639 366 744 268 823 212 
639 366 747 270 824 215 
639 366 748 271 829 218 
639 366 752 274 835 225 
639 367 752 276 836 230 
639 367 755 278 841 232 
639 366 756 279 841 236 
639 366 758 281 844 240 
639 366 760 283 846 245 
639 366 761 284 850 247 
640 366 762 286 851 251 
640 367 763 287 852 254 
640 367 765 289 855 254 
639 367 766 291 856 258 
640 366 768 292 857 262 
639 367 768 294 858 266 
640 367 771 296 860 270 
640 368 772 299 861 274 
640 367 773 301 867 277 
640 367 777 304 867 283 
640 367 776 306 868 286 
640 366 778 307 869 292 
640 367 781 311 870 296 
641 367 780 313 872 300 
641 367 780 314 874 302 
641 368 784 318 875 308 
642 368 783 319 876 312 
641 368 784 320 877 314 
641 367 784 322 878 317 
640 367 785 324 879 319 
640 367 786 326 880 321 
641 367 787 327 880 325 
641 368 786 328 880 326 
641 368 787 328 880 327 
641 368 787 330 880 328 
641 368 788 330 880 330 
640 368 788 331 881 331 
641 367 788 333 881 333 
641 368 789 333 882 335 
641 368 789 335 882 337 
641 368 789 335 883 339 
641 368 790 336 883 341 
641 368 790 338 883 343 
641 367 791 338 884 345 
641 367 790 339 884 346 
641 368 791 341 883 349 
641 368 792 342 884 351 
642 367 792 344 885 352 
641 367 793 345 885 352 
641 368 793 346 885 352 
642 368 793 346 884 352 
642 368 792 346 884 352 
642 368 793 346 884 351 
642 368 793 346 884 351 
642 368 793 346 885 352 
641 367 793 346 885 352 
641 367 793 347 884 352 
641 367 793 348 884 352 
641 367 793 348 885 353 
641 367 793 348 884 352 
641 367 793 348 885 353 
641 367 793 347 884 352 
641 367 793 346 884 352 
641 367 793 345 885 352 
641 367 793 344 885 351 
641 367 793 344 884 350 
641 367 793 344 885 349 
642 367 793 343 885 349 
642 368 793 342 884 347 
642 367 793 341 883 345 
642 366 792 340 883 344 
642 366 792 339 883 340 
642 368 792 338 884 337 
643 368 792 337 884 334 
643 368 792 335 884 331 
643 368 791 334 883 329 
642 367 791 333 882 326 
642 367 790 331 882 324 
642 367 789 328 882 319 
642 368 787 325 881 314 
641 367 785 321 878 309 
642 367 785 318 876 304 
642 368 784 315 874 298 
642 368 783 311 872 292 
642 367 780 307 871 287 
642 367 779 305 869 281 
641 366 778 301 867 276 
641 367 775 299 865 271 
640 366 774 296 862 266 
641 366 773 295 860 262 
641 367 770 292 859 258 
640 366 769 290 856 253 
641 367 767 287 854 249 
640 366 765 286 852 246 
641 367 764 284 847 244 
640 366 763 283 847 240 
640 368 761 281 845 236 
640 367 760 280 841 234 
640 367 758 278 841 230 
640 367 757 277 838 228 
640 367 755 275 836 225 
640 367 753 273 832 223 
640 367 751 272 830 218 
639 367 750 270 826 216 
639 367 749 268 824 211 
639 367 746 267 820 209 
639 367 744 265 818 205 
639 367 740 262 813 202 
639 367 739 262 808 199 
639 367 736 260 806 195 
639 367 734 258 801 193 
638 366 733 258 800 190 
638 367 731 256 797 190 
638 367 728 256 794 186 
638 367 727 254 790 185 
638 367 725 254 788 182 
638 367 724 253 785 180 
638 367 722 252 781 179 
637 366 720 252 778 178 
638 367 717 250 775 176 
638 366 715 250 772 173 
638 366 713 249 770 172 
638 367 711 249 765 170 
638 367 708 248 762 168 
638 367 706 247 759 167 
638 367 704 246 754 165 
638 367 701 245 750 163 
637 367 698 245 745 161 
636 366 696 244 743 159 
637 367 694 244 739 159 
636 366 692 243 735 156 
636 366 688 242 731 156 
637 365 687 242 726 153 
636 366 683 241 722 153 
637 366 681 241 718 151 
637 366 679 241 714 151 
637 366 676 240 710 149 
637 366 674 240 705 149 
637 366 669 240 698 147 
636 366 667 241 694 147 
636 365 666 241 689 146 
636 366 663 241 687 145 
636 365 661 241 683 145 
636 366 660 240 682 145 
636 366 658 242 679 145 
636 365 657 242 677 145 
636 366 656 242 677 145 
636 366 655 241 676 145 
635 366 655 242 675 145 
636 366 655 242 675 145 
636 366 654 242 675 146 
635 366 655 243 675 145 
636 367 655 242 676 145 
636 366 656 243 677 146 
636 366 656 243 678 146 
636 366 657 243 679 146 
636 366 658 243 680 146 
636 366 658 242 683 146 
637 366 660 242 684 147 
636 366 662 242 686 146 
636 366 662 242 689 148 
636 366 664 241 692 147 
636 366 667 242 696 148 
636 366 669 242 698 148 
637 366 670 242 702 149 
637 365 672 242 704 149 
637 366 674 242 707 150 
637 366 675 242 709 150 
637 365 676 242 712 150 
637 366 678 242 715 152 
637 366 679 242 715 151 
637 365 680 242 719 152 
637 366 680 241 722 154 
637 365 683 241 723 154 
637 365 684 242 728 156 
637 366 687 242 731 157 
637 365 689 243 735 157 
638 366 692 244 738 159 
637 366 693 244 743 161 
639 366 695 245 745 162 
638 366 697 245 748 163 
638 366 700 246 752 164 
638 366 703 246 756 166 
638 366 704 247 759 167 
638 366 706 247 762 169 
638 366 708 247 764 171 
638 366 709 247 767 172 
638 365 711 249 772 174 
638 365 713 250 773 176 
638 365 715 250 776 177 
638 365 717 250 780 178 
638 365 720 251 783 181 
638 366 722 252 787 184 
638 366 724 253 791 187 
638 366 727 255 795 190 
638 366 731 256 799 194 
638 365 733 258 804 199 
638 365 736 260 809 202 
638 365 740 262 814 206 
639 366 743 266 819 211 
639 366 745 267 823 216 
639 366 749 270 828 221 
639 366 753 273 832 227 
639 366 756 275 837 231 
639 366 760 278 841 236 
640 366 760 280 846 243 
640 366 764 285 849 247 
639 366 767 289 851 252 
641 366 769 291 855 258 
641 367 771 294 858 263 
641 367 775 299 861 269 
640 366 776 301 863 275 
640 366 778 305 866 281 
641 366 781 308 868 288 
641 367 781 311 870 294 
641 367 784 314 871 298 
641 367 785 317 873 304 
641 367 784 320 874 309 
642 367 787 324 875 313 
642 367 790 327 878 318 
642 367 791 331 880 323 
642 367 792 334 880 328 
642 367 791 336 881 332 
642 367 792 338 882 334 
642 367 793 340 881 337 
642 367 793 343 881 341 
642 366 795 344 881 344 
642 367 795 346 881 347 
642 367 796 348 884 350 
642 367 796 350 883 353 
642 367 796 351 885 355 
642 367 796 354 885 357 
642 367 796 355 885 358 
642 367 796 355 885 358 
643 367 797 356 884 357 
643 367 797 357 885 358 
643 367 797 356 886 359 
643 367 797 356 885 359 
643 367 797 357 885 359 
643 367 797 356 885 359 
643 367 797 357 885 359 
643 367 797 357 886 359 
643 366 797 358 886 360 
643 366 797 357 885 360 
643 365 797 357 886 360 
643 366 797 358 886 360 
643 366 797 358 886 360 
643 366 797 358 886 360 
