691 448 807 430 908 447 
691 448 807 430 908 447 
691 449 807 429 908 446 
691 449 806 429 907 445 
691 448 806 427 907 444 
691 448 805 427 908 444 
691 448 806 427 908 442 
691 448 805 426 908 443 
691 448 804 424 908 439 
691 449 805 424 908 440 
691 449 804 423 907 439 
691 449 805 423 908 439 
691 449 805 423 907 437 
691 449 804 422 906 434 
691 449 804 419 907 432 
691 449 803 420 908 430 
691 449 803 419 909 427 
691 449 804 417 909 422 
691 448 803 417 907 422 
691 449 803 415 908 420 
691 448 802 415 909 417 
690 447 802 415 906 417 
691 448 802 413 907 414 
691 448 803 413 906 410 
691 448 801 411 904 407 
691 449 800 409 904 405 
691 449 800 409 904 402 
691 449 800 408 902 400 
690 448 799 406 900 398 
690 448 797 404 899 396 
690 448 797 403 898 394 
690 448 796 400 898 392 
690 448 796 400 897 390 
690 448 795 400 897 387 
691 448 794 399 895 384 
691 448 793 398 895 381 
691 448 794 396 892 378 
691 448 791 395 892 375 
691 448 791 392 891 372 
690 448 790 390 888 370 
690 448 788 390 887 367 
690 449 789 388 886 363 
690 449 786 387 884 360 
691 449 785 386 882 358 
690 449 786 383 881 356 
690 449 783 383 880 353 
690 449 781 382 877 349 
690 449 783 380 874 348 
690 449 780 379 873 344 
689 448 779 377 869 342 
689 448 776 376 867 338 
689 448 773 375 863 336 
688 448 775 373 862 332 
689 448 774 371 858 329 
689 449 770 370 853 326 
688 448 769 367 852 322 
688 448 769 365 848 318 
688 448 765 364 844 315 
688 448 765 361 840 312 
687 447 762 359 836 308 
686 447 759 357 830 304 
687 449 755 356 824 301 
686 448 753 354 819 297 
686 447 749 351 814 293 
686 448 745 350 808 290 
686 448 742 349 801 287 
686 447 739 347 796 283 
685 448 735 347 789 280 
685 448 732 346 785 277 
685 448 739 335 780 273 
685 448 736 334 771 274 
686 448 732 332 767 272 
685 448 728 331 764 270 
684 448 725 331 759 269 
684 447 722 331 754 267 
684 448 719 330 751 266 
684 447 716 329 747 264 
684 448 713 330 742 262 
683 447 707 329 733 260 
684 447 705 328 728 260 
684 448 702 329 724 259 
684 448 699 329 720 258 
683 447 697 328 717 257 
683 447 696 329 713 257 
683 447 694 329 711 257 
683 447 693 328 709 257 
683 447 692 329 708 257 
683 446 692 329 708 258 
682 447 691 329 708 257 
683 447 691 329 707 257 
683 447 691 328 708 258 
682 447 691 328 708 258 
683 447 691 329 708 258 
682 446 691 328 708 258 
682 447 691 328 708 258 
683 447 691 328 707 258 
682 446 691 328 707 258 
683 447 691 328 707 258 
682 447 691 328 707 258 
683 446 691 328 708 257 
682 446 692 328 709 258 
683 447 693 328 711 258 
683 447 693 328 712 258 
682 446 696 328 714 258 
684 447 696 327 717 257 
683 447 699 328 720 258 
683 447 700 328 723 258 
684 447 703 328 726 258 
684 447 704 328 729 258 
684 447 706 328 733 259 
684 447 708 328 736 260 
684 448 710 328 739 260 
684 447 713 328 742 259 
684 447 715 329 745 260 
685 447 716 329 749 261 
685 447 718 329 751 262 
684 448 721 330 755 262 
684 447 723 329 759 263 
684 447 725 330 762 264 
684 447 728 331 766 265 
685 447 730 332 769 266 
685 447 733 332 773 267 
685 447 736 333 778 269 
685 447 738 334 782 271 
684 447 741 334 786 272 
685 447 743 335 791 274 
685 447 746 337 795 276 
686 448 749 337 799 278 
685 447 752 338 804 282 
685 447 755 340 807 285 
685 447 757 341 812 287 
686 447 759 343 816 290 
686 447 762 344 820 293 
686 448 764 346 823 295 
686 448 767 346 826 299 
686 448 768 348 831 300 
686 447 771 349 833 305 
686 448 773 350 837 305 
686 448 774 352 838 309 
686 448 777 353 842 311 
687 448 779 355 846 315 
686 448 781 357 849 319 
686 448 783 360 852 322 
687 448 786 361 856 327 
687 448 788 363 859 331 
686 447 790 366 863 335 
687 447 793 368 866 340 
687 448 795 371 869 345 
687 447 797 374 874 351 
688 447 800 377 876 357 
687 448 802 380 879 361 
688 448 803 382 882 366 
688 448 806 385 884 373 
688 448 807 388 886 378 
688 448 810 392 889 382 
688 449 811 394 890 388 
688 448 812 396 891 393 
688 448 812 398 892 397 
688 449 814 400 893 401 
688 448 814 404 894 404 
689 449 816 406 898 405 
688 448 815 407 896 410 
688 448 816 409 897 414 
689 449 817 411 897 419 
688 448 818 412 898 422 
688 448 818 415 900 424 
689 448 818 417 900 425 
689 448 819 418 901 428 
689 448 819 420 901 429 
689 449 820 420 902 430 
689 448 819 422 902 432 
689 448 820 422 902 432 
689 449 819 424 903 434 
688 448 821 424 904 435 
689 448 820 425 904 435 
689 449 820 426 903 436 
689 448 821 426 904 438 
689 448 821 427 904 438 
689 449 820 427 904 439 
689 448 821 428 904 439 
689 448 821 430 903 442 
689 448 821 431 903 443 
689 448 821 431 902 445 
689 448 821 433 904 447 
689 448 822 434 904 448 
690 449 821 435 904 447 
689 448 822 435 904 447 
689 448 822 435 904 447 
689 448 822 434 905 448 
689 448 822 434 905 447 
690 449 822 435 904 447 
688 448 822 434 905 448 
689 448 821 436 905 447 
689 448 822 436 905 448 
689 448 822 436 905 448 
689 448 821 436 904 447 
689 448 822 435 904 447 
690 449 822 434 904 446 
689 448 822 434 904 446 
689 448 822 434 904 446 
690 449 822 433 904 445 
689 448 822 433 904 445 
689 449 822 432 903 443 
689 448 821 431 903 441 
689 449 821 428 902 439 
689 448 821 427 902 435 
690 449 821 425 903 432 
689 448 820 423 902 427 
689 449 820 421 901 423 
689 449 819 418 901 419 
689 448 818 415 900 415 
689 449 817 412 899 410 
688 448 817 410 898 405 
688 448 816 407 897 401 
689 449 815 404 895 396 
688 448 814 402 894 392 
689 449 813 399 891 388 
688 448 811 396 890 383 
688 448 810 394 887 376 
688 448 809 391 886 373 
689 449 807 387 884 368 
688 449 806 386 881 364 
689 449 804 383 879 359 
688 449 803 380 877 354 
688 448 800 378 873 350 
688 447 799 375 871 345 
687 448 797 373 868 341 
688 448 794 370 865 337 
687 448 794 368 860 332 
688 447 790 366 858 328 
687 448 789 364 854 324 
687 448 786 361 851 321 
687 449 785 360 848 318 
686 448 782 358 844 315 
687 448 780 355 841 311 
686 448 777 354 837 309 
686 448 775 352 835 305 
687 447 772 351 829 302 
686 448 770 348 824 298 
686 448 768 346 820 295 
687 448 765 345 816 293 
686 448 762 343 812 290 
685 448 759 342 807 287 
685 448 757 341 802 284 
685 448 753 340 798 283 
685 448 750 338 793 280 
684 447 747 337 788 278 
684 448 744 336 783 276 
684 448 741 335 779 274 
684 448 737 334 774 272 
684 448 733 333 769 270 
684 448 731 333 763 269 
684 447 727 331 758 267 
684 448 723 331 751 265 
684 448 718 330 745 264 
683 448 715 330 739 263 
683 448 710 329 733 261 
683 448 706 330 727 260 
683 448 703 329 721 260 
683 447 699 330 716 260 
683 447 697 330 711 260 
682 447 694 331 708 260 
682 447 692 331 705 260 
682 447 691 331 705 260 
682 447 691 331 704 261 
683 448 691 331 703 260 
682 448 690 331 703 260 
682 448 692 331 704 260 
682 448 692 331 704 260 
682 447 692 331 705 260 
682 447 693 330 706 260 
682 447 693 331 706 260 
682 447 693 330 707 260 
682 447 693 331 706 260 
682 447 693 331 706 260 
683 447 693 331 705 260 
682 447 691 330 704 260 
682 446 691 330 703 261 
682 447 691 331 702 261 
681 447 690 330 702 261 
682 447 689 330 701 260 
681 447 689 331 701 260 
682 447 690 331 701 261 
682 446 691 330 702 261 
682 447 692 330 704 260 
682 447 693 330 706 260 
683 447 695 331 708 260 
683 447 697 330 713 260 
682 447 699 330 717 260 
683 447 702 330 722 260 
683 447 706 329 728 261 
684 447 710 330 734 261 
683 447 714 331 740 262 
684 447 717 331 748 264 
684 447 722 331 754 265 
684 447 726 332 761 267 
684 447 730 333 767 269 
684 447 734 333 772 270 
684 447 738 334 779 274 
684 447 741 335 784 275 
684 447 745 336 790 278 
685 447 748 337 795 281 
685 447 751 339 800 283 
685 446 754 340 805 287 
685 447 757 341 809 289 
685 447 760 342 814 291 
686 447 763 345 818 294 
685 447 765 346 822 298 
685 447 769 348 827 302 
686 447 770 349 832 306 
686 447 773 352 837 308 
686 447 776 354 841 312 
686 447 778 355 843 315 
686 447 781 358 847 319 
686 448 782 359 850 323 
686 448 785 361 854 326 
686 447 787 363 857 329 
686 448 790 365 859 333 
686 448 790 367 862 336 
686 448 793 370 866 341 
687 448 794 371 867 346 
687 447 797 373 872 348 
687 449 798 376 874 354 
687 448 800 379 876 358 
686 448 803 381 878 364 
687 448 803 384 880 368 
687 448 805 387 883 372 
688 448 807 389 884 378 
687 448 808 391 887 384 
688 449 810 394 887 389 
688 448 810 397 890 394 
687 448 813 400 890 397 
687 448 813 402 892 402 
687 448 814 404 893 406 
688 449 815 407 894 410 
688 448 815 409 894 413 
688 448 817 411 895 417 
688 448 817 413 896 420 
688 448 818 416 898 423 
688 449 818 418 898 425 
688 448 818 419 897 428 
688 448 819 420 897 431 
688 448 819 422 898 433 
689 448 820 422 899 433 
688 448 820 423 900 434 
689 448 820 424 900 434 
688 448 820 425 901 435 
689 448 820 425 902 437 
688 448 820 425 901 436 
688 448 820 426 902 439 
688 448 820 427 902 439 
688 448 820 428 902 441 
689 448 821 429 902 442 
688 448 820 429 903 445 
689 448 821 431 902 445 
688 448 821 432 903 446 
688 448 821 432 902 445 
689 448 821 432 902 446 
689 449 821 431 902 446 
688 448 821 431 902 446 
689 448 821 432 902 446 
688 448 821 432 902 446 
689 448 821 432 903 446 
689 448 821 432 903 446 
688 448 821 431 902 446 
688 448 820 431 902 445 
689 448 821 429 901 444 
688 448 820 428 901 442 
688 449 821 427 900 440 
689 448 820 425 901 437 
689 448 819 422 900 432 
688 448 820 421 900 427 
689 448 819 417 899 422 
689 449 818 415 899 417 
688 448 817 411 897 411 
688 448 815 406 895 399 
688 448 813 402 890 398 
687 447 813 400 891 392 
689 448 812 398 890 388 
688 448 811 395 886 387 
688 448 809 394 886 382 
688 448 809 392 885 378 
687 448 808 389 884 373 
688 448 807 388 880 373 
689 448 806 385 879 368 
688 448 804 383 878 362 
688 448 802 380 875 358 
687 448 800 377 874 353 
688 448 798 374 871 348 
688 448 795 372 868 345 
688 448 795 370 863 340 
688 448 792 367 860 336 
688 448 789 364 856 330 
688 448 787 362 852 326 
687 448 784 359 849 322 
687 447 781 358 845 318 
687 447 779 355 839 314 
686 447 779 356 838 311 
686 447 775 353 834 310 
686 447 774 353 831 306 
686 447 772 352 827 304 
686 447 769 349 824 303 
686 447 768 349 822 300 
685 447 767 348 818 299 
685 447 764 346 816 296 
685 448 763 346 812 295 
685 447 761 345 809 293 
685 447 759 343 806 291 
686 447 757 342 804 289 
685 448 754 342 800 287 
684 447 753 341 796 286 
685 447 750 340 793 284 
685 448 748 339 789 282 
684 447 746 338 786 280 
684 447 742 338 780 277 
684 448 739 336 776 275 
684 447 736 336 771 274 
684 447 733 335 766 273 
684 447 731 334 762 272 
684 447 728 334 758 270 
683 447 725 333 754 269 
684 447 722 333 749 268 
684 448 719 333 745 267 
683 448 717 332 741 267 
684 448 715 332 737 266 
684 448 713 332 734 266 
684 447 710 332 730 265 
684 448 708 331 727 264 
683 448 706 332 724 264 
683 447 705 332 723 264 
683 447 704 332 721 263 
683 447 704 332 719 264 
683 447 703 332 718 264 
683 446 702 331 718 264 
683 447 702 331 718 263 
682 447 703 331 718 263 
683 447 703 332 719 263 
682 447 703 332 720 263 
683 447 704 331 720 263 
683 447 705 332 722 263 
684 447 706 332 723 263 
684 447 707 332 725 263 
684 447 708 332 727 264 
684 448 709 332 730 264 
684 448 710 332 732 265 
683 448 711 332 735 265 
683 448 713 333 738 266 
684 448 715 333 741 266 
683 448 717 333 745 267 
684 447 719 333 747 267 
684 447 721 333 750 267 
684 447 723 333 752 268 
684 447 724 333 756 269 
684 447 726 334 759 270 
684 447 728 334 762 271 
684 447 730 335 766 272 
684 447 732 335 769 273 
684 447 735 336 770 274 
685 447 737 336 775 274 
685 447 739 336 779 276 
684 446 740 337 781 277 
685 447 743 338 785 278 
684 447 745 338 789 280 
685 446 747 339 791 282 
685 447 749 340 796 284 
685 447 752 340 799 286 
685 446 753 341 802 288 
685 447 755 342 805 289 
685 447 757 343 809 292 
685 446 758 344 811 294 
685 447 761 345 815 295 
685 447 763 345 818 297 
685 446 765 347 820 300 
685 447 767 348 823 300 
685 447 768 348 825 303 
686 447 769 349 828 304 
686 447 770 351 831 307 
686 447 773 353 833 309 
685 446 774 353 835 311 
686 447 775 354 838 313 
686 447 778 356 840 316 
686 448 779 356 842 318 
686 447 782 360 847 322 
687 447 783 361 849 326 
686 448 784 362 853 327 
687 448 787 364 853 331 
687 448 789 365 858 332 
686 447 790 366 859 336 
687 447 793 369 863 337 
687 447 793 370 863 342 
687 448 794 372 867 344 
687 448 795 373 867 348 
687 447 797 376 869 352 
687 447 798 376 873 353 
688 448 799 378 873 357 
687 448 801 380 876 356 
688 448 801 381 876 362 
687 448 803 383 878 365 
688 448 803 384 879 368 
687 448 806 387 880 373 
687 448 806 388 884 374 
688 448 808 391 884 380 
688 448 808 393 886 386 
688 448 811 396 888 389 
688 448 812 398 888 393 
688 448 812 399 889 396 
688 448 814 402 890 400 
688 448 814 404 891 403 
688 448 815 407 892 408 
688 448 815 408 893 410 
688 448 815 409 894 412 
688 448 816 409 894 415 
688 448 816 410 894 417 
689 449 817 412 895 418 
688 448 818 413 896 419 
688 448 818 414 896 420 
689 449 818 415 896 422 
688 448 818 416 897 424 
689 449 818 417 898 425 
688 448 818 418 898 427 
689 448 819 419 899 428 
688 448 819 421 899 429 
688 448 819 421 900 431 
689 449 819 422 901 432 
688 448 819 423 901 433 
688 448 820 424 902 435 
690 449 821 425 903 437 
689 449 821 426 903 438 
688 448 821 427 903 440 
689 448 821 429 904 442 
689 448 821 429 904 443 
689 448 822 431 904 444 
688 448 822 431 903 443 
689 448 822 431 904 444 
689 448 822 430 903 444 
689 448 822 430 904 444 
688 448 822 430 904 444 
689 448 821 431 903 444 
689 448 822 431 904 444 
689 448 822 432 904 445 
688 448 822 432 904 445 
689 448 822 432 904 445 
689 448 822 432 903 444 
689 448 822 431 903 444 
690 449 822 431 903 444 
690 449 822 430 903 444 
690 449 822 430 903 444 
690 449 822 429 903 443 
690 449 822 429 902 441 
690 449 822 428 902 441 
690 448 821 427 901 439 
689 448 821 427 901 437 
689 448 821 426 901 436 
689 448 821 426 900 435 
690 449 821 424 899 433 
690 449 821 423 899 431 
690 449 820 421 901 428 
690 448 820 419 901 424 
690 448 820 418 901 420 
689 447 819 416 898 417 
689 448 819 414 898 416 
689 448 818 411 898 411 
690 448 817 407 896 405 
690 448 816 405 894 400 
690 448 814 402 892 394 
690 449 813 399 891 390 
690 448 812 396 886 388 
689 448 810 393 886 383 
689 449 808 392 884 376 
688 447 808 389 883 372 
689 448 806 386 879 370 
688 448 805 385 878 365 
688 447 803 382 876 360 
688 447 802 381 874 356 
688 447 800 378 871 353 
688 447 799 377 869 350 
688 448 797 374 867 348 
689 448 797 374 865 345 
688 448 796 372 864 342 
687 447 793 370 861 340 
688 448 793 370 860 336 
688 448 793 368 857 335 
687 448 789 366 855 332 
687 447 789 365 851 330 
688 448 787 362 850 326 
687 448 785 361 847 324 
686 448 784 360 845 320 
687 448 781 358 842 319 
687 448 780 357 840 315 
686 447 777 354 836 313 
687 448 776 354 833 311 
687 448 773 351 830 308 
687 448 772 352 827 307 
686 448 771 351 823 304 
686 448 769 348 821 302 
685 447 767 348 818 301 
686 447 766 348 815 299 
685 447 764 347 814 297 
685 447 763 346 810 295 
685 448 761 344 809 295 
685 447 759 344 806 294 
685 447 758 343 804 292 
685 447 755 343 801 290 
685 447 754 342 798 288 
685 447 752 341 796 287 
684 447 750 340 793 285 
685 448 748 339 790 283 
685 448 746 339 786 282 
685 447 744 338 783 281 
685 448 742 337 779 279 
685 448 740 337 777 278 
685 448 738 336 773 277 
685 448 736 335 770 275 
685 448 734 335 767 274 
685 447 731 334 763 274 
684 447 729 334 759 272 
685 447 726 333 756 272 
685 447 723 332 750 270 
685 447 720 332 746 269 
684 447 719 333 743 268 
684 447 716 332 739 268 
684 447 714 332 737 268 
684 447 712 332 735 267 
684 447 711 331 731 266 
684 447 708 332 728 267 
684 447 707 331 727 266 
683 447 706 332 725 266 
683 447 705 332 723 266 
684 447 705 332 723 266 
684 447 704 332 722 266 
684 447 703 332 722 266 
684 447 704 332 721 266 
682 447 704 332 722 266 
683 447 703 333 722 267 
683 446 704 332 723 266 
683 447 705 333 723 266 
683 446 705 332 724 266 
683 447 705 332 725 266 
683 447 706 333 725 266 
683 446 707 332 728 266 
684 447 708 332 729 267 
684 447 709 332 731 267 
684 447 710 333 733 267 
684 447 712 332 735 267 
684 447 713 332 738 268 
684 447 715 332 740 268 
684 447 716 333 742 268 
684 447 717 332 745 270 
684 447 719 333 746 269 
684 447 720 333 748 270 
684 447 721 333 750 270 
684 447 722 333 751 270 
685 447 724 333 753 271 
685 447 724 333 756 271 
684 447 726 333 757 272 
685 447 727 334 761 273 
685 447 728 334 763 274 
685 447 730 335 767 275 
685 447 732 335 769 276 
685 447 734 335 772 277 
686 447 736 336 776 278 
685 447 738 336 778 279 
685 446 739 337 781 281 
685 447 742 337 785 282 
685 447 743 338 787 283 
686 447 745 338 790 284 
686 447 746 339 791 285 
686 447 748 340 794 286 
686 447 750 340 797 288 
686 447 751 341 799 288 
686 447 753 341 802 291 
685 447 754 342 804 292 
686 447 756 342 806 293 
686 447 757 343 810 296 
686 446 760 345 813 298 
685 446 762 346 816 299 
685 446 765 346 820 302 
685 446 767 349 825 306 
685 446 769 350 829 308 
685 446 772 352 833 311 
686 446 775 354 837 315 
685 446 778 356 841 319 
686 446 781 358 845 323 
686 446 783 361 849 328 
686 446 786 363 853 332 
686 446 789 366 856 335 
686 447 791 369 860 340 
687 446 793 370 862 346 
687 447 796 373 868 349 
686 446 799 377 869 355 
687 447 802 379 872 361 
687 446 804 383 877 363 
687 447 805 384 878 370 
687 447 808 388 880 375 
687 446 810 391 885 377 
687 447 811 394 886 385 
687 447 812 397 887 392 
688 447 814 400 888 396 
687 447 816 403 889 401 
688 448 816 407 890 406 
687 448 818 409 891 411 
688 447 820 412 892 415 
688 447 820 415 894 418 
688 447 821 418 897 420 
688 448 822 420 897 425 
688 447 823 422 896 430 
688 447 823 425 899 432 
688 447 824 427 899 433 
688 447 824 429 898 436 
688 447 824 432 898 440 
689 447 824 433 901 443 
689 447 824 435 901 443 
689 447 825 436 900 447 
689 447 825 437 902 448 
689 447 825 438 903 448 
689 448 825 439 902 448 
689 448 824 439 902 448 
689 447 825 439 903 448 
688 447 825 440 903 448 
689 447 825 439 903 449 
689 447 825 439 903 448 
689 447 825 439 904 449 
689 447 825 440 904 448 
689 446 825 440 904 449 
689 446 825 440 903 448 
689 446 825 441 903 448 
689 445 825 440 904 448 
689 446 825 441 904 449 
689 445 825 441 904 449 
689 445 826 441 905 449 
689 445 825 441 904 449 
