665 458 753 438 817 452 
665 458 753 438 817 452 
665 459 753 438 816 451 
665 458 753 437 816 450 
664 458 753 436 816 450 
665 459 753 436 817 449 
665 459 753 434 816 449 
664 459 753 434 816 448 
665 459 754 434 816 447 
665 459 754 433 816 446 
665 459 754 432 816 444 
665 459 754 432 815 443 
665 459 754 431 816 443 
665 459 754 431 817 441 
665 459 754 430 816 441 
665 459 753 428 816 440 
665 460 753 428 816 438 
665 459 752 425 815 438 
665 459 753 426 815 436 
665 459 753 425 815 434 
664 458 753 424 815 433 
664 459 752 422 815 430 
665 460 752 422 815 427 
664 459 752 421 815 426 
665 460 753 420 814 424 
664 459 752 419 814 422 
665 459 752 418 814 420 
665 459 751 415 813 418 
664 458 750 415 812 416 
665 459 750 414 812 414 
665 459 750 413 813 414 
665 459 749 412 812 411 
664 458 749 410 812 408 
665 460 749 409 812 406 
665 459 749 408 811 402 
664 459 749 408 810 401 
664 458 749 405 811 398 
664 459 748 404 810 395 
664 459 747 403 809 393 
665 460 746 402 808 389 
665 460 746 400 807 387 
664 459 745 399 807 387 
665 460 744 397 807 384 
664 460 743 395 806 381 
664 460 742 394 806 379 
664 460 741 393 804 376 
663 459 740 392 803 373 
664 459 739 391 801 370 
664 459 738 389 801 369 
663 459 737 388 799 366 
663 459 735 386 797 364 
663 459 735 385 795 361 
663 459 734 385 794 357 
662 459 733 384 793 354 
663 459 730 381 791 350 
663 459 729 379 789 347 
663 459 729 378 786 345 
663 460 726 377 784 340 
663 459 724 375 781 337 
662 459 724 373 777 333 
661 458 720 372 774 330 
661 460 716 371 771 326 
662 460 714 367 768 323 
662 460 711 365 763 320 
661 460 708 364 759 315 
661 460 708 362 755 312 
661 459 704 362 750 308 
660 459 700 360 745 304 
660 460 695 358 740 302 
659 460 694 356 737 300 
659 459 691 356 732 297 
659 460 687 356 727 294 
658 459 686 355 724 292 
658 460 684 353 720 291 
658 460 682 354 715 288 
657 460 679 353 712 287 
657 460 676 353 709 286 
658 460 674 353 705 284 
658 460 672 352 702 283 
657 460 670 352 699 282 
657 459 668 352 695 281 
657 460 666 352 692 280 
656 460 663 352 686 279 
656 460 661 351 684 279 
657 460 660 351 684 279 
656 460 658 351 682 278 
656 460 657 351 681 278 
656 459 657 352 680 279 
656 460 658 352 679 279 
656 459 657 352 679 279 
657 459 656 351 678 278 
656 460 656 351 679 278 
656 460 655 351 678 279 
657 460 656 351 677 278 
656 459 656 351 678 279 
655 458 655 351 676 278 
655 458 655 351 677 279 
655 458 655 351 676 278 
655 458 656 351 677 278 
655 458 656 351 677 278 
654 458 656 351 678 278 
655 458 656 350 679 279 
655 459 657 351 681 279 
656 459 659 351 682 278 
656 458 661 351 686 279 
656 458 662 351 688 280 
656 460 664 351 690 280 
657 460 664 351 693 282 
657 460 667 350 694 282 
658 460 668 351 699 282 
657 460 671 351 700 283 
657 460 673 353 703 283 
657 460 674 352 705 284 
657 460 674 352 709 286 
657 459 677 351 710 286 
658 459 678 353 714 287 
657 459 681 353 717 290 
657 459 682 353 719 289 
657 459 684 354 722 291 
657 459 686 354 726 293 
658 459 689 355 728 294 
658 459 690 356 730 295 
657 459 692 356 735 298 
658 459 694 357 738 300 
658 460 696 358 740 301 
658 459 698 359 744 304 
658 459 700 359 747 305 
657 459 703 361 750 308 
658 459 704 362 752 309 
659 459 707 363 756 313 
659 460 709 365 758 315 
659 459 710 366 762 319 
659 459 712 368 766 322 
658 459 714 369 767 324 
659 459 716 370 771 326 
659 459 717 371 773 329 
659 459 719 372 775 331 
660 459 721 374 776 333 
660 459 722 375 779 336 
660 459 723 377 781 339 
660 460 724 378 783 342 
660 460 727 380 786 345 
660 460 728 382 787 348 
661 461 731 385 790 353 
661 460 731 386 791 356 
661 460 733 389 794 360 
661 460 734 390 795 365 
661 460 737 394 798 371 
661 460 738 395 800 376 
662 460 740 398 801 381 
662 460 741 401 803 385 
662 460 742 404 804 389 
662 460 743 405 806 393 
662 460 745 409 807 398 
662 460 745 410 809 403 
662 460 747 414 809 407 
662 460 747 416 810 410 
661 460 747 419 810 413 
662 460 748 420 811 416 
662 460 748 423 811 418 
662 460 748 425 811 421 
663 461 749 428 812 426 
663 461 749 430 811 429 
663 461 750 432 811 433 
663 460 750 434 812 435 
663 460 750 435 813 437 
663 460 751 436 813 439 
663 461 751 437 813 440 
663 460 751 439 813 441 
663 460 752 439 814 443 
663 460 752 440 814 445 
663 461 752 441 814 446 
663 460 753 441 813 446 
663 460 752 442 814 446 
663 461 752 443 813 447 
663 460 753 444 814 448 
663 460 753 444 814 448 
663 460 753 445 813 448 
663 460 753 446 814 449 
663 460 752 446 814 450 
663 460 752 447 814 451 
663 459 753 448 814 452 
663 460 752 449 814 453 
663 460 753 450 814 455 
663 460 752 451 814 454 
663 460 752 451 815 455 
663 460 753 451 814 454 
663 460 752 452 815 455 
663 460 753 451 814 454 
663 460 752 451 814 454 
663 460 753 451 815 454 
663 460 752 451 814 453 
663 460 753 451 815 455 
663 460 752 452 814 454 
663 460 752 452 815 455 
663 460 752 452 814 454 
663 460 752 451 815 454 
663 460 752 451 815 454 
663 460 753 451 814 453 
663 460 753 451 814 453 
663 460 753 450 814 453 
663 460 753 450 814 451 
663 460 753 449 813 450 
663 460 753 448 814 449 
663 460 753 447 814 448 
663 460 753 445 814 447 
663 460 753 443 814 443 
663 461 753 442 814 439 
663 460 752 439 814 436 
663 460 751 436 813 434 
663 460 751 435 813 430 
663 461 751 431 812 426 
663 461 750 428 812 422 
663 460 749 427 811 417 
663 460 748 424 810 413 
663 461 748 422 809 409 
663 461 747 419 808 405 
663 460 746 417 807 401 
662 460 746 414 806 397 
663 460 745 412 805 393 
663 460 744 410 804 389 
663 461 743 407 803 385 
662 460 742 405 801 380 
662 459 741 403 799 377 
662 460 739 401 798 373 
662 460 738 398 796 370 
662 460 737 396 795 366 
662 460 735 393 793 362 
662 460 734 391 790 358 
662 460 733 389 789 355 
662 460 732 387 787 351 
661 460 730 385 784 348 
661 461 728 383 782 345 
662 460 727 382 780 341 
661 461 725 380 777 338 
661 460 723 378 775 334 
661 460 722 375 772 331 
661 460 720 374 769 328 
661 460 717 372 766 325 
660 460 715 371 763 322 
660 460 713 368 759 319 
660 460 711 367 756 315 
660 460 708 366 752 313 
660 460 707 364 750 310 
660 460 704 363 745 307 
659 461 701 361 743 305 
659 460 699 359 740 304 
659 459 696 358 735 301 
659 460 694 357 731 297 
659 460 692 356 727 296 
658 461 688 355 723 293 
658 460 685 354 719 291 
658 460 682 353 715 290 
657 459 680 352 709 287 
657 460 677 352 706 286 
657 460 674 352 701 285 
657 460 670 351 697 284 
657 460 668 351 693 283 
657 460 665 351 688 282 
656 460 663 351 684 281 
656 460 661 351 681 280 
656 460 659 351 679 280 
656 459 658 352 677 280 
655 460 657 351 677 280 
656 460 657 351 676 280 
656 459 657 351 676 280 
656 460 657 351 677 279 
656 460 657 351 677 280 
656 459 657 352 678 279 
656 460 658 352 678 280 
656 460 659 351 679 280 
656 459 659 351 679 280 
656 460 659 351 679 280 
656 460 658 350 679 280 
655 459 657 351 678 280 
655 459 657 351 676 279 
656 459 657 351 675 279 
656 459 656 351 673 279 
655 459 655 351 672 279 
656 458 655 351 671 279 
655 459 654 351 671 279 
655 459 654 351 670 279 
655 458 654 351 671 279 
655 459 654 350 671 279 
655 458 654 351 673 279 
655 459 655 351 674 278 
655 458 659 351 678 279 
655 459 662 351 682 280 
656 459 663 351 686 280 
656 459 666 351 690 281 
656 459 669 351 695 282 
657 459 672 350 700 283 
657 459 675 351 704 284 
657 459 679 351 710 287 
658 459 682 352 715 288 
658 459 685 352 720 291 
658 459 689 353 725 294 
657 459 692 355 730 296 
658 459 696 357 735 299 
657 459 698 357 737 301 
658 459 701 358 741 303 
658 459 703 361 746 307 
658 459 706 361 749 309 
658 459 709 363 753 312 
658 459 710 364 756 315 
658 459 712 365 761 317 
658 459 714 367 763 322 
659 459 716 368 767 324 
659 459 718 371 770 327 
659 459 720 372 773 330 
659 459 723 375 776 333 
659 459 725 375 779 338 
659 459 727 378 782 342 
659 459 727 380 784 345 
660 459 730 382 788 348 
660 459 731 383 789 351 
660 460 732 385 790 354 
662 461 735 388 793 358 
661 461 735 389 794 361 
661 460 736 391 797 365 
661 460 738 394 798 369 
661 460 739 395 799 373 
661 460 740 397 801 377 
661 461 742 400 802 382 
661 461 742 402 804 386 
662 461 743 405 805 389 
662 461 744 407 806 394 
662 461 745 409 807 398 
662 461 746 412 808 403 
662 461 747 414 809 408 
662 461 748 417 811 412 
662 461 747 419 811 414 
662 461 749 422 811 418 
663 460 749 425 812 421 
662 460 749 427 812 425 
662 460 749 428 813 429 
662 459 750 431 813 433 
662 460 751 434 812 436 
662 460 751 435 813 438 
663 461 754 439 814 440 
663 461 753 438 814 442 
663 461 752 439 814 443 
663 461 752 440 813 444 
663 461 753 441 814 445 
663 460 753 442 814 446 
663 460 753 443 814 447 
663 460 754 443 813 447 
663 460 754 443 814 448 
663 461 754 443 814 449 
663 461 753 444 814 450 
663 460 753 445 815 451 
663 460 753 446 815 452 
663 460 753 447 815 452 
663 461 753 448 815 454 
663 460 753 449 815 455 
663 459 752 449 816 455 
662 460 752 449 816 456 
663 460 753 449 816 456 
663 461 752 448 815 456 
663 460 753 448 815 456 
663 460 753 449 815 456 
663 461 752 449 816 456 
663 460 752 448 816 456 
663 460 752 449 815 456 
663 460 752 448 815 455 
663 461 752 447 815 454 
663 460 752 447 814 452 
663 460 753 447 814 451 
663 459 753 446 813 449 
662 460 753 443 814 447 
663 460 753 442 814 444 
663 461 752 439 813 440 
663 461 751 436 813 436 
663 460 750 434 812 432 
663 460 750 431 812 427 
663 461 749 427 811 422 
663 460 749 425 810 417 
663 460 748 422 810 413 
662 460 748 420 809 410 
663 461 747 416 807 406 
662 460 746 415 807 402 
662 460 745 413 807 398 
662 460 744 411 805 395 
663 460 744 409 804 392 
662 460 743 407 802 388 
662 459 742 405 801 384 
662 459 742 403 799 380 
662 460 741 401 798 376 
662 460 739 397 797 372 
661 460 738 395 795 368 
661 460 737 393 793 363 
661 460 736 390 790 360 
661 460 735 388 788 355 
661 460 732 385 786 351 
661 460 731 383 783 346 
660 460 728 381 779 343 
661 459 728 380 778 340 
661 460 727 378 776 336 
660 459 725 377 774 334 
660 459 723 376 772 332 
660 459 721 373 771 330 
660 459 721 373 769 328 
660 460 719 371 767 325 
660 459 717 369 764 323 
660 460 716 368 763 322 
660 460 713 367 760 319 
660 459 713 365 758 318 
660 460 710 365 756 315 
660 460 710 363 754 314 
660 460 708 362 750 310 
660 460 707 362 749 309 
659 460 704 360 745 308 
659 460 702 360 743 305 
659 460 700 359 740 302 
659 460 698 357 737 302 
659 460 696 356 733 299 
658 460 693 355 730 297 
657 460 691 355 726 294 
657 460 689 353 722 293 
657 459 687 353 720 292 
657 460 684 353 717 291 
657 460 683 353 713 289 
657 460 680 351 709 288 
657 461 677 351 706 287 
657 461 676 351 703 286 
657 461 674 350 700 286 
657 461 672 350 697 284 
657 461 671 349 694 284 
657 460 669 350 691 283 
656 460 668 349 689 283 
656 460 667 349 687 282 
656 460 666 349 686 282 
656 459 666 349 686 281 
655 459 666 350 687 282 
656 460 666 350 687 282 
656 460 667 350 687 282 
656 460 667 350 688 283 
656 459 668 350 689 282 
656 460 669 350 691 283 
656 460 669 350 692 283 
656 460 670 351 693 283 
656 460 671 350 695 284 
656 460 673 350 697 284 
657 460 674 351 699 284 
656 460 675 351 701 285 
657 459 676 351 704 286 
656 460 677 351 706 287 
657 460 679 351 707 287 
658 460 680 351 709 288 
658 460 682 351 712 289 
658 460 683 352 714 290 
658 460 685 352 717 292 
657 459 685 352 719 291 
657 460 688 352 721 292 
657 460 688 353 723 294 
657 459 691 354 725 295 
657 459 693 354 727 296 
657 459 694 354 731 299 
658 459 695 355 733 300 
657 459 697 356 735 301 
658 459 699 357 738 303 
658 459 700 357 741 304 
658 459 702 358 743 305 
658 459 704 359 746 308 
658 459 705 360 748 309 
658 459 707 360 750 312 
658 458 709 362 753 313 
658 458 710 363 755 315 
658 458 711 363 757 318 
658 458 714 365 760 319 
658 458 714 366 762 322 
659 459 716 366 763 323 
658 459 717 368 766 325 
658 459 720 369 768 327 
659 459 720 370 769 328 
659 459 721 371 772 331 
658 459 722 372 773 333 
658 459 724 373 775 334 
658 459 725 374 776 336 
658 459 727 374 778 337 
659 459 727 376 780 341 
659 459 729 377 782 342 
659 459 730 378 783 344 
660 460 731 380 785 348 
660 460 732 382 787 349 
660 459 734 383 789 352 
660 459 736 385 792 358 
660 459 737 387 794 360 
660 459 738 388 795 363 
660 459 738 390 796 366 
660 459 739 391 797 368 
660 459 740 393 798 371 
660 459 741 394 800 372 
660 459 742 396 800 376 
660 459 743 398 802 378 
660 459 744 399 802 381 
660 460 744 401 803 383 
660 459 744 402 804 386 
661 459 744 403 806 391 
660 459 746 406 806 393 
661 459 746 407 807 396 
660 459 746 409 808 400 
660 459 748 412 809 404 
661 460 749 415 810 408 
661 459 749 417 810 411 
661 459 749 418 811 414 
661 460 750 420 812 417 
661 459 749 423 813 419 
661 459 751 424 813 422 
661 460 750 426 813 425 
661 459 751 427 814 426 
661 460 751 428 813 429 
661 460 751 430 813 430 
661 459 751 430 814 432 
661 459 752 431 814 434 
661 460 752 433 814 434 
661 460 752 433 814 436 
661 459 752 434 814 437 
661 459 753 434 814 439 
661 460 752 436 814 441 
661 460 753 436 814 442 
661 459 753 438 814 443 
661 459 753 438 814 444 
661 460 753 439 814 445 
662 459 753 440 815 447 
661 459 754 441 814 446 
661 460 754 443 814 450 
661 459 754 443 815 451 
661 459 754 445 815 452 
661 460 754 446 815 454 
661 459 753 447 816 454 
661 459 755 447 815 454 
661 460 754 447 816 454 
661 460 755 447 816 454 
661 459 755 447 816 454 
661 460 755 447 816 454 
662 459 755 447 816 454 
662 459 755 448 816 454 
662 460 755 448 815 455 
662 459 754 449 815 454 
662 459 754 449 816 455 
662 459 754 449 816 454 
662 459 754 448 816 455 
662 459 754 448 815 454 
662 459 753 447 815 454 
662 459 754 447 815 454 
662 459 753 446 814 453 
662 459 754 446 814 452 
662 459 753 446 814 452 
662 459 753 444 814 451 
662 459 753 444 814 450 
662 459 753 443 814 448 
662 459 752 443 813 447 
662 459 753 442 813 445 
662 459 753 442 813 443 
662 459 753 441 813 441 
662 459 753 440 813 439 
662 459 753 438 813 437 
662 459 753 437 812 435 
662 459 751 434 812 433 
662 459 752 432 812 429 
663 459 751 429 812 425 
662 459 751 427 810 421 
662 459 750 425 810 416 
662 459 749 421 808 412 
662 459 749 420 808 409 
662 459 748 416 807 404 
662 459 747 414 805 401 
661 459 746 412 805 396 
661 459 745 410 803 393 
662 459 745 407 802 389 
661 459 743 406 802 386 
661 459 743 403 801 383 
661 459 742 402 799 379 
661 459 741 400 798 376 
661 459 740 399 797 373 
661 459 739 397 796 371 
661 459 739 395 795 369 
661 459 737 394 794 367 
661 460 737 392 792 364 
661 459 737 391 791 361 
661 460 736 389 790 359 
661 459 735 388 788 357 
661 460 734 387 787 354 
661 459 731 385 785 351 
660 459 732 384 784 349 
660 459 730 382 782 346 
660 460 728 380 780 343 
661 460 727 379 777 339 
661 461 726 377 775 338 
661 461 724 377 774 335 
660 460 723 376 771 333 
660 460 722 374 770 330 
660 459 721 373 767 328 
660 459 720 373 766 326 
660 459 719 372 765 324 
660 459 718 370 762 322 
659 459 716 370 761 320 
660 460 714 368 760 320 
660 460 713 367 757 317 
660 460 711 365 755 316 
660 460 710 365 754 314 
660 460 709 364 753 313 
659 459 707 363 750 311 
659 460 707 362 748 310 
659 459 704 362 747 308 
658 460 703 360 743 305 
658 459 702 360 742 304 
659 459 700 359 739 304 
659 460 699 359 736 302 
659 460 696 357 736 301 
659 460 695 357 732 299 
659 460 694 356 729 296 
658 460 692 355 727 296 
658 460 690 355 724 294 
657 460 689 355 721 293 
657 460 686 353 718 291 
657 459 685 353 716 290 
657 459 683 353 714 289 
656 459 682 353 710 288 
656 459 680 352 708 287 
656 459 677 352 703 286 
656 460 676 352 700 285 
657 460 674 352 699 285 
657 460 673 352 697 285 
657 460 672 352 695 284 
656 459 672 352 695 284 
656 459 671 352 694 284 
656 460 671 352 693 283 
655 460 670 351 693 283 
656 459 670 351 694 283 
656 459 670 351 694 283 
656 459 670 351 694 283 
656 460 670 351 694 283 
656 459 671 351 695 284 
655 459 670 351 696 284 
656 459 671 351 696 283 
656 460 672 352 697 285 
656 459 672 351 697 284 
656 460 672 351 698 284 
656 459 673 351 699 285 
656 459 674 351 701 286 
656 460 674 351 702 286 
657 460 676 351 703 286 
657 459 676 352 704 286 
656 459 678 352 708 289 
657 459 678 352 707 289 
656 459 680 352 709 289 
657 459 681 352 711 290 
657 459 681 352 712 290 
657 459 682 353 713 291 
657 459 683 352 713 291 
657 459 683 353 716 292 
657 459 685 353 717 292 
657 459 685 353 720 294 
657 459 687 354 721 295 
657 459 688 354 723 296 
657 459 689 355 726 297 
657 459 691 355 727 299 
657 459 692 355 731 300 
658 459 694 357 733 301 
658 459 696 358 736 302 
658 458 698 359 737 304 
657 459 699 359 739 305 
658 459 701 359 740 305 
658 459 702 360 742 306 
658 459 703 361 745 309 
658 459 704 362 747 310 
658 459 706 363 748 312 
658 459 706 363 751 313 
658 459 708 364 753 315 
658 458 709 365 755 317 
658 459 711 365 756 318 
659 459 712 366 759 321 
658 459 714 366 761 322 
658 459 715 368 764 325 
659 459 717 369 765 327 
659 459 718 370 769 331 
659 459 719 371 772 334 
659 459 722 373 775 338 
659 459 724 376 778 341 
659 459 726 378 780 345 
659 459 728 380 782 349 
660 459 729 382 785 353 
660 459 732 385 788 357 
660 459 733 386 791 361 
660 459 735 389 792 365 
660 459 737 391 795 368 
660 459 740 394 798 372 
660 459 740 396 800 378 
660 459 742 399 801 380 
661 459 743 402 803 385 
660 459 745 405 805 389 
661 459 746 408 806 393 
660 459 747 410 809 397 
661 460 748 414 810 402 
661 459 749 417 811 407 
661 459 749 420 811 412 
661 460 750 423 812 416 
661 460 750 425 813 419 
661 459 751 428 814 422 
661 460 752 431 814 425 
662 459 753 434 814 429 
661 459 754 437 814 432 
662 460 754 439 814 436 
662 460 754 440 814 439 
662 459 755 443 814 442 
662 459 755 445 815 444 
662 460 754 447 815 445 
662 460 754 448 814 448 
662 459 754 450 815 449 
662 459 754 451 815 452 
662 459 754 453 817 453 
662 459 754 454 817 455 
662 460 754 456 817 454 
663 460 754 456 817 454 
662 459 755 457 818 454 
663 459 755 456 819 454 
663 459 755 457 819 455 
663 460 755 457 818 453 
663 459 755 457 818 453 
663 459 755 457 819 454 
663 459 755 457 819 454 
663 458 755 458 819 454 
663 459 755 457 819 455 
663 458 755 458 819 455 
663 458 755 458 819 455 
663 459 755 458 819 455 
663 458 755 458 820 455 
663 457 755 458 820 455 
663 458 755 457 820 455 
