737 474 861 460 957 486 
737 474 861 460 957 486 
737 474 861 460 957 485 
737 475 861 459 957 484 
737 475 861 457 957 482 
737 475 861 457 957 482 
737 474 859 456 957 481 
737 474 858 454 956 479 
737 474 858 455 957 478 
737 474 858 454 956 476 
737 475 858 453 956 474 
737 475 857 451 955 472 
737 475 857 451 954 471 
737 474 857 450 954 469 
737 474 857 450 954 466 
736 474 856 448 954 465 
736 474 856 447 954 464 
736 473 855 446 954 461 
736 474 854 445 953 459 
736 474 855 445 953 457 
737 474 854 444 952 455 
737 475 854 442 951 453 
736 474 854 440 951 451 
737 475 852 440 950 448 
736 474 852 438 950 444 
736 474 851 435 948 442 
737 475 849 435 948 438 
736 474 850 433 947 434 
737 475 849 431 945 432 
737 474 848 430 943 429 
736 474 847 428 942 427 
736 474 846 427 942 424 
736 474 846 426 942 422 
736 475 845 425 940 419 
736 474 844 422 939 417 
736 474 843 422 937 412 
736 474 841 420 936 408 
736 474 840 418 935 405 
736 474 840 416 933 401 
735 474 839 415 930 398 
735 474 837 414 928 396 
736 475 837 413 928 392 
735 474 834 410 926 388 
735 474 834 409 922 387 
736 475 832 409 921 382 
735 474 830 408 920 379 
736 474 832 405 919 375 
736 475 829 405 914 375 
736 474 830 403 913 370 
736 474 826 402 908 368 
736 474 826 399 907 364 
735 474 826 396 902 362 
735 474 821 395 901 357 
735 474 823 393 895 356 
734 474 820 393 894 350 
734 473 820 389 888 347 
735 474 829 382 866 362 
734 473 826 379 861 360 
733 473 824 377 859 355 
735 474 820 374 852 354 
733 473 816 372 848 352 
733 474 813 372 843 349 
732 474 810 369 840 343 
733 474 807 367 834 342 
732 474 803 365 830 338 
732 474 799 363 826 335 
731 474 795 362 820 333 
731 473 791 361 815 332 
732 474 787 360 809 330 
731 473 783 359 805 328 
732 474 780 358 799 326 
731 474 777 357 795 326 
732 474 774 357 791 324 
731 474 771 357 786 324 
731 474 768 356 782 323 
731 474 765 356 778 321 
731 474 763 356 774 321 
731 474 760 357 770 321 
731 474 757 355 765 322 
731 474 754 355 762 320 
731 474 751 354 757 321 
730 474 749 354 753 320 
731 474 747 355 750 321 
730 474 744 354 747 320 
730 474 743 355 745 322 
729 473 742 355 744 322 
731 474 740 356 743 321 
730 473 740 356 742 322 
730 473 740 355 741 323 
730 474 740 356 742 323 
730 474 740 356 741 322 
730 474 740 356 741 322 
729 474 741 355 742 322 
729 473 741 355 742 322 
729 473 741 356 742 322 
729 473 741 355 742 322 
731 473 741 355 742 322 
730 473 741 355 742 322 
730 473 742 356 743 322 
730 473 742 355 743 322 
730 473 742 355 743 322 
730 473 743 355 743 322 
731 473 743 355 745 322 
730 473 745 355 747 322 
730 473 746 355 748 322 
730 473 747 355 750 322 
731 474 750 355 752 322 
730 474 751 355 755 323 
731 474 753 355 758 322 
731 473 755 355 760 322 
731 473 757 355 762 322 
731 473 759 355 765 322 
731 473 760 355 767 322 
731 473 762 355 769 323 
731 474 765 356 772 323 
732 474 766 356 775 323 
732 474 768 356 778 324 
731 474 770 357 781 324 
731 474 772 357 784 324 
731 473 774 357 786 325 
732 474 777 358 790 325 
732 474 779 359 792 326 
731 474 782 359 796 328 
732 473 785 360 800 329 
731 474 787 360 804 329 
732 473 789 361 809 331 
731 473 791 362 812 333 
732 474 794 363 816 334 
732 473 796 364 820 335 
732 474 799 365 825 336 
732 474 801 366 829 336 
732 474 804 368 831 340 
732 474 806 370 835 341 
733 474 808 371 839 341 
732 473 811 372 843 343 
732 473 812 373 845 346 
732 474 815 375 845 349 
732 473 817 376 850 349 
732 474 818 377 853 348 
732 474 821 379 853 353 
732 474 822 380 859 355 
732 474 824 381 861 358 
733 474 827 383 866 361 
732 474 830 386 867 364 
733 474 833 388 872 366 
732 474 835 391 876 370 
733 474 837 392 898 365 
733 474 841 395 908 363 
733 474 841 397 913 368 
734 474 846 400 918 373 
734 474 848 404 922 378 
733 474 852 406 925 383 
734 474 851 408 930 388 
734 474 854 411 933 396 
734 474 855 412 934 403 
734 474 857 416 934 407 
734 475 860 419 936 413 
734 475 860 421 942 414 
735 474 863 424 943 421 
735 475 864 427 943 426 
734 475 866 430 944 430 
734 474 867 431 945 435 
735 475 867 435 946 440 
735 475 870 437 946 444 
735 475 871 439 947 448 
735 475 872 442 947 452 
735 475 872 442 949 454 
736 475 873 445 949 456 
736 475 873 446 951 459 
736 475 874 448 951 460 
736 476 874 449 952 463 
736 475 875 450 952 464 
736 476 875 452 953 466 
736 476 876 453 954 467 
736 476 875 454 955 468 
736 476 876 455 956 469 
736 476 877 456 956 471 
736 476 877 457 956 471 
736 476 878 457 956 473 
736 476 877 458 957 474 
736 476 878 460 957 475 
736 476 879 461 957 476 
736 475 878 462 958 478 
736 475 879 463 957 481 
737 475 880 465 958 482 
737 475 879 466 958 483 
736 475 880 467 957 482 
736 475 880 467 958 483 
736 475 880 466 958 482 
737 475 879 466 958 483 
736 475 880 466 958 483 
736 475 880 466 958 482 
736 475 880 467 958 483 
736 476 880 467 958 483 
737 476 880 467 958 483 
736 476 880 468 959 483 
736 476 880 467 958 482 
736 476 879 467 957 482 
736 476 880 466 958 482 
736 476 879 466 957 481 
736 476 879 465 957 480 
736 476 879 464 956 479 
737 476 879 463 956 478 
736 476 878 461 956 475 
736 476 878 460 955 473 
735 476 877 457 955 469 
735 475 876 455 955 465 
735 475 876 453 954 460 
735 476 875 450 953 455 
736 476 874 447 953 450 
736 476 872 444 952 445 
735 476 871 438 947 437 
735 476 869 434 946 431 
736 476 868 431 945 424 
735 476 867 428 944 418 
735 476 864 424 942 412 
735 476 864 421 940 406 
735 476 861 418 938 400 
735 476 861 414 936 394 
735 476 858 411 931 391 
735 475 858 411 930 385 
735 475 855 406 928 378 
734 475 853 402 923 377 
734 475 851 402 922 370 
734 475 850 400 916 368 
734 475 847 396 916 361 
734 475 847 395 911 356 
733 475 843 392 908 350 
734 475 841 388 903 351 
734 474 839 389 901 344 
733 475 837 384 896 342 
733 475 833 382 893 337 
734 475 833 382 888 336 
734 475 829 380 886 331 
734 475 828 379 880 329 
734 475 825 375 878 324 
734 475 823 375 873 321 
733 475 820 372 868 320 
734 475 817 371 864 318 
732 474 816 371 861 312 
732 474 811 368 856 310 
731 474 810 368 851 307 
732 474 806 366 846 306 
732 474 804 365 841 303 
732 475 801 364 837 300 
732 475 798 363 832 299 
731 474 795 361 827 297 
730 474 791 361 822 295 
731 474 788 360 817 294 
730 473 784 359 812 292 
731 474 781 358 807 290 
730 474 777 357 800 290 
731 474 774 357 795 288 
731 474 770 356 788 287 
731 474 766 356 782 286 
732 475 762 356 775 285 
732 475 758 355 768 285 
731 475 754 356 762 285 
731 475 750 356 757 284 
731 474 747 356 751 284 
730 474 744 356 746 285 
730 474 743 357 744 286 
729 474 742 357 742 286 
730 474 741 357 740 287 
730 474 740 357 740 286 
730 474 740 357 739 286 
730 474 740 357 739 286 
730 474 740 357 740 285 
730 474 741 357 741 285 
729 474 742 357 741 285 
730 474 742 357 742 285 
730 474 742 357 742 285 
730 473 742 357 743 285 
730 474 743 357 743 285 
730 474 742 356 743 285 
730 474 742 357 742 285 
729 474 742 357 742 285 
730 474 741 357 741 285 
730 474 741 357 741 286 
730 474 741 356 740 286 
730 473 741 357 739 286 
729 474 741 357 739 285 
730 474 741 356 739 285 
730 474 741 357 739 284 
730 474 742 357 741 284 
730 474 743 357 742 284 
730 474 744 356 745 283 
730 474 746 356 747 283 
730 474 748 356 752 283 
730 474 751 356 756 283 
730 474 754 356 762 282 
730 474 757 357 767 282 
731 474 761 357 773 283 
731 474 765 357 780 283 
731 474 769 357 787 287 
731 474 773 358 794 287 
731 474 777 358 800 289 
732 474 781 358 807 291 
732 474 785 360 813 294 
732 474 788 361 818 295 
732 474 792 362 825 298 
732 474 795 362 830 300 
732 474 798 364 835 302 
732 473 801 366 841 305 
732 474 803 366 845 307 
732 474 806 368 850 312 
732 474 808 370 855 313 
732 474 811 370 859 317 
732 474 813 372 862 319 
732 474 816 374 868 323 
732 474 819 376 872 326 
732 474 821 377 876 330 
732 474 823 380 880 334 
732 474 826 381 884 337 
732 474 828 384 886 342 
732 475 831 387 889 346 
733 475 832 387 895 349 
733 475 835 390 896 353 
733 475 836 391 899 357 
733 475 839 395 904 360 
734 476 842 398 906 366 
733 475 845 401 910 370 
733 475 845 401 912 375 
733 475 849 407 917 379 
734 475 853 414 923 391 
734 476 856 417 926 397 
734 475 858 420 929 403 
734 475 861 424 931 409 
734 475 862 426 934 415 
735 475 864 430 936 421 
735 475 867 432 937 427 
734 475 863 426 940 433 
734 475 865 429 941 439 
734 475 867 431 942 446 
734 475 868 435 944 450 
735 475 869 437 945 453 
735 475 870 439 945 457 
735 475 871 442 946 461 
735 475 873 445 948 462 
735 475 874 447 948 466 
735 475 873 447 950 469 
735 476 874 449 951 471 
735 475 875 451 952 472 
735 476 875 451 952 473 
735 476 875 452 952 474 
736 475 875 454 952 476 
735 476 875 454 953 477 
735 476 876 455 953 478 
735 475 876 455 953 480 
736 476 876 457 954 482 
735 476 876 458 954 483 
735 476 877 459 954 485 
735 476 877 461 954 487 
734 475 878 461 955 489 
735 475 877 463 955 491 
735 476 878 463 955 491 
735 476 879 464 955 491 
734 476 878 463 955 491 
736 475 878 462 955 490 
736 476 877 463 955 490 
735 476 878 463 955 490 
735 476 878 463 955 490 
735 476 878 463 955 490 
735 476 879 463 955 490 
735 476 878 461 955 490 
735 476 878 461 955 488 
735 476 877 459 954 486 
735 476 878 458 955 482 
735 475 877 455 955 478 
736 476 877 453 955 474 
736 476 876 450 954 469 
735 476 875 447 953 463 
735 475 873 443 952 457 
735 475 873 439 950 451 
735 475 870 436 948 445 
735 475 870 432 947 438 
734 475 867 429 945 432 
734 475 866 425 944 426 
734 474 865 422 941 420 
734 475 863 420 938 418 
734 475 862 416 937 412 
734 475 861 415 936 408 
734 474 859 412 935 404 
734 474 858 411 933 399 
734 475 856 407 930 394 
734 475 856 407 929 391 
734 475 852 402 925 386 
734 475 852 401 923 380 
734 474 848 398 920 376 
733 474 847 397 916 371 
734 474 845 392 912 365 
734 474 840 390 908 360 
733 474 840 389 904 355 
733 474 836 386 900 350 
733 474 833 383 895 345 
733 474 832 383 891 341 
733 474 829 380 886 337 
733 474 826 378 882 333 
732 474 825 379 879 329 
732 474 822 375 875 328 
732 474 820 376 871 326 
732 474 818 373 868 323 
732 474 816 373 866 322 
731 474 815 372 862 318 
732 474 813 371 859 318 
731 474 811 369 855 315 
732 474 810 369 852 313 
731 475 808 369 850 312 
732 474 805 367 847 309 
731 474 803 367 844 308 
732 474 802 367 840 307 
732 475 800 366 836 305 
732 475 797 364 833 303 
732 475 794 363 829 301 
732 475 792 363 824 300 
732 475 789 362 820 298 
732 475 786 361 815 296 
732 475 783 360 810 294 
732 475 780 359 805 293 
732 475 777 359 800 292 
731 475 775 358 796 290 
731 475 772 358 791 289 
732 475 770 358 788 288 
732 475 767 358 784 288 
731 476 765 358 780 287 
731 475 763 358 776 287 
732 475 760 357 773 286 
731 475 759 357 770 286 
730 475 758 357 766 285 
730 474 756 357 764 286 
730 474 755 357 762 287 
730 474 755 357 761 286 
730 474 754 357 760 286 
731 474 753 357 759 286 
730 474 753 357 759 286 
730 474 753 357 759 285 
730 474 753 357 759 286 
730 474 753 357 759 285 
730 474 753 357 759 285 
730 474 754 357 760 285 
730 474 754 357 761 285 
730 474 755 357 762 285 
730 474 755 357 764 285 
730 474 757 357 766 285 
730 474 758 358 768 285 
731 474 759 358 772 287 
731 475 761 358 775 287 
731 475 763 358 778 287 
731 475 764 358 781 287 
731 475 766 358 784 287 
731 474 768 358 787 288 
732 475 770 358 790 288 
732 475 772 359 792 289 
732 475 775 359 796 290 
732 475 776 359 798 290 
731 475 777 359 803 292 
732 475 780 360 806 294 
732 475 782 360 809 294 
732 474 783 361 813 296 
732 474 786 362 817 297 
731 473 788 362 820 298 
732 474 790 362 823 299 
732 474 792 363 827 301 
731 474 794 363 830 303 
731 473 796 364 834 304 
732 474 798 366 837 306 
732 474 800 366 842 308 
732 473 802 367 843 310 
732 474 804 367 846 311 
732 473 806 369 850 313 
732 474 807 370 852 314 
731 474 810 370 855 316 
732 474 813 373 858 318 
732 474 813 373 860 320 
732 474 813 374 862 322 
732 474 817 376 864 324 
732 474 817 376 867 326 
732 474 818 376 869 328 
731 473 820 379 875 332 
733 474 821 379 877 333 
733 474 824 381 879 335 
733 475 824 382 882 338 
733 475 827 384 886 341 
733 475 827 385 888 345 
733 475 830 388 890 349 
732 475 831 388 893 352 
733 475 833 392 896 355 
733 474 835 392 898 358 
733 474 837 395 900 362 
732 474 840 399 903 364 
733 474 840 399 907 371 
734 475 844 403 908 373 
733 475 845 403 909 375 
734 475 846 407 912 380 
734 475 847 407 915 383 
733 475 850 410 916 386 
733 474 851 412 918 389 
734 476 852 414 920 393 
734 476 854 418 921 397 
733 475 855 419 925 404 
734 476 857 423 929 408 
734 475 858 423 930 414 
734 476 860 427 932 419 
734 475 862 430 933 425 
734 476 863 432 935 430 
734 475 865 435 936 434 
734 475 866 437 938 439 
734 475 867 439 939 441 
734 475 868 443 941 446 
734 476 869 445 942 449 
734 475 869 447 943 452 
734 476 870 448 944 454 
734 476 871 449 945 456 
734 476 870 451 945 457 
734 476 872 453 946 459 
734 476 872 454 946 460 
733 476 871 455 946 462 
735 476 871 459 946 463 
735 475 872 460 947 466 
734 476 872 461 946 468 
734 476 872 462 947 470 
734 476 873 463 948 473 
735 476 874 465 948 475 
735 476 874 466 948 478 
734 476 875 467 948 479 
735 476 876 468 949 481 
735 476 876 469 950 484 
735 476 877 471 951 486 
735 476 877 473 951 488 
735 476 877 475 951 490 
734 476 877 477 951 491 
735 476 878 477 951 491 
735 476 878 476 951 490 
735 476 878 476 951 491 
734 475 878 476 951 491 
735 476 878 476 952 491 
735 477 878 476 952 491 
735 477 879 477 952 492 
735 476 878 478 952 493 
735 476 878 478 953 493 
735 476 877 477 953 493 
735 476 878 477 953 493 
735 476 878 477 953 492 
735 476 878 476 953 492 
735 476 878 476 953 491 
735 476 878 475 952 489 
735 476 878 475 952 489 
735 476 879 474 952 488 
735 476 879 473 951 487 
735 476 879 472 951 485 
735 475 879 471 951 485 
735 475 879 470 951 481 
734 475 879 469 951 480 
735 475 879 467 951 476 
735 476 878 466 949 472 
734 475 878 464 950 471 
735 475 878 463 950 466 
735 475 878 460 947 463 
735 475 877 457 947 461 
735 475 877 454 948 457 
735 475 876 450 947 451 
734 475 875 446 946 447 
734 475 874 443 944 441 
735 475 872 438 943 434 
734 475 871 434 940 427 
735 475 869 431 940 422 
735 475 867 428 938 414 
734 475 865 424 936 409 
734 475 862 421 934 404 
734 475 861 419 931 398 
734 474 859 416 930 393 
734 475 858 414 924 391 
734 475 856 410 924 385 
734 475 855 409 923 380 
733 475 854 408 916 379 
734 475 851 404 917 374 
733 474 850 403 915 369 
733 475 849 401 911 369 
733 475 846 398 911 363 
733 475 845 398 907 364 
733 475 844 397 906 359 
732 474 842 393 902 359 
734 476 841 393 902 354 
733 476 838 390 897 354 
733 475 837 390 896 348 
733 475 835 387 891 347 
732 475 833 385 890 342 
733 475 830 383 884 340 
732 475 829 383 882 335 
733 476 828 382 879 333 
732 475 826 378 874 332 
733 476 824 379 873 328 
732 476 823 378 869 327 
732 475 820 376 867 326 
732 476 819 376 862 324 
731 475 817 375 861 322 
733 475 815 372 859 320 
732 475 814 372 855 318 
732 475 813 371 854 317 
732 474 810 370 851 316 
732 476 808 369 849 315 
731 475 806 369 845 313 
731 475 804 366 843 312 
731 475 802 366 840 312 
731 474 800 365 835 309 
731 475 798 364 833 309 
731 475 796 364 829 308 
731 475 794 364 827 307 
731 475 791 362 823 305 
731 474 790 363 820 305 
731 475 789 362 817 304 
731 475 787 362 814 303 
731 474 783 360 811 302 
731 475 782 360 807 299 
731 475 780 359 804 299 
731 475 778 360 800 298 
731 475 777 359 797 298 
731 475 774 358 793 296 
730 474 772 358 790 297 
732 474 770 357 787 297 
732 475 768 357 784 297 
732 475 766 357 781 297 
731 475 764 357 778 296 
731 475 763 357 775 296 
731 474 760 357 772 296 
730 474 757 357 766 295 
731 474 756 357 764 296 
731 474 755 358 763 295 
731 474 754 358 761 295 
731 474 754 358 760 295 
731 474 753 358 760 294 
730 474 753 358 759 295 
730 474 753 358 760 295 
730 475 753 358 761 295 
730 475 753 358 761 295 
730 475 754 358 761 295 
731 475 755 358 763 294 
731 475 755 358 764 294 
730 475 756 358 765 295 
731 475 757 358 768 295 
731 475 759 358 769 296 
731 475 760 358 773 295 
732 475 762 358 774 295 
731 475 764 358 777 295 
731 475 765 358 781 296 
732 475 767 358 783 295 
732 475 769 358 784 296 
732 475 770 359 787 296 
732 474 771 359 790 297 
732 475 773 359 792 297 
732 475 774 359 793 297 
732 475 775 359 795 297 
732 475 776 359 797 298 
732 474 777 360 799 299 
732 474 777 360 801 299 
732 475 779 360 805 300 
732 475 781 360 807 301 
732 475 783 361 809 301 
732 475 784 361 813 303 
732 475 785 361 817 304 
733 475 788 362 819 306 
733 475 790 363 822 306 
733 475 791 363 824 307 
733 475 793 364 827 308 
733 475 795 364 830 309 
733 475 797 364 833 310 
733 475 798 365 836 311 
733 475 800 366 838 312 
733 475 801 366 840 313 
733 475 802 367 843 314 
733 475 804 368 845 315 
733 475 805 369 848 316 
733 475 808 370 851 318 
733 475 810 371 854 320 
732 475 812 372 856 322 
733 475 813 372 862 324 
733 475 816 374 864 327 
733 475 818 375 869 329 
732 475 820 378 872 334 
733 475 823 378 878 336 
733 474 826 382 881 342 
733 474 829 384 887 345 
734 475 834 387 891 352 
733 475 836 390 897 355 
733 474 840 392 899 361 
733 474 842 396 903 367 
733 474 845 399 907 369 
734 474 848 402 909 375 
733 474 851 406 911 381 
734 474 852 407 917 386 
734 474 853 411 919 392 
733 475 856 414 921 397 
734 475 858 419 924 405 
734 474 859 422 927 411 
734 475 862 425 930 417 
734 475 863 429 933 424 
734 475 866 433 934 431 
734 475 868 436 937 437 
734 475 870 441 939 444 
734 475 872 445 942 450 
734 476 874 449 943 455 
735 476 876 454 944 460 
734 476 877 456 945 463 
735 475 877 460 945 468 
735 475 879 464 943 472 
735 475 881 467 949 475 
735 476 881 470 951 478 
736 476 882 472 952 482 
735 476 883 475 954 485 
735 475 883 478 953 489 
735 475 884 480 953 494 
735 476 884 483 955 497 
736 476 884 485 955 500 
735 476 885 485 956 503 
735 476 885 487 955 503 
735 476 885 488 956 503 
735 476 886 488 956 504 
735 475 886 488 955 504 
735 475 886 488 956 504 
735 475 886 488 956 504 
735 475 886 489 956 505 
735 475 886 489 956 505 
735 475 886 489 956 505 
735 475 886 490 956 504 
735 474 886 490 956 505 
735 474 886 490 956 505 
736 473 886 490 956 505 
736 473 886 490 956 505 
736 473 886 490 956 505 
736 473 886 490 956 505 
737 473 886 490 956 505 
