1.45089 -0.633855 -1.04257 1.86675 -0.719715 -0.672898 2.20608 -0.642507 -0.363737 
1.45092 -0.633816 -1.04264 1.86655 -0.720794 -0.673027 2.20646 -0.645702 -0.363974 
1.45076 -0.633777 -1.04293 1.86585 -0.723052 -0.672929 2.2072 -0.649025 -0.364069 
1.45081 -0.633756 -1.04306 1.86461 -0.727201 -0.673112 2.20686 -0.65724 -0.364012 
1.451 -0.63385 -1.04281 1.86401 -0.729087 -0.672993 2.20636 -0.661592 -0.363776 
1.45096 -0.633893 -1.04285 1.86306 -0.731532 -0.672986 2.20583 -0.665695 -0.363465 
1.45068 -0.633921 -1.04336 1.86003 -0.736145 -0.671807 2.20137 -0.675764 -0.360668 
0
1.45053 -0.633719 -1.04345 1.8579 -0.740569 -0.671819 2.19821 -0.685901 -0.359016 
1.4497 -0.633547 -1.04312 1.85581 -0.744471 -0.67228 2.19679 -0.695242 -0.35875 
1.44948 -0.633056 -1.04308 1.85466 -0.74662 -0.672157 2.1962 -0.700002 -0.358866 
1.44931 -0.63281 -1.0431 1.85332 -0.749304 -0.672428 2.19534 -0.705628 -0.358836 
1.44899 -0.632143 -1.04315 1.84969 -0.754943 -0.67159 2.19432 -0.716726 -0.359287 
1.44889 -0.632052 -1.04312 1.84904 -0.757035 -0.671731 2.19393 -0.720385 -0.359524 
1.44875 -0.631993 -1.04304 1.84761 -0.761256 -0.672016 2.19334 -0.727885 -0.359828 
1.44861 -0.631906 -1.043 1.84418 -0.768604 -0.671153 2.19119 -0.740979 -0.360031 
1.44862 -0.631896 -1.04304 1.84109 -0.77233 -0.667696 2.19085 -0.745717 -0.360423 
1.44858 -0.631872 -1.0431 1.84207 -0.775588 -0.672267 2.18931 -0.753624 -0.360695 
1.44851 -0.631819 -1.04332 1.83739 -0.783896 -0.669292 2.18678 -0.765099 -0.361183 
1.4485 -0.631831 -1.04347 1.83634 -0.786535 -0.669803 2.18561 -0.770758 -0.361467 
1.44845 -0.631853 -1.04351 1.83361 -0.790237 -0.670105 2.18385 -0.778639 -0.361979 
1.44834 -0.631722 -1.0436 1.83072 -0.797426 -0.671382 2.1809 -0.791537 -0.362841 
1.44826 -0.63169 -1.04359 1.83545 -0.798852 -0.679321 2.17941 -0.7981 -0.363278 
1.44806 -0.63139 -1.04369 1.83207 -0.803944 -0.678229 2.17731 -0.807527 -0.363924 
1.44753 -0.63091 -1.04342 1.82665 -0.813214 -0.675954 2.17293 -0.825165 -0.365037 
1.44745 -0.630856 -1.04348 1.82517 -0.816214 -0.676653 2.17117 -0.832861 -0.365584 
1.44724 -0.630438 -1.0434 1.82228 -0.821873 -0.677459 2.16787 -0.843807 -0.366305 
1.44704 -0.630256 -1.04356 1.81918 -0.829681 -0.679339 2.16346 -0.859795 -0.367736 
0
0
1.4469 -0.630317 -1.04395 1.80891 -0.849421 -0.685398 2.1545 -0.900356 -0.375481 
1.44772 -0.629824 -1.0452 1.81347 -0.850656 -0.6945 2.1512 -0.908179 -0.376203 
1.44778 -0.629846 -1.04537 1.80887 -0.85676 -0.694198 2.14595 -0.91936 -0.377024 
1.44764 -0.630578 -1.04521 1.80286 -0.86404 -0.691231 2.14126 -0.930519 -0.378135 
0
0
0
1.44719 -0.629754 -1.04558 1.78857 -0.89121 -0.70687 2.11584 -0.992527 -0.389032 
1.44716 -0.629633 -1.04562 1.78577 -0.896109 -0.708355 2.11639 -0.999732 -0.393642 
1.44614 -0.629699 -1.04508 1.7787 -0.902732 -0.705943 2.10888 -1.01377 -0.395679 
1.44602 -0.62955 -1.04533 1.77471 -0.91061 -0.715217 2.10109 -1.03359 -0.402452 
1.44587 -0.629374 -1.04537 1.76954 -0.91577 -0.712368 2.09584 -1.04222 -0.404125 
0
1.44581 -0.629065 -1.04656 1.7637 -0.928447 -0.728244 2.07946 -1.07411 -0.413359 
0
1.44577 -0.62916 -1.0469 1.75706 -0.937905 -0.733916 2.07046 -1.09275 -0.421252 
1.44567 -0.629323 -1.04714 1.74544 -0.949407 -0.732715 2.06498 -1.11246 -0.431612 
1.44573 -0.62933 -1.04717 1.74622 -0.951254 -0.740928 2.06491 -1.12004 -0.439226 
1.44577 -0.629376 -1.04733 1.7383 -0.959556 -0.739438 2.05423 -1.13428 -0.440996 
1.44536 -0.630106 -1.04744 1.73043 -0.970075 -0.747214 2.04359 -1.15707 -0.453453 
1.44543 -0.630164 -1.0476 1.72981 -0.973498 -0.755958 2.03926 -1.16691 -0.455436 
1.44459 -0.630351 -1.04734 1.72741 -0.979004 -0.764828 2.03082 -1.1818 -0.463102 
1.4443 -0.630549 -1.04799 1.71462 -0.991505 -0.770577 2.01729 -1.20591 -0.477915 
1.44434 -0.630962 -1.04837 1.71106 -0.995155 -0.775371 2.01149 -1.21537 -0.484596 
1.44424 -0.631053 -1.04868 1.70464 -1.00174 -0.781761 2.00174 -1.23091 -0.49321 
1.44405 -0.630998 -1.04936 1.69327 -1.01261 -0.792076 1.98399 -1.25616 -0.509129 
1.44403 -0.630916 -1.04978 1.68868 -1.01734 -0.797072 1.97718 -1.26573 -0.516499 
1.44387 -0.630907 -1.0503 1.68081 -1.02389 -0.804072 1.96661 -1.28074 -0.529135 
1.44412 -0.631183 -1.05218 1.66817 -1.03478 -0.817521 1.94489 -1.3069 -0.546632 
1.44397 -0.631209 -1.05256 1.66339 -1.03856 -0.823694 1.93755 -1.31812 -0.557472 
1.44337 -0.631247 -1.05371 1.65469 -1.04586 -0.832489 1.92231 -1.3349 -0.569552 
1.4428 -0.630577 -1.05506 1.63916 -1.05616 -0.849049 1.89787 -1.36111 -0.595273 
1.44227 -0.630398 -1.05529 1.63263 -1.06091 -0.855627 1.88756 -1.37286 -0.60713 
1.44088 -0.630664 -1.05508 1.62253 -1.06654 -0.866641 1.87039 -1.38968 -0.623278 
0
0
0
0
0
0
0
0
0
0
0
0
0
0
0
0
0
0
0
0
0
0
0
0
0
0
0
0
0
0
0
0
0
0
0
0
0
0
0
0
0
0
0
0
0
0
0
0
0
0
0
0
0
0
0
0
0
0
0
0
0
0
0
0
0
0
0
1.43915 -0.63331 -1.06744 1.60253 -1.07943 -0.889018 1.84973 -1.39888 -0.634159 
1.43936 -0.633343 -1.0672 1.60901 -1.07605 -0.881918 1.86056 -1.38615 -0.620982 
1.43994 -0.633011 -1.06654 1.61886 -1.06976 -0.870328 1.87715 -1.36782 -0.600542 
1.43989 -0.632856 -1.06624 1.62267 -1.06666 -0.866549 1.88353 -1.35991 -0.593288 
1.43988 -0.632597 -1.06571 1.62811 -1.06318 -0.859772 1.89341 -1.34818 -0.584345 
1.43907 -0.631973 -1.06396 1.63356 -1.05849 -0.850233 1.90487 -1.33487 -0.571122 
1.43883 -0.631295 -1.06313 1.63913 -1.05492 -0.844218 1.9145 -1.32416 -0.562977 
1.43874 -0.631026 -1.06243 1.64659 -1.05003 -0.841327 1.92217 -1.3142 -0.552662 
1.43898 -0.629941 -1.06198 1.65435 -1.04319 -0.828319 1.93744 -1.29436 -0.537166 
1.43893 -0.629791 -1.0617 1.6581 -1.03934 -0.823746 1.94508 -1.28503 -0.533358 
1.4389 -0.629684 -1.06139 1.66403 -1.03513 -0.8172 1.95564 -1.27221 -0.522037 
1.43919 -0.629588 -1.06116 1.67625 -1.02566 -0.808489 1.97479 -1.24476 -0.506763 
1.43917 -0.629642 -1.06109 1.6799 -1.02169 -0.803117 1.98254 -1.23389 -0.499858 
1.4394 -0.629667 -1.06082 1.68816 -1.0155 -0.796776 1.99523 -1.21576 -0.491183 
1.43977 -0.629714 -1.06055 1.70028 -1.00526 -0.790843 2.01179 -1.19024 -0.477107 
1.44079 -0.629504 -1.06081 1.70588 -0.999333 -0.781291 2.02473 -1.16866 -0.46856 
1.44109 -0.629514 -1.0603 1.71418 -0.99126 -0.77494 2.03573 -1.14685 -0.460848 
1.44128 -0.629876 -1.0589 1.72658 -0.977393 -0.763342 2.05539 -1.10951 -0.446022 
1.44144 -0.629848 -1.05863 1.72927 -0.972931 -0.753915 2.06232 -1.09442 -0.439558 
1.44075 -0.630413 -1.05714 1.74177 -0.961438 -0.75472 2.07285 -1.07243 -0.431242 
1.4409 -0.630271 -1.05653 1.74667 -0.950548 -0.738601 2.08265 -1.04206 -0.419697 
1.44094 -0.630314 -1.05602 1.75353 -0.940799 -0.732457 2.09078 -1.01919 -0.412244 
1.44114 -0.630288 -1.05577 1.75977 -0.931796 -0.72645 2.10306 -0.997198 -0.408705 
0
1.44263 -0.629876 -1.05555 1.77335 -0.90963 -0.714296 2.11805 -0.949282 -0.395557 
1.44276 -0.629828 -1.05515 1.77935 -0.90011 -0.710733 2.12462 -0.930923 -0.391916 
1.44288 -0.629693 -1.05493 1.78539 -0.888394 -0.705034 2.13425 -0.906515 -0.388642 
1.44283 -0.629417 -1.0545 1.79427 -0.876905 -0.708136 2.13635 -0.891005 -0.383382 
1.44333 -0.628771 -1.05443 1.79869 -0.868342 -0.704508 2.14218 -0.8749 -0.381631 
1.4432 -0.628615 -1.05423 1.79865 -0.858816 -0.692713 2.14994 -0.852238 -0.380218 
1.44314 -0.628264 -1.05397 1.80295 -0.84986 -0.690463 2.15538 -0.834755 -0.379235 
1.44303 -0.628243 -1.05374 1.80886 -0.840349 -0.692382 2.15965 -0.817466 -0.378511 
1.44339 -0.628298 -1.05361 1.81188 -0.830129 -0.684397 2.1654 -0.790879 -0.377179 
1.4437 -0.628651 -1.05379 1.81614 -0.823795 -0.687446 2.16738 -0.781726 -0.376658 
1.44392 -0.628817 -1.05363 1.82141 -0.816797 -0.688388 2.17007 -0.768271 -0.375873 
1.44426 -0.629029 -1.05368 1.82528 -0.808492 -0.686934 2.17311 -0.755321 -0.374893 
1.44423 -0.629246 -1.05271 1.82125 -0.804979 -0.677512 2.17521 -0.746733 -0.374076 
1.4444 -0.629297 -1.05266 1.82306 -0.798839 -0.676477 2.17702 -0.738617 -0.373185 
1.4445 -0.629763 -1.05258 1.82859 -0.790545 -0.679538 2.17905 -0.728994 -0.372326 
1.44453 -0.629771 -1.05252 1.82797 -0.787261 -0.674823 2.17792 -0.72248 -0.370268 
1.44464 -0.629734 -1.05252 1.83182 -0.780726 -0.678109 2.1815 -0.714505 -0.371544 
1.44455 -0.629338 -1.05233 1.83657 -0.774287 -0.680563 2.18289 -0.706055 -0.371455 
1.4446 -0.629658 -1.05237 1.83566 -0.771415 -0.677739 2.18394 -0.701489 -0.371598 
1.44447 -0.629249 -1.05219 1.83917 -0.767252 -0.680138 2.18516 -0.695675 -0.371728 
1.44454 -0.629256 -1.05209 1.8411 -0.763516 -0.680024 2.18704 -0.690073 -0.372204 
1.44457 -0.629267 -1.05202 1.84237 -0.760319 -0.679778 2.18788 -0.68584 -0.372725 
1.44474 -0.6293 -1.05203 1.84346 -0.758223 -0.679656 2.18843 -0.682423 -0.372883 
1.44482 -0.62983 -1.05202 1.84544 -0.754402 -0.679772 2.1896 -0.676502 -0.37335 
1.44496 -0.629894 -1.05205 1.84618 -0.75222 -0.679315 2.1903 -0.67298 -0.373583 
1.44499 -0.629907 -1.05197 1.84874 -0.74863 -0.68008 2.19159 -0.667013 -0.374004 
1.44506 -0.62998 -1.05193 1.85027 -0.743895 -0.679989 2.19701 -0.656598 -0.377465 
1.4452 -0.630026 -1.05195 1.85135 -0.739737 -0.679618 2.19794 -0.648162 -0.377802 
1.44534 -0.630134 -1.05192 1.85285 -0.734923 -0.679547 2.19802 -0.639018 -0.378008 
1.44603 -0.63088 -1.05211 1.85422 -0.728838 -0.679084 2.19694 -0.62658 -0.377791 
1.44621 -0.630998 -1.052 1.85507 -0.724232 -0.679023 2.19776 -0.622105 -0.377474 
1.44624 -0.630967 -1.05193 1.85521 -0.721244 -0.678795 2.19839 -0.622293 -0.376697 
1.44534 -0.630532 -1.05083 1.85436 -0.722362 -0.677986 2.19876 -0.624042 -0.376139 
1.4447 -0.630511 -1.05041 1.84908 -0.726147 -0.670567 2.19869 -0.624409 -0.376361 
1.44448 -0.630552 -1.05035 1.84827 -0.72727 -0.670226 2.1988 -0.624397 -0.376698 
1.44431 -0.630503 -1.05031 1.8486 -0.727447 -0.670427 2.19901 -0.624218 -0.376964 
1.4441 -0.630433 -1.05019 1.84899 -0.726532 -0.670694 2.19907 -0.623782 -0.376879 
1.44409 -0.629877 -1.05004 1.85525 -0.722177 -0.678644 2.19925 -0.622988 -0.376789 
1.44401 -0.629818 -1.05007 1.85526 -0.719739 -0.678838 2.19929 -0.621763 -0.376422 
1.4441 -0.629777 -1.05016 1.85511 -0.718738 -0.678837 2.19898 -0.621501 -0.37617 
1.44409 -0.629766 -1.05027 1.85505 -0.718834 -0.679153 2.19884 -0.622064 -0.376451 
1.44401 -0.629723 -1.05023 1.85504 -0.720681 -0.67945 2.1989 -0.624062 -0.377009 
1.44388 -0.629741 -1.05011 1.85446 -0.723481 -0.679036 2.19912 -0.62856 -0.377555 
1.44378 -0.629675 -1.04998 1.85468 -0.725359 -0.679349 2.19968 -0.631979 -0.377548 
1.4437 -0.629603 -1.04983 1.85405 -0.72748 -0.679347 2.19855 -0.638913 -0.376235 
1.4436 -0.629562 -1.04975 1.85283 -0.729463 -0.678855 2.19356 -0.644414 -0.372189 
1.44339 -0.629481 -1.04963 1.85031 -0.731537 -0.677563 2.1928 -0.650343 -0.371449 
1.44318 -0.629128 -1.04956 1.84407 -0.737513 -0.67113 2.19224 -0.659015 -0.370864 
1.44296 -0.628962 -1.04956 1.84714 -0.739475 -0.678247 2.19121 -0.66751 -0.370299 
0
1.44243 -0.62763 -1.04949 1.84122 -0.753749 -0.677743 2.18372 -0.69673 -0.366959 
1.44272 -0.626716 -1.05043 1.83892 -0.761443 -0.678594 2.18209 -0.712617 -0.367428 
1.44231 -0.626407 -1.0506 1.83227 -0.773533 -0.675964 2.17974 -0.735924 -0.368248 
1.4421 -0.626235 -1.05062 1.8293 -0.781955 -0.677273 2.17769 -0.753753 -0.369271 
1.44183 -0.626178 -1.05104 1.83231 -0.789149 -0.686303 2.17508 -0.771672 -0.370457 
1.44175 -0.626307 -1.05148 1.82538 -0.804468 -0.687625 2.16977 -0.801122 -0.373215 
1.44176 -0.626321 -1.05153 1.82072 -0.808634 -0.684049 2.17012 -0.807243 -0.374998 
1.44176 -0.626469 -1.05201 1.82067 -0.823559 -0.695883 2.16638 -0.838578 -0.380774 
1.44181 -0.626686 -1.05211 1.81308 -0.835888 -0.69259 2.16063 -0.858805 -0.382732 
1.44193 -0.626895 -1.05234 1.80735 -0.852316 -0.698699 2.15521 -0.892986 -0.390037 
1.44197 -0.627362 -1.05248 1.80991 -0.856559 -0.708457 2.15049 -0.908437 -0.392114 
1.44202 -0.627104 -1.05264 1.80083 -0.869047 -0.705226 2.14334 -0.930468 -0.395013 
0
0
1.44225 -0.627612 -1.05351 1.7873 -0.901275 -0.720345 2.12345 -1.00289 -0.413595 
1.44221 -0.627854 -1.05386 1.77871 -0.916394 -0.728523 2.11267 -1.03579 -0.424541 
1.4423 -0.628006 -1.05415 1.77875 -0.920931 -0.737046 2.10895 -1.04853 -0.429838 
1.44219 -0.628104 -1.05446 1.77054 -0.931498 -0.737181 2.10233 -1.06802 -0.437487 
1.4418 -0.62891 -1.05465 1.7647 -0.945219 -0.751941 2.08622 -1.10123 -0.44827 
1.44181 -0.628926 -1.05484 1.75976 -0.951807 -0.754506 2.08296 -1.11267 -0.45531 
1.44172 -0.628928 -1.05507 1.75257 -0.960986 -0.756886 2.07361 -1.13332 -0.463571 
1.44055 -0.629488 -1.05457 1.74203 -0.974912 -0.765241 2.06425 -1.16557 -0.48028 
1.44046 -0.629492 -1.05465 1.73837 -0.979967 -0.771181 2.05803 -1.17696 -0.487189 
1.44039 -0.629517 -1.05483 1.73209 -0.988054 -0.777508 2.04825 -1.19619 -0.496327 
1.44038 -0.629652 -1.05518 1.72369 -0.998023 -0.786073 2.03431 -1.2193 -0.510505 
1.44031 -0.629712 -1.05558 1.7187 -1.00554 -0.800771 2.02046 -1.24213 -0.523159 
1.44033 -0.629741 -1.05582 1.71636 -1.00945 -0.807664 2.01316 -1.2544 -0.529053 
1.44026 -0.629689 -1.05625 1.70656 -1.01854 -0.814254 2.00025 -1.27367 -0.543596 
1.44016 -0.629794 -1.0566 1.69666 -1.02721 -0.822354 1.98605 -1.29295 -0.557855 
1.44023 -0.629815 -1.0569 1.69284 -1.03077 -0.827924 1.97923 -1.30279 -0.565184 
1.44091 -0.629406 -1.05854 1.684 -1.03844 -0.837396 1.9647 -1.32144 -0.58022 
1.44056 -0.629337 -1.05907 1.6776 -1.04423 -0.845867 1.95362 -1.33587 -0.593519 
1.44032 -0.629295 -1.0596 1.66457 -1.05377 -0.858409 1.93256 -1.35973 -0.614565 
1.44049 -0.629161 -1.0606 1.65906 -1.0573 -0.862481 1.92329 -1.36917 -0.622389 
1.43966 -0.629378 -1.06049 1.65166 -1.06248 -0.871282 1.91008 -1.38372 -0.636106 
0
0
0
0
0
0
0
0
0
0
0
0
0
0
0
0
0
0
0
0
0
0
0
0
0
0
0
0
0
0
0
0
0
0
0
0
0
0
0
0
0
0
0
0
0
0
0
0
0
0
0
0
0
0
0
0
0
0
0
0
0
0
0
0
0
1.43892 -0.632565 -1.06817 1.60747 -1.08245 -0.894433 1.86598 -1.39843 -0.643752 
1.4387 -0.632249 -1.06755 1.6149 -1.07815 -0.885678 1.87802 -1.38474 -0.629432 
1.43885 -0.631494 -1.06689 1.62111 -1.07409 -0.876648 1.89091 -1.37161 -0.615445 
1.43874 -0.631184 -1.06636 1.62825 -1.069 -0.868319 1.90316 -1.35722 -0.601737 
1.43881 -0.630126 -1.06553 1.63753 -1.06166 -0.856486 1.9182 -1.33697 -0.582339 
1.43784 -0.630271 -1.06385 1.6445 -1.0559 -0.848475 1.93005 -1.32118 -0.569732 
1.4378 -0.630081 -1.06337 1.65094 -1.05112 -0.840479 1.94209 -1.30506 -0.558336 
0
1.43771 -0.629381 -1.06234 1.66573 -1.03724 -0.822703 1.96597 -1.27011 -0.530176 
1.43807 -0.628972 -1.0621 1.67265 -1.02973 -0.812125 1.97789 -1.24951 -0.515647 
1.43806 -0.628798 -1.06174 1.68095 -1.02345 -0.808728 1.98813 -1.23427 -0.507015 
1.43786 -0.628298 -1.06117 1.68344 -1.01885 -0.798229 1.99675 -1.21922 -0.498286 
0
1.43724 -0.627708 -1.05973 1.69696 -1.00374 -0.783749 2.01657 -1.18374 -0.476608 
1.4372 -0.62761 -1.0595 1.70307 -0.996594 -0.77744 2.02633 -1.16699 -0.468477 
1.4373 -0.627605 -1.05939 1.71098 -0.987706 -0.770147 2.03692 -1.14303 -0.459361 
1.43746 -0.627553 -1.0594 1.71785 -0.982383 -0.769792 2.04243 -1.1312 -0.453354 
1.43809 -0.626929 -1.05919 1.72588 -0.97244 -0.761877 2.05522 -1.10522 -0.443713 
1.43814 -0.626661 -1.05873 1.73442 -0.959002 -0.749208 2.06971 -1.07404 -0.430749 
1.43812 -0.626645 -1.05863 1.73876 -0.955454 -0.7499 2.07342 -1.06691 -0.429164 
1.43839 -0.626454 -1.05809 1.74492 -0.942869 -0.733286 2.08571 -1.03296 -0.417835 
1.43864 -0.626677 -1.05768 1.75474 -0.932286 -0.733688 2.09254 -1.01166 -0.410889 
0
0
1.43889 -0.627955 -1.05595 1.77426 -0.901872 -0.717121 2.12166 -0.941856 -0.397518 
1.43917 -0.627707 -1.05575 1.78684 -0.886174 -0.714542 2.1315 -0.908477 -0.390732 
1.43918 -0.628189 -1.05575 1.78539 -0.882412 -0.705541 2.13625 -0.895516 -0.389514 
0
1.44001 -0.628794 -1.05566 1.80102 -0.857011 -0.701514 2.14715 -0.845031 -0.381302 
1.44015 -0.628985 -1.05564 1.80556 -0.85042 -0.701654 2.15027 -0.833627 -0.380235 
1.44036 -0.62897 -1.0556 1.80709 -0.841573 -0.695823 2.15518 -0.81546 -0.378918 
1.44041 -0.628928 -1.05523 1.81475 -0.826763 -0.694158 2.16192 -0.788659 -0.376968 
1.44038 -0.628939 -1.05507 1.8117 -0.823404 -0.685418 2.16463 -0.777985 -0.376425 
1.44038 -0.62876 -1.05473 1.81395 -0.815476 -0.683448 2.16683 -0.765609 -0.375111 
1.44045 -0.627804 -1.05436 1.82289 -0.802006 -0.686954 2.17005 -0.746523 -0.373277 
1.44045 -0.627731 -1.05433 1.82436 -0.79766 -0.686292 2.17119 -0.73939 -0.372824 
1.44038 -0.627651 -1.05404 1.82618 -0.791998 -0.685269 2.17208 -0.730592 -0.371865 
0
1.44039 -0.627583 -1.05382 1.82704 -0.782801 -0.679993 2.17155 -0.71494 -0.368642 
1.44046 -0.627692 -1.05381 1.82822 -0.779812 -0.679596 2.17234 -0.708488 -0.368387 
1.44049 -0.627684 -1.0538 1.82963 -0.774902 -0.678995 2.17591 -0.699433 -0.369853 
1.44172 -0.627385 -1.05462 1.82792 -0.775083 -0.674858 2.17647 -0.697127 -0.369973 
0
1.44188 -0.627721 -1.05481 1.82972 -0.771012 -0.674477 2.17736 -0.688111 -0.369573 
1.44208 -0.627828 -1.0549 1.83147 -0.766205 -0.674321 2.17799 -0.678676 -0.369782 
1.44165 -0.628417 -1.05465 1.83212 -0.764633 -0.674236 2.17826 -0.673363 -0.369927 
1.44161 -0.628464 -1.05461 1.83355 -0.761424 -0.674357 2.17776 -0.666867 -0.369961 
1.44179 -0.628446 -1.05458 1.83565 -0.754993 -0.673927 2.17798 -0.653507 -0.370252 
1.44237 -0.628277 -1.05497 1.84 -0.751038 -0.679211 2.17818 -0.647271 -0.370394 
1.44233 -0.627967 -1.05479 1.84267 -0.746289 -0.680041 2.17857 -0.638704 -0.370732 
0
0
1.44234 -0.627851 -1.05432 1.84416 -0.740036 -0.679304 2.17975 -0.634036 -0.369859 
1.44209 -0.627834 -1.0544 1.84399 -0.742945 -0.679545 2.17962 -0.635568 -0.370044 
1.44205 -0.627875 -1.05439 1.8443 -0.743981 -0.679685 2.17958 -0.635678 -0.370181 
1.44203 -0.62784 -1.05451 1.84462 -0.744318 -0.679909 2.17948 -0.635319 -0.370372 
1.44203 -0.627825 -1.05451 1.84116 -0.745265 -0.674305 2.18019 -0.634745 -0.370633 
1.44196 -0.627902 -1.05446 1.84142 -0.744805 -0.674575 2.18035 -0.634845 -0.370734 
1.44207 -0.627887 -1.05445 1.84184 -0.744606 -0.67513 2.18048 -0.635476 -0.370953 
1.44222 -0.627645 -1.05438 1.84095 -0.746831 -0.675768 2.18582 -0.637258 -0.375251 
1.44225 -0.627752 -1.05432 1.84604 -0.747574 -0.682637 2.18567 -0.641761 -0.375765 
1.4422 -0.627649 -1.05416 1.84073 -0.753369 -0.676757 2.18665 -0.648875 -0.376833 
1.44188 -0.627434 -1.05393 1.83992 -0.76131 -0.677975 2.18775 -0.666638 -0.377706 
1.44187 -0.627312 -1.05388 1.84469 -0.763354 -0.685474 2.18871 -0.675407 -0.378043 
1.44181 -0.62724 -1.05379 1.84362 -0.769674 -0.686995 2.18449 -0.693021 -0.375597 
1.44045 -0.627508 -1.05317 1.83889 -0.783159 -0.687584 2.18395 -0.721529 -0.377149 
1.4404 -0.627564 -1.05321 1.83965 -0.788277 -0.691523 2.18311 -0.735476 -0.377894 
1.44045 -0.627563 -1.05347 1.83695 -0.797814 -0.694322 2.18261 -0.754971 -0.38055 
1.44056 -0.62771 -1.05389 1.83121 -0.812508 -0.69723 2.181 -0.784786 -0.384783 
1.4403 -0.6287 -1.05425 1.82365 -0.831347 -0.702301 2.17353 -0.824163 -0.388082 
1.44028 -0.628757 -1.05438 1.82099 -0.835325 -0.70177 2.17169 -0.832549 -0.38873 
1.44031 -0.629089 -1.05509 1.8137 -0.856667 -0.711333 2.15806 -0.881447 -0.392612 
1.44026 -0.629157 -1.05531 1.80658 -0.867394 -0.711564 2.15324 -0.901812 -0.396038 
1.44024 -0.629183 -1.05551 1.80155 -0.877765 -0.716823 2.14732 -0.926771 -0.401477 
1.44021 -0.629241 -1.05556 1.79614 -0.884274 -0.714423 2.14266 -0.938927 -0.402777 
0
0
1.44028 -0.629275 -1.05572 1.78575 -0.909545 -0.73189 2.12733 -0.99243 -0.41888 
1.44023 -0.629246 -1.05568 1.78326 -0.916893 -0.738003 2.11959 -1.00902 -0.421713 
1.44021 -0.629203 -1.0556 1.77326 -0.929226 -0.736914 2.1129 -1.03112 -0.429587 
1.44012 -0.629184 -1.05554 1.7708 -0.936351 -0.74628 2.10771 -1.04948 -0.436717 
1.4401 -0.629163 -1.05563 1.7653 -0.945141 -0.751598 2.09802 -1.06895 -0.441817 
1.44 -0.629198 -1.05581 1.75741 -0.956351 -0.759058 2.08911 -1.09442 -0.453442 
1.44017 -0.62886 -1.05632 1.75316 -0.963936 -0.767908 2.07943 -1.11594 -0.461575 
1.44033 -0.628969 -1.05694 1.74199 -0.976871 -0.77374 2.06827 -1.14327 -0.474218 
0
1.44096 -0.629075 -1.0586 1.72438 -0.994747 -0.783227 2.04768 -1.18461 -0.494062 
1.44071 -0.629136 -1.05914 1.71634 -1.0032 -0.790445 2.03525 -1.20564 -0.50379 
1.44062 -0.629121 -1.05948 1.70896 -1.01228 -0.805517 2.0199 -1.23259 -0.519285 
1.4409 -0.629016 -1.06032 1.7017 -1.01937 -0.812759 2.00836 -1.25071 -0.53207 
1.44093 -0.629026 -1.06062 1.69415 -1.02562 -0.819502 1.99527 -1.26931 -0.541702 
1.44085 -0.629244 -1.06122 1.68374 -1.03335 -0.827545 1.97911 -1.29039 -0.556128 
1.4408 -0.629254 -1.06155 1.67661 -1.03896 -0.834062 1.96757 -1.30482 -0.566036 
1.44 -0.629632 -1.06129 1.67006 -1.0433 -0.84028 1.95764 -1.31684 -0.577117 
1.43984 -0.629636 -1.06164 1.66137 -1.04934 -0.847708 1.94344 -1.33241 -0.589806 
1.43966 -0.629623 -1.06187 1.65563 -1.05266 -0.85381 1.93361 -1.34317 -0.598224 
1.4395 -0.629547 -1.06208 1.64816 -1.05786 -0.861607 1.9213 -1.35576 -0.609153 
1.43934 -0.629547 -1.06212 1.6424 -1.06095 -0.866986 1.91349 -1.36418 -0.619151 
1.43931 -0.629617 -1.06232 1.63666 -1.06459 -0.872439 1.90423 -1.37376 -0.627074 
1.43919 -0.62972 -1.06237 1.63158 -1.06721 -0.87834 1.89522 -1.38335 -0.634954 
1.43918 -0.629754 -1.06254 1.62418 -1.07082 -0.885697 1.88235 -1.39425 -0.648004 
0
0
0
0
0
0
0
0
0
0
0
0
0
0
0
0
0
0
0
0
0
0
0
0
0
0
0
0
0
0
0
0
0
0
0
0
0
0
0
0
0
0
0
0
0
0
0
0
0
0
0
0
0
0
0
0
0
0
0
0
0
0
0
1.43924 -0.631854 -1.06677 1.60265 -1.08507 -0.904245 1.86676 -1.39643 -0.652205 
1.43949 -0.631866 -1.06626 1.60709 -1.08325 -0.897628 1.8745 -1.3879 -0.641662 
1.43953 -0.631673 -1.06604 1.61349 -1.07871 -0.890181 1.88588 -1.37497 -0.630581 
1.43956 -0.631611 -1.06579 1.61783 -1.07608 -0.88387 1.89226 -1.36716 -0.620265 
1.43954 -0.631493 -1.06553 1.6222 -1.07227 -0.878386 1.89949 -1.35933 -0.611466 
1.43889 -0.631522 -1.06444 1.62689 -1.06914 -0.871502 1.908 -1.34848 -0.601756 
1.43875 -0.631017 -1.06396 1.63284 -1.0655 -0.869946 1.91469 -1.34003 -0.593701 
0
1.4386 -0.630664 -1.06337 1.63966 -1.05889 -0.85384 1.92829 -1.31774 -0.572127 
1.43849 -0.630589 -1.06311 1.64127 -1.05586 -0.849856 1.93211 -1.31196 -0.566406 
1.43839 -0.630399 -1.06266 1.64553 -1.05208 -0.842366 1.93978 -1.29919 -0.556749 
1.43833 -0.630172 -1.06227 1.65006 -1.04672 -0.835094 1.94771 -1.28785 -0.544683 
0
1.43852 -0.629313 -1.06168 1.6566 -1.03872 -0.822951 1.95998 -1.26608 -0.528964 
1.43852 -0.629157 -1.06121 1.66374 -1.03178 -0.81472 1.96987 -1.24867 -0.514313 
1.43869 -0.629041 -1.06096 1.66942 -1.02626 -0.807427 1.97884 -1.23234 -0.504816 
1.43869 -0.628677 -1.06048 1.67564 -1.02002 -0.800516 1.98746 -1.21616 -0.492156 
1.43876 -0.628716 -1.06037 1.67744 -1.01682 -0.795829 1.99318 -1.20651 -0.489218 
1.43902 -0.628693 -1.0601 1.68292 -1.01176 -0.78585 2.00228 -1.18868 -0.479731 
1.43953 -0.628484 -1.06003 1.68899 -1.0054 -0.779238 2.00991 -1.17223 -0.468336 
1.4394 -0.628545 -1.05924 1.69537 -0.998113 -0.776412 2.01824 -1.15556 -0.462294 
1.43947 -0.628442 -1.05923 1.69952 -0.994501 -0.774649 2.02323 -1.14697 -0.45945 
1.43937 -0.62829 -1.05901 1.70644 -0.986155 -0.767837 2.03441 -1.12727 -0.451131 
1.43929 -0.628158 -1.05879 1.70986 -0.981056 -0.762858 2.03971 -1.1152 -0.445355 
1.43918 -0.62796 -1.05846 1.7182 -0.974172 -0.761518 2.05141 -1.09895 -0.44314 
1.43919 -0.627893 -1.05821 1.71784 -0.971057 -0.750428 2.05438 -1.08771 -0.435635 
1.4391 -0.627688 -1.05793 1.72587 -0.964172 -0.753457 2.05843 -1.07644 -0.429782 
1.43892 -0.627074 -1.0577 1.73107 -0.957323 -0.748396 2.06765 -1.0589 -0.42548 
1.43884 -0.626921 -1.05749 1.73063 -0.953239 -0.737238 2.07279 -1.04515 -0.420319 
1.43877 -0.626777 -1.05738 1.74035 -0.944705 -0.741072 2.07935 -1.02979 -0.416806 
1.43864 -0.626621 -1.05713 1.74798 -0.933025 -0.734351 2.08661 -1.00334 -0.407721 
0
0
1.43838 -0.627202 -1.05539 1.75994 -0.911721 -0.719585 2.10261 -0.95163 -0.3942 
1.43835 -0.627177 -1.05509 1.76348 -0.904759 -0.71462 2.10864 -0.934213 -0.39074 
1.43843 -0.627142 -1.05482 1.77111 -0.896758 -0.714447 2.11609 -0.916477 -0.389049 
1.43846 -0.627061 -1.05429 1.77393 -0.885601 -0.701892 2.12146 -0.890545 -0.38262 
0
1.43853 -0.626981 -1.05409 1.78052 -0.873891 -0.696537 2.1306 -0.863949 -0.380266 
1.43855 -0.626937 -1.05381 1.79108 -0.862509 -0.701252 2.13639 -0.844278 -0.378708 
1.43848 -0.62689 -1.05363 1.79419 -0.856819 -0.699041 2.14063 -0.830906 -0.378072 
1.43888 -0.626312 -1.05371 1.79227 -0.853327 -0.690246 2.14424 -0.819408 -0.377394 
1.43874 -0.626129 -1.05332 1.79628 -0.846347 -0.688588 2.14823 -0.805063 -0.376739 
1.43862 -0.625959 -1.05321 1.79817 -0.841937 -0.687124 2.15047 -0.796499 -0.376319 
1.43841 -0.625765 -1.05312 1.80367 -0.835413 -0.69164 2.15231 -0.78903 -0.375678 
1.43832 -0.625518 -1.05303 1.80038 -0.832451 -0.682691 2.15451 -0.780438 -0.37481 
1.43821 -0.625405 -1.05289 1.80122 -0.828864 -0.681523 2.1552 -0.775382 -0.373954 
1.43816 -0.625305 -1.05276 1.80218 -0.825398 -0.680233 2.15604 -0.76825 -0.373253 
1.43812 -0.625196 -1.0528 1.80705 -0.819433 -0.684387 2.15666 -0.758747 -0.372247 
1.43812 -0.625195 -1.05272 1.80905 -0.815787 -0.684067 2.15708 -0.750798 -0.37153 
1.43813 -0.625212 -1.05262 1.81019 -0.812226 -0.683332 2.15777 -0.74232 -0.370899 
1.43821 -0.625148 -1.05275 1.80579 -0.809653 -0.674394 2.15934 -0.729286 -0.370798 
1.43815 -0.62512 -1.05272 1.80781 -0.807445 -0.674117 2.15976 -0.724357 -0.370902 
1.43818 -0.625111 -1.05261 1.80996 -0.801899 -0.673134 2.16104 -0.711717 -0.370964 
1.43815 -0.625091 -1.05232 1.81487 -0.793774 -0.675724 2.16238 -0.699653 -0.370703 
1.43826 -0.625177 -1.05241 1.81321 -0.794019 -0.671652 2.16267 -0.696718 -0.370383 
1.43834 -0.625099 -1.05231 1.82019 -0.786832 -0.676861 2.16385 -0.685866 -0.370403 
1.43904 -0.624834 -1.05264 1.81719 -0.784783 -0.669071 2.16456 -0.677615 -0.370284 
1.43884 -0.62509 -1.05208 1.82405 -0.777476 -0.674859 2.16469 -0.666267 -0.369902 
1.43891 -0.625108 -1.05205 1.82032 -0.774771 -0.667187 2.16509 -0.65668 -0.369751 
1.43904 -0.625267 -1.05187 1.82305 -0.769786 -0.666993 2.16492 -0.647334 -0.369428 
0
1.43914 -0.625101 -1.05183 1.82513 -0.7601 -0.665621 2.16711 -0.634892 -0.368152 
1.43896 -0.624938 -1.05177 1.82646 -0.758876 -0.665632 2.16769 -0.636493 -0.36762 
1.43897 -0.624908 -1.05166 1.82601 -0.760503 -0.665257 2.16805 -0.638612 -0.36785 
1.43895 -0.624937 -1.05166 1.82462 -0.761159 -0.664863 2.16775 -0.638919 -0.367991 
1.43897 -0.625023 -1.05175 1.82443 -0.763041 -0.663188 2.16757 -0.638931 -0.367987 
1.43888 -0.625116 -1.05178 1.82643 -0.760884 -0.665359 2.16801 -0.637905 -0.367919 
1.43882 -0.625064 -1.05173 1.82661 -0.75964 -0.665359 2.16819 -0.636563 -0.3677 
1.43886 -0.625026 -1.05183 1.82707 -0.757447 -0.665405 2.16891 -0.635011 -0.367569 
1.43889 -0.625041 -1.05196 1.83036 -0.751909 -0.66977 2.16975 -0.632109 -0.367417 
1.43911 -0.625134 -1.05193 1.82731 -0.75214 -0.665721 2.17015 -0.631409 -0.367346 
1.43928 -0.625326 -1.05193 1.82784 -0.751825 -0.666019 2.17047 -0.631483 -0.367434 
1.43952 -0.62567 -1.05191 1.82984 -0.755188 -0.666932 2.17081 -0.633363 -0.367928 
1.43971 -0.625732 -1.05186 1.82912 -0.756599 -0.666904 2.17029 -0.635745 -0.368031 
1.43976 -0.625886 -1.05169 1.82922 -0.759272 -0.667242 2.17077 -0.638932 -0.368787 
1.43988 -0.625851 -1.05143 1.82987 -0.763365 -0.668035 2.17164 -0.645312 -0.369703 
1.43986 -0.625927 -1.05133 1.82974 -0.764389 -0.668274 2.17236 -0.647176 -0.370131 
0
0
1.44012 -0.625976 -1.05134 1.83504 -0.768788 -0.67714 2.17602 -0.66398 -0.37216 
1.44023 -0.626113 -1.05136 1.83467 -0.771327 -0.677923 2.1768 -0.671178 -0.372348 
1.44037 -0.626363 -1.05158 1.8348 -0.774055 -0.679973 2.17817 -0.681541 -0.372736 
1.44057 -0.626506 -1.05168 1.83025 -0.779449 -0.675101 2.17929 -0.690477 -0.372803 
1.44056 -0.626656 -1.05164 1.8285 -0.782047 -0.675718 2.17946 -0.701005 -0.373131 
1.4416 -0.62665 -1.05235 1.82664 -0.789674 -0.677155 2.17925 -0.718536 -0.373956 
1.44168 -0.62676 -1.05244 1.83152 -0.790769 -0.684792 2.17901 -0.725282 -0.374228 
1.44168 -0.626788 -1.05249 1.83037 -0.795847 -0.686161 2.17849 -0.736649 -0.374715 
1.44173 -0.626951 -1.05249 1.82409 -0.805864 -0.682728 2.17673 -0.755567 -0.375766 
1.44169 -0.626924 -1.05256 1.82277 -0.810559 -0.683661 2.17524 -0.763752 -0.376537 
1.44165 -0.626812 -1.05241 1.82376 -0.815629 -0.691351 2.17238 -0.776751 -0.37762 
1.44157 -0.626656 -1.05248 1.81851 -0.829568 -0.693965 2.16764 -0.802314 -0.380494 
1.44148 -0.626596 -1.05245 1.81609 -0.836318 -0.695509 2.16709 -0.815008 -0.383048 
1.44053 -0.626746 -1.05175 1.81567 -0.84554 -0.701975 2.16687 -0.833842 -0.387777 
1.44041 -0.62673 -1.05186 1.8031 -0.865118 -0.701017 2.15732 -0.873299 -0.39206 
0
1.4404 -0.62689 -1.05207 1.80147 -0.881314 -0.71591 2.15159 -0.909636 -0.400838 
1.4404 -0.626945 -1.05239 1.79183 -0.893788 -0.713754 2.14323 -0.933491 -0.403565 
0
0
1.44008 -0.627669 -1.05345 1.78006 -0.922921 -0.737249 2.12282 -1.00148 -0.421121 
1.43999 -0.627737 -1.05365 1.77266 -0.935551 -0.74589 2.11149 -1.03346 -0.43018 
1.43997 -0.62764 -1.05374 1.76886 -0.940806 -0.748778 2.10888 -1.04433 -0.435482 
1.43991 -0.627572 -1.05377 1.76513 -0.947817 -0.75434 2.09931 -1.06286 -0.439319 
1.4397 -0.62754 -1.05375 1.75893 -0.957116 -0.760426 2.09071 -1.08535 -0.447432 
1.43863 -0.627601 -1.05327 1.74894 -0.968355 -0.765314 2.0787 -1.11021 -0.456608 
1.43865 -0.627559 -1.05329 1.74455 -0.971059 -0.761806 2.07995 -1.11307 -0.460961 
1.43844 -0.62721 -1.05346 1.74076 -0.977869 -0.771938 2.07741 -1.13044 -0.473165 
1.43814 -0.626969 -1.05341 1.73388 -0.983487 -0.77126 2.06714 -1.14387 -0.474928 
1.4376 -0.626471 -1.05336 1.7272 -0.991181 -0.778133 2.05998 -1.1625 -0.485129 
1.43742 -0.626373 -1.0533 1.72711 -0.993629 -0.785903 2.05497 -1.17032 -0.48791 
1.43718 -0.626207 -1.0534 1.72053 -0.998991 -0.785063 2.04946 -1.18255 -0.494631 
1.43728 -0.625458 -1.05396 1.71386 -1.00664 -0.792207 2.03938 -1.20118 -0.504346 
1.43726 -0.625443 -1.05406 1.71344 -1.00824 -0.800368 2.03533 -1.20868 -0.510117 
1.43734 -0.625488 -1.05429 1.70934 -1.01295 -0.805251 2.02858 -1.22022 -0.517319 
1.43737 -0.625586 -1.05464 1.7014 -1.02095 -0.813287 2.01525 -1.24165 -0.527963 
1.4375 -0.62597 -1.05485 1.69492 -1.02504 -0.811365 2.01046 -1.2495 -0.534353 
1.43733 -0.625978 -1.05537 1.69269 -1.02901 -0.82197 2.00242 -1.26295 -0.542444 
1.43707 -0.625918 -1.05606 1.68392 -1.03689 -0.832741 1.98719 -1.28323 -0.557464 
1.43702 -0.625898 -1.0563 1.67931 -1.04016 -0.835371 1.98167 -1.29248 -0.564371 
1.43734 -0.625759 -1.05737 1.67375 -1.04505 -0.841072 1.9732 -1.30483 -0.574019 
1.43717 -0.625755 -1.05793 1.66624 -1.05 -0.851824 1.9588 -1.32341 -0.591071 
1.43712 -0.625762 -1.05819 1.66116 -1.05351 -0.854087 1.9518 -1.33106 -0.594872 
1.43699 -0.625745 -1.05861 1.65636 -1.05602 -0.859848 1.94462 -1.34181 -0.605795 
0
1.43636 -0.626296 -1.05891 1.64462 -1.06321 -0.871438 1.92391 -1.36181 -0.622846 
1.43634 -0.626335 -1.05904 1.63927 -1.066 -0.875203 1.91665 -1.37017 -0.631389 
1.43638 -0.626556 -1.05933 1.63208 -1.06939 -0.883386 1.90216 -1.38415 -0.643397 
1.43637 -0.626624 -1.05935 1.62851 -1.07149 -0.885362 1.89696 -1.38903 -0.649195 
1.43676 -0.626495 -1.06001 1.62451 -1.0739 -0.890707 1.88914 -1.39655 -0.656286 
0
0
0
0
0
0
0
0
0
0
0
0
0
0
0
0
0
0
0
0
0
0
0
0
0
0
0
0
0
0
0
0
0
0
0
0
0
0
0
0
0
0
0
0
0
0
0
0
0
0
0
0
0
0
0
0
0
0
0
0
0
0
0
0
0
0
0
0
0
0
0
0
0
0
1.4393 -0.631919 -1.06676 1.6128 -1.08691 -0.918731 1.88513 -1.39295 -0.664213 
1.4396 -0.63192 -1.06638 1.61673 -1.08454 -0.907043 1.89689 -1.38179 -0.650657 
1.43969 -0.63185 -1.06615 1.62682 -1.08021 -0.897644 1.91407 -1.36234 -0.634755 
1.43965 -0.63189 -1.06604 1.62758 -1.07986 -0.893618 1.91627 -1.35934 -0.629247 
1.43966 -0.631685 -1.06573 1.63729 -1.07391 -0.885589 1.93059 -1.34257 -0.614274 
1.43971 -0.631589 -1.06553 1.64369 -1.07031 -0.878211 1.9417 -1.32869 -0.601919 
1.4392 -0.631752 -1.06435 1.65317 -1.06374 -0.866961 1.95712 -1.30745 -0.585216 
1.43923 -0.631624 -1.06383 1.6605 -1.05849 -0.858995 1.96881 -1.29118 -0.572275 
1.43924 -0.631194 -1.06343 1.66993 -1.05188 -0.853289 1.98084 -1.2742 -0.559168 
1.43933 -0.631145 -1.06273 1.67851 -1.04484 -0.839256 1.99555 -1.2498 -0.541352 
1.4395 -0.631001 -1.06234 1.68343 -1.03892 -0.825118 2.0078 -1.22933 -0.530755 
1.43996 -0.630496 -1.06215 1.69371 -1.03083 -0.821122 2.01861 -1.21116 -0.517502 
1.44022 -0.630186 -1.0615 1.70302 -1.02046 -0.808617 2.03231 -1.18583 -0.501906 
0
1.44108 -0.629645 -1.06118 1.71569 -1.00405 -0.787714 2.04918 -1.14759 -0.480281 
1.44131 -0.629392 -1.06073 1.72566 -0.990896 -0.780401 2.06054 -1.12213 -0.466429 
1.44102 -0.629598 -1.05968 1.73153 -0.982491 -0.772587 2.06791 -1.1033 -0.456021 
1.44125 -0.629525 -1.05914 1.73562 -0.973786 -0.760559 2.07573 -1.08308 -0.446509 
1.44131 -0.629391 -1.05876 1.74753 -0.958352 -0.757116 2.07991 -1.05738 -0.431357 
1.44131 -0.629269 -1.05854 1.74992 -0.94922 -0.746179 2.08935 -1.03477 -0.424305 
1.44057 -0.629604 -1.05722 1.75856 -0.93761 -0.742919 2.09582 -1.01403 -0.416019 
1.44043 -0.629522 -1.05683 1.76401 -0.927052 -0.736377 2.10204 -0.990903 -0.408048 
1.44028 -0.629238 -1.05624 1.77016 -0.909705 -0.72272 2.11389 -0.950876 -0.397403 
1.44022 -0.629139 -1.05599 1.77678 -0.901636 -0.722291 2.11508 -0.936338 -0.391818 
1.44021 -0.628934 -1.05563 1.77753 -0.89242 -0.71001 2.12418 -0.913741 -0.388802 
1.44011 -0.628769 -1.05499 1.78494 -0.876852 -0.703294 2.13061 -0.884968 -0.381658 
0
1.44025 -0.6275 -1.05387 1.80049 -0.851407 -0.700778 2.14607 -0.844707 -0.377267 
1.44039 -0.627452 -1.05348 1.80646 -0.836248 -0.694956 2.15036 -0.820779 -0.371799 
1.44179 -0.627249 -1.05336 1.80849 -0.819092 -0.68266 2.15955 -0.791701 -0.369592 
1.44211 -0.627241 -1.05361 1.81095 -0.816143 -0.682159 2.16166 -0.785227 -0.369345 
1.44264 -0.627444 -1.05352 1.82082 -0.800166 -0.685727 2.16716 -0.764454 -0.368052 
1.44309 -0.627727 -1.05329 1.81934 -0.792465 -0.676653 2.17093 -0.749178 -0.36724 
1.44325 -0.627975 -1.05263 1.8253 -0.776283 -0.674035 2.17595 -0.725669 -0.365759 
1.44357 -0.627997 -1.05229 1.83165 -0.768217 -0.679517 2.17784 -0.716896 -0.365233 
1.4437 -0.62806 -1.05212 1.83439 -0.759661 -0.678332 2.17986 -0.704711 -0.364603 
1.44386 -0.628055 -1.05171 1.83303 -0.749398 -0.669192 2.18264 -0.683618 -0.363895 
1.44389 -0.62802 -1.05159 1.83933 -0.742769 -0.675717 2.18311 -0.675187 -0.363746 
1.44311 -0.629017 -1.05011 1.83552 -0.739222 -0.667742 2.1843 -0.662076 -0.363958 
0
1.44349 -0.629279 -1.04979 1.84019 -0.724956 -0.666385 2.19004 -0.631068 -0.367823 
1.44345 -0.629318 -1.04945 1.84726 -0.717054 -0.672356 2.19131 -0.620279 -0.367401 
1.44339 -0.629054 -1.04905 1.84393 -0.711936 -0.665126 2.18686 -0.620285 -0.36171 
1.44356 -0.628949 -1.04898 1.84829 -0.708857 -0.671009 2.1874 -0.620086 -0.361068 
1.4436 -0.629014 -1.04887 1.8479 -0.708831 -0.670233 2.18739 -0.61898 -0.360735 
1.44362 -0.629124 -1.0489 1.84793 -0.709571 -0.669324 2.18722 -0.617692 -0.360453 
1.44366 -0.629186 -1.04888 1.84804 -0.709648 -0.669203 2.18761 -0.617817 -0.360402 
1.44373 -0.629326 -1.04891 1.8483 -0.709597 -0.669316 2.18822 -0.61783 -0.360428 
1.4438 -0.629303 -1.04885 1.84912 -0.708266 -0.669718 2.18902 -0.616882 -0.360331 
1.44376 -0.629324 -1.04876 1.84917 -0.707258 -0.669905 2.18921 -0.616337 -0.360151 
1.4439 -0.629337 -1.0489 1.84874 -0.70569 -0.669401 2.18948 -0.615556 -0.359779 
1.44415 -0.629579 -1.04897 1.84863 -0.702689 -0.669247 2.18998 -0.612025 -0.359203 
1.44429 -0.629613 -1.04904 1.84822 -0.702263 -0.668995 2.1896 -0.611437 -0.358921 
1.44429 -0.629774 -1.04921 1.84649 -0.702108 -0.667546 2.18937 -0.6108 -0.358576 
1.44545 -0.629695 -1.04986 1.84617 -0.701477 -0.6672 2.18916 -0.610047 -0.358123 
1.44572 -0.62988 -1.04974 1.84616 -0.70141 -0.66701 2.18935 -0.609675 -0.357922 
1.44584 -0.630773 -1.04968 1.84662 -0.701081 -0.667275 2.18973 -0.609507 -0.357837 
1.44746 -0.631108 -1.05049 1.84729 -0.700843 -0.667614 2.19032 -0.609363 -0.35792 
