529.599 129.918 494.72 201.994 451.444 153.95 
529.542 130.052 494.774 202.215 450.609 154.345 
529.457 130.283 494.823 202.535 449.449 154.792 
529.486 130.793 494.338 202.83 447.886 155.064 
529.213 130.84 494.037 202.895 447.15 155.203 
529.042 130.984 493.727 202.99 445.898 155.416 
528.939 131.236 493.316 203.299 443.812 155.866 
528.904 131.353 493.308 203.479 443.163 156.089 
529.017 131.751 493.37 203.839 442.452 156.485 
528.967 132.355 493.643 204.583 441.987 157.433 
528.641 132.591 493.852 204.952 441.812 157.979 
528.518 132.963 494.068 205.46 441.503 158.831 
528.496 133.342 494.307 206.055 441.226 159.614 
528.641 134.083 494.641 207.003 440.9 160.807 
528.401 134.214 494.815 207.325 440.707 161.159 
528.38 134.482 494.901 207.629 440.472 161.667 
528.368 134.713 495.015 208.053 439.999 162.186 
528.436 134.949 494.902 208.33 439.203 162.471 
528.459 134.97 494.713 208.215 438.75 162.407 
528.561 134.92 494.132 207.967 437.462 162.517 
528.758 134.701 493.726 207.693 435.522 162.716 
528.795 134.673 493.654 207.588 435.234 162.721 
528.967 134.517 493.266 207.298 434.066 162.804 
529.015 134.431 492.984 207.232 433.358 163.016 
529.215 134.522 493.322 207.529 432.559 163.801 
529.314 134.671 493.58 207.752 434.189 164.125 
529.344 134.834 493.867 208.051 434.331 165.14 
529.448 135.189 494.368 208.648 434.719 167.342 
529.457 135.321 494.682 208.894 434.627 168.612 
529.421 135.538 494.99 209.35 434.429 170.189 
529.491 135.774 495.087 209.784 434.199 171.578 
529.461 135.85 495.064 209.831 434.116 171.906 
529.741 135.94 495.042 209.746 433.588 172.492 
529.464 135.764 495.091 209.94 433.247 172.53 
529.679 135.996 494.936 209.952 433.1 172.116 
529.441 135.671 494.563 209.638 432.591 171.986 
529.443 135.398 494.393 209.316 432.257 171.351 
529.486 135.382 494.292 209.204 432.302 171.029 
529.501 135.212 494.123 208.995 432.49 170.95 
529.553 135.01 494.067 208.685 432.693 170.782 
529.552 134.868 494.047 208.535 432.957 170.456 
529.443 134.789 494.019 208.269 433.513 169.489 
529.397 134.319 493.826 207.686 434.235 168.052 
529.387 134.173 493.813 207.545 434.607 167.307 
529.488 133.897 493.849 207.197 435.472 166.129 
529.736 133.323 494.041 206.445 436.987 163.553 
529.696 133.061 494.069 206.107 438.389 162.459 
529.771 132.745 494.414 205.586 440.775 161.028 
530.295 132.483 495.155 204.816 445.617 157.77 
530.185 132.167 495.35 204.452 447.626 156.492 
530.412 131.905 495.85 203.93 450.585 154.632 
530.622 131.493 496.801 203.084 455.254 151.633 
530.759 131.307 497.107 202.643 456.939 150.634 
530.863 131.023 497.585 202.065 459.18 149.457 
530.958 130.74 498.145 201.374 462.93 147.074 
530.962 130.701 498.398 201.154 464.15 146.509 
530.95 130.65 498.937 200.937 465.902 145.82 
530.953 130.783 499.654 200.626 469.915 144.019 
530.955 130.806 500.044 200.398 471.733 143.591 
531.007 130.892 500.699 200.063 474.588 142.991 
530.467 130.759 501.406 199.617 477.698 142.083 
530.513 130.751 501.83 199.427 479.132 142.015 
531.016 130.982 502.36 199.331 480.754 141.888 
531.38 131.061 503.205 199.389 482.598 141.347 
531.314 130.786 503.506 199.173 483.931 140.91 
531.367 130.75 503.845 198.982 485.605 140.564 
531.563 130.768 504.395 198.631 488.413 140.178 
531.59 130.756 504.53 198.552 489.42 140.17 
531.611 130.771 504.92 198.544 490.634 140.136 
531.64 130.781 505.404 198.453 492.035 139.883 
531.641 130.775 505.533 198.337 492.981 139.815 
531.664 130.745 505.549 198.059 493.92 139.638 
531.823 130.725 505.494 197.666 495.733 139.442 
531.841 130.741 505.574 197.567 496.487 139.55 
531.885 130.733 505.831 197.485 497.593 139.646 
531.995 130.748 506.295 197.375 499.463 139.858 
532.021 130.738 506.465 197.372 499.928 139.966 
532.083 130.715 506.674 197.378 500.267 140.043 
532.222 130.747 506.573 197.249 500.414 139.918 
532.256 130.724 506.41 197.141 500.352 139.92 
532.359 130.6 505.97 196.931 500.094 140.215 
532.662 130.636 505.82 196.984 499.589 140.437 
532.477 130.502 505.836 197.041 499.507 140.511 
532.563 130.486 506.0 197.16 499.178 140.755 
532.936 130.409 506.214 197.226 498.674 140.9 
532.963 130.383 506.245 197.236 498.559 140.898 
532.901 130.097 506.441 197.224 497.917 140.797 
532.94 129.863 506.642 197.34 496.656 140.698 
533.014 129.858 506.685 197.363 496.319 140.588 
533.123 129.761 506.786 197.468 495.524 140.336 
533.174 129.608 506.786 197.505 494.946 140.262 
533.482 129.452 507.17 197.672 493.701 140.487 
533.543 129.419 507.321 197.797 493.127 140.458 
533.618 129.36 507.457 197.936 492.134 140.389 
533.922 129.385 507.434 197.983 491.179 140.387 
533.989 129.347 507.132 198.025 489.254 140.255 
533.959 129.287 506.969 197.972 488.443 140.225 
533.973 129.196 506.71 197.963 487.25 140.12 
533.101 129.004 506.224 197.996 484.539 140.049 
533.126 128.965 505.981 197.992 483.378 140.142 
533.127 128.88 505.605 197.951 481.902 140.031 
533.141 128.792 504.899 197.791 480.348 139.642 
533.149 128.772 504.695 197.758 479.991 139.633 
533.147 128.726 504.556 197.733 479.079 139.785 
533.117 128.682 504.272 197.816 478.63 139.988 
533.843 128.837 504.076 197.879 477.756 140.054 
533.831 128.723 503.662 197.859 476.619 140.074 
533.673 128.437 502.919 197.698 474.683 140.056 
533.668 128.378 502.457 197.611 473.946 140.109 
533.631 128.331 501.877 197.477 472.839 140.183 
533.586 128.278 501.289 197.457 471.161 140.109 
533.574 128.259 501.009 197.422 470.488 140.068 
533.563 128.233 500.493 197.372 469.242 140.019 
533.612 128.09 499.83 197.003 466.544 140.265 
533.64 128.023 499.518 196.948 465.493 140.457 
533.667 127.97 499.073 196.853 463.898 140.74 
533.698 128.03 498.317 196.926 461.487 141.513 
533.651 128.093 498.082 196.985 460.497 141.957 
533.669 128.089 497.767 196.988 458.715 142.719 
533.696 128.042 497.157 196.993 456.523 143.793 
533.711 128.058 496.845 196.903 455.777 143.764 
533.708 128.011 496.25 196.595 454.483 143.785 
533.692 127.761 495.392 196.226 451.722 144.35 
533.719 127.726 495.118 196.054 450.612 144.16 
533.755 127.611 494.468 195.697 449.219 143.911 
533.732 127.103 493.44 195.018 448.572 143.972 
533.768 127.036 493.314 195.021 447.961 144.219 
533.704 127.118 493.338 195.306 447.536 144.748 
533.847 127.232 493.451 195.603 447.269 146.449 
533.711 127.174 493.672 195.944 447.403 146.963 
533.643 127.567 494.036 196.488 447.57 147.762 
533.762 127.734 494.37 196.866 447.602 149.315 
533.785 127.719 494.43 197.027 447.601 149.615 
534.114 127.854 494.554 197.137 447.398 149.704 
534.307 127.396 494.472 196.729 446.541 149.835 
534.233 127.289 494.365 196.682 446.322 149.529 
534.44 127.311 494.219 196.521 445.891 148.905 
534.439 127.163 494.224 196.308 445.326 148.672 
534.418 127.134 494.242 196.299 445.137 148.675 
534.377 127.251 494.284 196.471 445.159 148.693 
534.401 127.927 494.728 197.238 445.764 149.124 
534.094 127.968 494.891 197.472 445.821 149.707 
533.92 128.168 495.191 197.948 446.032 150.735 
533.573 128.773 495.524 198.93 446.114 151.834 
533.458 128.913 495.738 199.285 446.255 152.268 
533.405 129.03 495.934 199.561 446.422 152.915 
533.335 129.165 495.917 199.79 446.255 153.58 
533.291 129.229 496.114 199.899 446.293 153.65 
533.346 129.2 496.313 199.865 446.415 153.84 
533.391 129.18 496.229 199.766 447.12 153.754 
533.43 129.118 496.41 199.716 447.355 153.628 
533.427 129.011 496.491 199.601 447.659 153.313 
533.325 128.875 496.528 199.393 448.663 152.21 
533.321 128.811 496.604 199.317 449.34 151.802 
533.6 128.886 496.859 199.245 450.458 151.41 
533.617 128.615 497.223 198.935 452.223 150.873 
533.591 128.537 497.339 198.816 452.835 150.596 
533.319 128.343 497.577 198.717 453.795 149.86 
533.485 128.28 497.683 198.151 456.001 148.355 
533.206 127.995 497.78 198.009 457.237 147.82 
533.237 127.966 498.426 197.894 459.081 147.145 
533.302 127.971 499.836 198.057 461.898 146.971 
533.3 128.008 500.462 198.239 461.368 147.122 
533.268 128.189 501.307 198.53 463.28 146.573 
533.317 128.478 502.555 199.029 465.936 146.017 
533.298 128.541 503.061 199.288 467.116 145.87 
533.273 128.655 504.008 199.56 469.001 145.399 
533.223 128.873 505.258 199.852 473.279 144.255 
533.282 128.833 505.874 199.856 474.923 143.935 
533.332 128.843 506.814 199.862 477.224 143.442 
532.856 128.869 507.748 199.602 481.052 142.309 
532.933 128.757 508.077 199.358 482.634 141.906 
533.072 128.642 508.862 199.296 483.225 141.692 
534.031 128.833 509.841 198.944 487.355 140.017 
534.147 128.701 510.013 198.736 488.79 139.387 
534.097 128.443 510.421 198.337 490.995 138.532 
534.283 128.235 510.793 197.602 493.313 137.418 
534.355 128.135 510.844 197.384 493.996 136.915 
534.676 128.173 510.972 197.044 495.29 136.018 
534.686 127.933 511.194 196.513 497.167 134.771 
534.76 127.882 511.325 196.386 497.742 134.456 
534.815 127.88 511.473 196.258 498.814 133.657 
535.053 127.856 511.648 195.852 500.669 132.496 
535.125 127.803 511.781 195.623 501.157 132.277 
535.198 127.721 511.979 195.401 501.729 131.923 
535.294 127.634 512.287 195.062 502.984 130.821 
535.534 127.739 512.372 194.899 503.564 130.606 
535.608 127.691 512.619 194.691 504.675 130.253 
535.533 127.576 513.135 194.39 506.956 129.874 
535.699 127.634 513.306 194.247 507.894 129.792 
535.752 127.623 513.481 194.052 509.394 129.535 
535.579 127.498 513.606 193.739 511.838 129.276 
535.547 127.481 513.769 193.72 512.528 129.296 
535.734 127.71 514.226 193.86 512.977 129.695 
535.666 127.931 514.48 194.263 512.475 130.228 
535.627 127.983 514.354 194.42 512.082 130.38 
535.541 128.085 514.376 194.691 511.156 130.879 
535.383 128.308 514.451 195.341 509.587 131.742 
535.116 128.314 514.457 195.57 508.832 132.05 
535.086 128.464 514.43 195.882 507.835 132.588 
535.055 128.745 514.497 196.378 506.659 133.306 
535.073 128.779 514.477 196.431 506.573 133.387 
535.171 128.83 514.477 196.454 506.314 133.697 
535.241 128.807 514.434 196.398 505.772 133.74 
535.472 128.703 514.11 196.353 504.749 133.573 
535.51 128.665 514.004 196.235 504.579 133.491 
535.585 128.563 513.614 196.051 503.591 133.221 
535.635 128.51 513.365 196.07 502.513 133.16 
535.697 128.462 513.019 196.164 500.485 133.321 
535.702 128.409 512.766 196.295 499.593 133.401 
535.797 128.291 512.452 196.369 498.255 133.446 
535.174 128.273 512.084 196.291 496.8 133.622 
535.183 128.064 511.174 196.178 493.812 133.521 
535.829 127.902 510.862 196.135 492.57 133.425 
535.694 127.808 510.404 196.003 490.857 133.15 
535.55 127.809 509.612 195.778 488.949 132.644 
535.198 127.668 509.061 195.792 487.271 132.203 
535.128 127.668 509.006 195.802 487.075 132.233 
534.765 127.567 508.677 195.687 486.12 132.376 
534.735 127.564 508.56 195.827 485.527 132.549 
534.621 127.756 508.433 196.121 484.335 133.036 
534.49 127.913 508.207 196.194 483.221 133.69 
534.4 128.125 507.765 196.559 482.12 134.28 
535.18 128.612 507.213 196.952 481.392 134.533 
534.892 128.539 506.598 197.124 479.348 134.682 
534.77 128.554 506.157 197.182 477.7 134.968 
534.719 128.601 505.705 197.427 475.964 135.474 
534.632 128.778 505.417 197.651 474.953 135.829 
535.001 129.114 505.091 197.652 473.763 136.511 
534.797 129.127 504.833 197.981 471.778 137.696 
534.72 129.382 504.666 198.303 470.438 138.19 
534.687 129.65 504.43 198.557 469.119 138.53 
534.661 129.792 504.023 198.581 468.817 139.076 
534.831 129.97 503.57 198.708 467.719 139.273 
534.818 130.066 503.19 198.69 466.607 139.283 
534.835 129.936 502.658 198.519 464.746 140.418 
534.836 129.933 502.293 198.606 463.288 141.12 
534.757 130.057 502.023 198.871 461.879 141.789 
534.384 130.055 501.464 199.11 460.126 142.99 
534.252 130.03 500.942 199.167 458.713 144.046 
534.206 130.235 500.58 199.526 457.716 144.678 
534.03 130.523 500.295 199.724 456.838 145.045 
533.823 130.547 499.977 199.853 456.117 145.972 
533.938 131.037 499.883 200.212 455.531 146.965 
533.831 131.212 499.859 200.513 455.253 147.345 
533.41 131.328 500.004 201.049 455.038 148.178 
533.314 131.493 499.769 201.198 454.706 148.893 
533.145 131.58 499.493 201.423 454.3 149.498 
533.08 131.634 499.308 201.535 453.896 149.554 
533.082 131.608 499.144 201.446 453.433 149.765 
533.178 131.549 499.064 201.438 453.204 150.117 
533.281 131.518 498.929 201.297 452.898 150.394 
533.308 131.532 498.691 201.259 452.665 150.694 
533.253 131.634 498.462 201.297 452.346 150.895 
533.204 131.863 497.881 201.298 451.128 151.349 
533.103 131.929 497.717 201.435 450.818 151.44 
532.995 131.958 497.623 201.43 450.432 151.76 
532.541 131.9 497.793 201.643 450.759 151.98 
532.351 132.162 498.226 201.924 452.069 151.223 
532.303 132.173 498.339 201.886 452.798 151.003 
532.209 132.126 498.747 201.944 454.698 150.508 
532.164 132.145 498.987 201.719 457.592 149.196 
532.113 132.09 499.043 201.654 458.125 148.999 
532.105 131.94 499.566 201.369 459.79 149.003 
532.012 131.906 499.816 201.357 461.071 149.234 
531.929 132.0 500.155 201.484 463.29 148.765 
531.883 132.008 500.289 201.339 464.73 148.325 
531.836 131.929 500.456 201.255 466.091 148.338 
531.708 131.835 500.582 201.053 466.069 147.922 
531.678 131.74 500.709 200.588 469.36 147.061 
531.696 131.684 500.869 200.405 470.468 147.069 
531.547 131.612 500.908 200.241 472.231 146.514 
531.523 131.973 501.0 199.931 475.747 145.435 
531.465 131.975 501.072 199.679 476.875 145.592 
530.721 131.569 501.155 199.518 476.986 146.23 
530.625 131.652 501.183 199.52 480.763 145.89 
531.336 131.729 501.543 199.519 481.996 146.073 
531.289 131.788 501.885 199.584 483.594 146.313 
531.149 131.833 501.945 199.352 486.576 145.818 
531.35 132.047 502.03 199.227 487.868 145.593 
531.297 132.114 502.378 199.142 488.926 145.469 
531.0 132.127 502.369 199.054 490.856 144.891 
530.947 132.187 502.333 199.016 491.59 144.842 
531.089 132.414 502.482 198.96 493.122 144.703 
530.843 132.449 502.815 199.003 494.856 144.469 
530.758 132.49 502.981 198.793 497.089 144.24 
530.775 132.472 503.047 198.546 497.987 144.153 
531.04 132.532 503.265 198.344 499.162 144.102 
530.767 132.55 503.589 198.536 499.858 143.387 
530.755 132.57 503.596 198.551 499.993 143.174 
530.614 132.552 503.512 198.454 501.077 142.661 
530.596 132.526 503.547 198.412 502.071 142.505 
530.587 132.583 503.836 198.544 504.064 142.17 
530.524 132.664 504.084 198.587 505.621 141.827 
530.484 132.721 504.314 198.548 507.224 141.515 
530.433 132.751 504.56 198.513 509.032 141.125 
530.448 132.729 504.023 198.365 510.488 140.871 
530.502 132.682 504.074 198.124 511.764 140.677 
530.515 132.579 503.994 197.799 513.184 140.788 
530.492 132.479 504.0 197.692 513.921 140.973 
530.616 132.421 504.274 197.553 515.779 141.285 
530.705 132.465 504.287 197.414 517.199 141.449 
530.705 132.469 504.351 197.295 518.647 141.58 
530.726 132.427 504.445 197.31 519.059 141.658 
530.745 132.397 504.463 197.277 519.194 141.629 
530.786 132.228 504.289 196.982 518.999 141.488 
530.812 132.193 504.228 196.844 518.596 141.388 
530.762 132.126 504.147 196.894 517.462 141.169 
530.744 132.145 503.891 197.111 515.291 141.056 
530.668 132.087 503.582 197.373 513.26 141.085 
530.63 132.044 502.984 197.536 511.087 141.201 
530.499 132.074 502.666 197.96 507.523 141.596 
530.443 132.073 503.422 198.414 506.332 141.599 
530.322 132.155 503.48 198.813 504.947 141.852 
530.221 132.241 503.404 199.044 504.142 141.889 
529.973 132.283 503.135 199.169 503.48 142.034 
529.852 132.295 502.993 199.17 503.14 142.237 
529.64 132.272 502.715 199.085 502.636 142.357 
529.241 132.11 502.149 199.173 501.037 142.738 
529.168 132.02 501.87 199.19 499.983 142.799 
529.111 131.85 501.56 199.158 498.401 143.218 
529.075 131.325 501.017 199.16 494.812 144.496 
529.375 131.247 500.633 199.049 493.127 144.926 
529.253 130.866 500.062 198.98 490.528 145.243 
529.351 130.571 498.645 198.882 485.872 145.644 
529.407 130.452 498.084 198.845 483.602 145.604 
529.435 130.266 497.313 198.74 480.237 145.513 
528.759 130.018 496.366 198.586 476.743 145.058 
529.464 130.06 496.026 198.491 475.173 145.078 
529.631 129.859 495.61 198.466 473.398 145.23 
529.677 129.639 495.207 198.41 470.666 145.661 
529.719 129.599 495.11 198.426 469.312 146.202 
529.794 129.553 494.868 198.518 467.011 147.062 
530.074 129.627 493.95 198.608 462.273 147.873 
530.092 129.653 493.372 198.636 460.365 147.929 
530.095 129.723 492.597 198.757 457.712 147.964 
530.168 129.711 492.008 198.92 454.321 148.163 
530.258 129.789 492.033 199.078 453.553 148.265 
530.433 130.125 492.16 199.36 452.794 148.468 
530.807 130.438 492.264 199.557 452.124 148.939 
530.893 130.548 492.237 199.684 451.744 149.348 
530.975 130.73 492.004 199.693 450.599 149.826 
531.292 130.764 491.423 199.577 447.332 151.729 
531.591 130.977 491.164 199.633 446.04 152.346 
531.677 131.099 490.831 199.695 445.893 152.688 
531.629 131.665 490.737 200.352 444.654 153.748 
531.678 131.775 490.749 200.408 444.221 154.61 
531.669 131.953 490.938 200.753 444.132 156.146 
531.549 132.789 491.8 201.83 444.868 157.178 
531.493 133.05 491.953 202.14 445.28 157.75 
531.418 133.31 491.856 202.429 445.462 158.514 
531.478 133.416 491.971 202.76 444.509 159.297 
531.448 133.469 492.029 202.883 444.207 159.278 
531.469 133.464 491.935 202.836 443.858 159.09 
531.533 133.546 492.259 202.933 444.989 157.943 
531.583 133.572 492.441 202.903 445.586 157.467 
531.665 133.487 492.652 202.784 446.347 157.053 
531.8 133.423 493.272 202.841 448.094 156.04 
531.786 133.476 493.36 202.786 448.759 155.568 
531.812 133.393 493.658 202.734 450.121 154.894 
531.955 133.297 493.984 202.53 451.483 153.788 
531.996 133.273 494.112 202.52 452.791 153.369 
532.015 133.212 494.418 202.383 454.587 152.69 
532.407 133.091 494.884 201.901 456.821 151.514 
532.388 133.014 494.898 201.737 458.079 150.809 
532.328 132.873 494.999 201.362 459.771 149.704 
532.29 132.751 495.171 200.908 461.709 148.534 
532.28 132.67 495.237 200.644 462.209 148.035 
532.057 132.348 495.267 200.276 463.508 147.429 
532.047 132.333 495.611 199.934 466.876 146.269 
532.053 132.362 495.774 199.805 467.913 145.939 
532.086 132.376 495.987 199.624 469.13 145.772 
532.096 132.339 495.963 199.242 470.76 145.04 
532.054 132.331 495.962 199.154 471.303 144.725 
531.954 132.311 496.055 199.066 472.307 144.164 
532.136 132.54 496.213 198.777 474.153 143.361 
532.085 132.582 496.289 198.742 474.921 143.224 
531.967 132.685 496.441 198.716 476.077 142.852 
531.09 132.611 496.773 198.688 476.283 142.577 
531.048 132.635 496.868 198.713 476.958 142.494 
530.934 132.75 496.958 198.664 477.904 142.542 
531.162 133.478 497.224 198.8 479.895 142.647 
531.292 133.488 497.371 198.927 480.796 142.538 
531.252 133.59 497.533 198.994 482.24 142.563 
531.18 133.507 497.749 199.078 484.494 142.525 
531.145 133.555 497.833 199.033 485.306 142.446 
531.068 133.514 497.896 198.99 486.456 142.438 
530.221 133.56 498.035 198.966 488.797 142.552 
530.789 133.592 498.139 199.025 489.723 142.609 
530.673 133.67 498.341 199.149 491.491 142.559 
530.503 133.797 498.772 199.23 495.302 142.81 
530.648 133.99 498.884 199.217 496.647 143.111 
530.328 133.94 499.259 199.367 498.441 143.666 
530.114 134.197 499.514 199.67 500.364 144.614 
530.038 134.277 499.594 199.841 500.658 144.901 
529.921 134.419 499.646 200.186 500.784 145.308 
529.675 134.621 498.777 200.443 501.03 145.809 
529.612 134.662 498.67 200.503 501.199 146.06 
529.508 134.684 498.549 200.688 501.523 146.305 
529.393 134.671 498.499 200.741 502.578 146.633 
529.338 134.668 498.471 200.718 503.305 146.628 
529.279 134.69 498.351 200.671 504.372 146.599 
529.104 134.66 498.328 200.479 505.699 146.778 
529.063 134.655 498.356 200.436 506.275 146.814 
528.87 134.649 498.403 200.322 507.279 146.763 
528.785 134.614 498.097 199.947 508.828 146.728 
528.747 134.537 497.903 199.729 509.346 146.654 
528.7 134.421 497.656 199.399 510.062 146.831 
528.585 134.13 497.398 199.057 510.326 147.25 
528.483 134.054 497.3 199.049 509.723 147.382 
528.404 134.009 497.133 199.199 508.16 147.447 
528.264 133.919 496.524 199.566 504.255 147.916 
528.167 133.878 496.218 199.818 502.366 148.278 
528.051 133.806 495.78 200.069 499.294 148.826 
527.756 133.777 495.198 200.825 494.639 149.677 
527.693 133.774 495.086 201.085 493.071 150.068 
527.616 133.789 495.096 201.509 491.192 150.432 
527.454 133.842 494.736 201.801 489.602 150.581 
527.415 133.793 494.611 201.784 488.985 150.6 
527.402 133.688 494.408 201.675 487.206 150.708 
527.383 133.511 494.662 201.775 482.277 150.409 
527.298 133.353 494.181 201.589 480.335 150.113 
527.343 132.97 493.42 201.1 477.609 149.555 
526.693 132.664 492.441 200.456 474.818 148.036 
526.664 132.564 492.064 200.288 473.157 147.416 
527.242 132.279 491.734 199.972 470.772 146.437 
527.432 131.619 491.201 199.403 467.193 145.613 
527.541 131.369 491.041 199.167 465.957 145.391 
527.621 131.075 490.767 198.81 464.391 144.93 
527.783 130.627 489.899 198.082 461.862 144.054 
527.879 130.426 489.468 197.711 460.566 143.688 
528.022 130.104 488.835 197.285 458.431 143.191 
528.397 129.75 487.915 196.663 455.136 142.128 
528.25 129.409 487.683 196.397 454.088 141.855 
528.358 129.138 487.303 196.068 452.938 141.481 
528.788 128.962 486.969 195.638 451.51 140.45 
528.547 128.689 486.865 195.484 450.895 140.17 
528.617 128.509 486.689 195.25 449.654 140.033 
528.779 128.204 486.168 195.016 446.934 140.161 
528.817 128.178 485.938 195.066 445.853 140.257 
529.08 128.39 485.75 195.308 444.344 140.69 
528.964 128.627 486.098 196.099 442.734 141.702 
528.805 128.703 486.386 196.542 442.464 142.308 
528.679 129.103 486.651 197.012 442.273 143.299 
528.667 129.282 487.005 197.43 441.863 145.422 
528.624 129.48 487.25 197.739 441.988 145.863 
528.569 129.752 487.512 198.118 442.192 146.093 
528.561 129.976 487.921 198.622 442.499 146.83 
528.589 130.025 488.05 198.78 442.301 147.241 
528.604 130.115 488.239 199.058 442.114 147.654 
528.665 130.345 488.707 199.504 442.173 148.286 
528.713 130.381 488.793 199.549 442.226 148.704 
528.762 130.457 488.723 199.695 442.413 149.007 
528.858 130.493 488.658 199.677 441.872 149.523 
528.82 130.515 488.743 199.836 441.729 149.878 
528.753 130.704 488.91 200.052 441.345 150.377 
528.734 130.752 488.925 200.145 441.039 151.001 
528.694 130.798 488.924 200.264 441.19 151.155 
528.625 130.905 489.046 200.453 441.602 150.988 
528.721 130.697 489.221 200.264 442.57 150.578 
528.7 130.653 489.178 200.14 443.085 150.406 
528.656 130.483 489.201 199.898 444.618 149.685 
528.784 130.373 489.507 199.406 448.206 148.574 
528.861 130.297 489.937 199.212 449.345 148.688 
528.971 130.18 490.456 199.143 451.316 148.472 
529.387 130.378 491.262 199.07 455.503 147.577 
529.484 130.372 491.792 199.076 456.786 147.685 
529.148 130.088 492.554 199.062 457.976 148.044 
529.049 129.994 493.431 199.187 460.612 147.625 
529.016 129.968 493.637 199.17 462.019 147.593 
528.981 129.888 494.033 199.186 464.285 147.649 
528.813 129.828 495.05 199.215 468.546 146.928 
528.793 129.81 495.488 199.128 470.304 146.457 
528.923 129.922 495.907 198.899 472.818 145.992 
528.898 129.865 496.743 198.638 476.319 145.359 
528.846 129.547 497.124 198.607 477.646 145.082 
528.747 129.451 497.638 198.515 478.471 144.472 
528.637 129.359 498.025 198.139 480.758 143.846 
528.499 129.296 498.2 198.074 481.657 143.653 
528.464 129.313 498.488 198.093 482.982 143.329 
528.546 129.529 499.393 198.278 485.343 143.045 
528.292 129.421 499.649 198.293 486.268 142.97 
528.27 129.428 499.826 198.208 487.275 142.877 
528.155 129.296 499.968 198.026 488.036 142.938 
528.251 129.372 499.99 198.034 488.333 142.845 
528.135 129.359 499.884 198.023 488.826 142.673 
527.982 129.32 499.869 197.889 490.226 142.698 
527.904 129.328 500.065 197.887 491.158 142.791 
527.684 129.228 500.316 197.841 492.757 142.72 
527.725 129.214 500.382 197.387 495.855 142.58 
527.535 129.031 500.424 197.216 497.036 142.596 
527.446 128.873 499.49 196.844 498.789 142.641 
527.345 128.693 499.732 196.692 501.069 142.487 
527.305 128.587 499.713 196.624 501.605 142.467 
527.177 128.369 499.612 196.553 502.106 142.439 
527.055 128.234 499.093 196.465 502.46 142.539 
526.956 128.223 498.987 196.548 502.513 142.643 
526.872 128.225 498.822 196.999 502.37 143.059 
526.789 128.482 498.705 197.634 501.682 144.281 
526.707 128.522 498.68 197.837 501.457 144.917 
526.56 128.591 498.621 198.166 501.257 145.771 
526.059 128.697 498.379 198.614 500.933 146.779 
525.908 128.753 498.27 198.769 500.793 147.029 
525.635 128.814 497.979 199.035 500.473 147.347 
525.108 128.916 497.446 199.335 499.475 147.934 
524.942 128.95 497.07 199.466 499.053 148.231 
524.62 128.948 496.652 199.606 498.265 148.764 
523.971 129.022 495.514 199.932 496.901 149.881 
523.712 129.031 495.119 200.048 496.25 150.416 
