491.192 198.927 467.758 275.707 426.323 288.697 
491.15 199.009 467.825 275.779 425.576 288.823 
491.085 199.109 467.893 275.862 424.518 288.869 
491.142 199.16 467.438 275.694 423.018 288.442 
490.887 199.29 467.15 275.592 422.322 288.32 
490.723 199.239 466.85 275.44 421.127 288.041 
490.633 199.211 466.457 275.196 419.132 287.514 
490.601 199.165 466.456 275.174 418.519 287.383 
490.727 199.131 466.535 275.219 417.855 287.23 
490.718 199.265 466.847 275.454 417.474 287.294 
490.431 199.531 467.076 275.631 417.36 287.478 
490.339 199.654 467.322 275.854 417.148 287.766 
490.352 199.863 467.597 276.105 416.948 287.934 
490.54 200.008 467.979 276.396 416.707 287.967 
490.323 200.144 468.163 276.466 416.53 287.856 
490.32 200.204 468.254 276.424 416.324 287.764 
490.324 200.269 468.373 276.336 415.869 287.455 
490.398 200.226 468.261 276.139 415.086 287.034 
490.415 200.141 468.05 275.819 414.61 286.639 
490.496 199.927 467.437 275.192 413.35 286.175 
490.642 199.469 466.983 274.526 411.46 285.527 
490.671 199.396 466.894 274.348 411.174 285.399 
490.808 199.098 466.459 273.717 410.017 284.882 
490.833 198.863 466.161 273.399 409.333 284.637 
491.023 198.74 466.483 273.299 408.615 284.587 
491.131 198.793 466.742 273.38 410.256 285.334 
491.174 198.876 467.04 273.538 410.534 286.084 
491.313 199.133 467.568 273.88 411.246 287.981 
491.335 199.232 467.893 274.093 411.367 289.133 
491.328 199.459 468.234 274.432 411.423 290.431 
491.421 199.634 468.354 274.539 411.383 291.288 
491.399 199.684 468.325 274.432 411.338 291.413 
491.661 199.475 468.281 274.222 410.916 291.75 
491.388 199.55 468.325 274.105 410.52 291.115 
491.612 199.582 468.176 274.055 410.301 290.633 
491.353 199.442 467.79 273.812 409.826 290.693 
491.333 199.317 467.607 273.706 409.428 290.262 
491.376 199.351 467.507 273.711 409.433 290.106 
491.378 199.299 467.337 273.68 409.641 290.388 
491.414 199.235 467.271 273.691 409.862 290.708 
491.403 199.189 467.254 273.797 410.102 290.781 
491.298 199.247 467.209 273.715 410.511 290.279 
491.214 199.043 466.985 273.551 411.033 289.621 
491.199 199.062 466.968 273.565 411.286 289.161 
491.28 198.996 466.988 273.59 411.965 288.585 
491.482 198.845 467.134 273.598 413.045 286.883 
491.417 198.655 467.149 273.649 414.265 286.566 
491.466 198.544 467.463 273.819 416.416 286.446 
491.954 198.397 468.163 274.269 420.657 285.32 
491.832 198.411 468.339 274.377 422.421 284.841 
492.04 198.397 468.802 274.592 425.023 284.152 
492.221 198.335 469.694 275.047 429.127 283.039 
492.337 198.227 469.969 275.135 430.635 282.829 
492.414 198.079 470.401 275.265 432.664 282.69 
492.485 197.966 470.919 275.559 435.947 281.617 
492.484 197.924 471.156 275.681 437.062 281.6 
492.469 197.912 471.678 275.991 438.669 281.561 
492.493 198.111 472.392 276.627 442.28 280.949 
492.5 198.158 472.763 276.814 443.988 281.171 
492.537 197.922 473.38 277.041 446.667 281.458 
492.01 198.023 474.052 277.399 449.502 281.083 
492.056 198.031 474.451 277.541 450.882 281.468 
492.569 198.17 474.966 277.816 452.43 281.807 
492.946 198.413 475.799 278.285 454.121 281.699 
492.87 198.428 476.071 278.295 455.333 281.535 
492.918 198.403 476.388 278.394 456.881 281.495 
493.121 198.539 476.899 278.559 459.51 281.679 
493.15 198.585 477.028 278.636 460.471 281.874 
493.178 198.672 477.41 278.845 461.619 281.999 
493.209 198.704 477.87 278.991 462.91 281.917 
493.208 198.674 477.986 278.994 463.806 282.06 
493.224 198.6 477.979 278.887 464.674 282.041 
493.375 198.568 477.902 278.807 466.375 282.177 
493.394 198.572 477.975 278.831 467.105 282.399 
493.436 198.564 478.217 278.906 468.168 282.653 
493.546 198.596 478.657 279.039 469.963 283.058 
493.57 198.586 478.818 279.067 470.416 283.201 
493.626 198.542 479.016 279.104 470.746 283.307 
493.76 198.489 478.907 279.003 470.87 283.224 
493.789 198.454 478.742 278.909 470.814 283.236 
493.873 198.312 478.299 278.656 470.613 283.534 
494.162 198.202 478.151 278.53 470.157 283.594 
493.98 198.268 478.17 278.545 470.088 283.631 
494.063 198.26 478.328 278.546 469.8 283.716 
494.412 198.115 478.532 278.542 469.339 283.758 
494.437 198.112 478.561 278.546 469.231 283.748 
494.363 198.109 478.744 278.554 468.622 283.711 
494.374 197.899 478.938 278.56 467.416 283.458 
494.446 197.906 478.977 278.544 467.076 283.242 
494.545 197.857 479.072 278.493 466.278 282.789 
494.579 197.752 479.068 278.42 465.713 282.563 
494.871 197.721 479.437 278.467 464.557 282.533 
494.93 197.743 479.59 278.536 464.007 282.416 
495.001 197.754 479.727 278.575 463.047 282.128 
495.294 197.678 479.702 278.512 462.137 281.959 
495.356 197.653 479.409 278.364 460.298 281.64 
495.319 197.604 479.243 278.226 459.517 281.443 
495.326 197.569 478.989 278.086 458.363 281.109 
494.453 197.405 478.519 277.879 455.774 280.664 
494.475 197.393 478.284 277.791 454.688 280.637 
494.468 197.341 477.919 277.655 453.272 280.373 
494.474 197.305 477.225 277.339 451.734 279.764 
494.481 197.297 477.026 277.258 451.398 279.755 
494.476 197.292 476.89 277.205 450.555 279.813 
494.455 197.418 476.63 277.218 450.227 280.631 
495.173 197.438 476.452 277.242 449.406 280.58 
495.172 197.655 476.053 277.112 448.329 280.479 
495.005 197.67 475.326 276.826 446.493 280.302 
494.995 197.644 474.878 276.681 445.808 280.339 
494.958 197.664 474.306 276.428 444.771 280.323 
494.915 197.714 473.737 276.217 443.148 279.911 
494.906 197.762 473.465 276.108 442.5 279.779 
494.897 197.793 472.964 275.935 441.302 279.548 
494.926 197.629 472.286 275.477 438.786 279.624 
494.947 197.588 471.979 275.332 437.817 279.7 
494.968 197.555 471.534 275.068 436.333 279.715 
495.006 197.62 470.806 274.812 434.145 280.079 
494.969 197.706 470.584 274.743 433.271 280.389 
494.983 197.659 470.274 274.592 431.695 280.929 
495.005 197.629 469.677 274.293 429.775 281.693 
495.024 197.673 469.36 274.068 429.041 281.418 
495.012 197.58 468.751 273.656 427.805 281.234 
494.962 197.288 467.872 273.038 425.243 281.281 
494.981 197.208 467.585 272.789 424.129 280.758 
494.993 196.966 466.913 272.296 422.731 280.128 
494.909 196.487 465.822 271.269 422.134 280.199 
494.936 196.413 465.686 271.08 421.54 279.937 
494.877 196.405 465.719 271.052 421.15 279.794 
495.0 196.112 465.827 270.924 421.086 280.649 
494.877 196.281 466.066 271.082 421.252 280.772 
494.853 196.595 466.463 271.415 421.501 281.201 
494.978 196.6 466.8 271.475 421.752 282.409 
495.001 196.623 466.861 271.453 421.776 282.496 
495.322 196.521 466.975 271.36 421.565 282.282 
495.461 196.151 466.82 270.734 420.733 282.005 
495.38 196.106 466.701 270.549 420.448 281.468 
495.578 196.03 466.53 270.279 419.901 280.55 
495.542 195.667 466.485 269.847 419.279 279.89 
495.512 195.556 466.492 269.746 419.085 279.756 
495.483 195.63 466.545 269.802 419.083 279.56 
495.561 195.916 467.048 270.337 419.68 279.603 
495.273 196.06 467.226 270.497 419.82 280.08 
495.126 196.239 467.552 270.733 420.162 280.849 
494.856 196.775 467.957 271.244 420.335 281.187 
494.759 196.889 468.186 271.381 420.508 281.348 
494.716 196.936 468.383 271.38 420.748 281.779 
494.66 197.022 468.385 271.466 420.684 282.271 
494.623 197.065 468.583 271.543 420.72 282.246 
494.669 196.97 468.765 271.515 420.874 282.502 
494.718 197.053 468.685 271.552 421.576 282.872 
494.75 197.002 468.861 271.65 421.801 282.959 
494.739 196.975 468.945 271.789 422.081 283.04 
494.643 197.105 468.994 272.056 422.928 282.699 
494.637 197.116 469.075 272.2 423.542 282.683 
494.913 197.105 469.343 272.551 424.608 282.996 
494.926 197.238 469.706 272.949 426.308 283.594 
494.9 197.281 469.824 273.111 426.886 283.741 
494.643 197.521 470.069 273.403 427.731 283.573 
494.785 197.299 470.152 273.508 429.667 283.057 
494.504 197.362 470.243 273.59 430.788 282.941 
494.537 197.408 470.877 273.967 432.484 282.935 
494.613 197.587 472.293 274.944 435.228 283.917 
494.62 197.674 472.927 275.398 434.71 283.663 
494.613 197.881 473.785 276.007 436.452 283.446 
494.705 198.286 475.055 276.922 438.898 283.29 
494.701 198.436 475.572 277.277 440.0 283.32 
494.689 198.53 476.512 277.774 441.712 283.013 
494.669 198.776 477.759 278.541 445.615 282.542 
494.725 198.783 478.353 278.764 447.14 282.533 
494.779 198.843 479.262 279.121 449.254 282.362 
494.311 198.781 480.148 279.442 452.756 282.069 
494.377 198.729 480.446 279.463 454.229 282.173 
494.508 198.743 481.2 279.75 454.703 281.476 
495.474 199.021 482.123 280.066 458.383 280.368 
495.578 198.984 482.277 280.108 459.666 280.033 
495.515 198.949 482.638 280.096 461.66 279.706 
495.673 198.772 482.942 279.982 463.747 279.364 
495.734 198.701 482.974 279.911 464.337 279.085 
496.035 198.518 483.067 279.792 465.444 278.411 
496.029 198.453 483.24 279.672 467.074 277.653 
496.095 198.415 483.357 279.678 467.585 277.507 
496.15 198.421 483.492 279.713 468.493 276.853 
496.385 198.466 483.636 279.701 470.099 275.981 
496.448 198.412 483.744 279.641 470.546 275.976 
496.511 198.361 483.919 279.637 471.06 275.912 
496.597 198.298 484.191 279.65 472.116 275.132 
496.83 198.218 484.263 279.651 472.643 275.053 
496.898 198.191 484.486 279.681 473.663 274.98 
496.83 198.335 484.969 279.866 475.795 275.067 
496.988 198.248 485.127 279.925 476.679 275.165 
497.042 198.277 485.289 280.017 478.078 275.203 
496.871 198.344 485.389 279.995 480.36 275.206 
496.839 198.329 485.543 280.022 481.016 275.287 
497.033 198.341 485.99 280.206 481.495 275.756 
496.988 198.492 486.268 280.479 481.091 276.248 
496.955 198.529 486.16 280.515 480.739 276.354 
496.879 198.56 486.199 280.588 479.92 276.663 
496.738 198.602 486.308 280.716 478.516 276.966 
496.485 198.689 486.327 280.738 477.829 277.038 
496.465 198.731 486.317 280.761 476.953 277.421 
496.458 198.863 486.409 280.85 475.904 277.642 
496.478 198.878 486.394 280.859 475.834 277.711 
496.575 198.859 486.392 280.816 475.633 278.03 
496.633 198.726 486.337 280.665 475.125 278.002 
496.841 198.563 486.014 280.434 474.117 277.534 
496.873 198.515 485.898 280.281 473.944 277.429 
496.931 198.372 485.505 280.037 472.963 276.956 
496.975 198.343 485.265 279.919 471.921 276.644 
497.029 198.284 484.931 279.734 469.999 276.353 
497.031 198.289 484.699 279.71 469.152 276.21 
497.117 198.273 484.405 279.659 467.886 276.067 
496.49 198.031 484.048 279.529 466.545 276.252 
496.481 197.928 483.168 279.223 463.694 275.831 
497.113 198.043 482.866 279.104 462.508 275.666 
496.971 197.969 482.417 278.913 460.856 275.367 
496.803 197.595 481.643 278.626 458.973 274.707 
496.459 197.688 481.12 278.521 457.308 274.048 
496.392 197.702 481.07 278.528 457.131 274.102 
496.027 197.634 480.742 278.334 456.249 274.21 
496.0 197.668 480.638 278.331 455.697 274.174 
495.905 197.763 480.539 278.393 454.606 274.252 
495.783 197.735 480.323 278.298 453.633 274.684 
495.715 197.869 479.922 278.241 452.636 274.796 
496.508 197.969 479.414 278.114 451.979 274.942 
496.241 198.214 478.831 277.926 450.014 274.47 
496.113 198.087 478.4 277.669 448.458 274.29 
496.062 198.039 477.973 277.481 446.83 274.127 
495.991 198.108 477.705 277.375 445.879 273.973 
496.365 198.078 477.381 277.154 444.829 274.331 
496.173 198.173 477.15 277.089 443.093 275.048 
496.119 198.296 477.01 277.092 441.844 274.947 
496.109 198.418 476.797 277.055 440.598 274.759 
496.087 198.366 476.402 276.863 440.469 275.947 
496.258 198.339 475.977 276.78 439.434 275.845 
496.252 198.349 475.602 276.565 438.354 275.546 
496.236 198.001 475.058 276.129 436.776 276.629 
496.231 197.918 474.695 275.84 435.467 276.897 
496.16 197.924 474.444 275.707 434.184 276.988 
495.798 197.961 473.904 275.398 432.665 277.633 
495.656 197.796 473.397 275.151 431.473 278.389 
495.638 198.032 473.077 275.172 430.587 278.579 
495.487 198.118 472.816 275.134 429.785 278.627 
495.272 197.929 472.508 274.954 429.23 279.302 
495.416 198.05 472.445 275.048 428.807 279.994 
495.326 198.14 472.453 275.23 428.579 280.112 
494.939 198.381 472.628 275.388 428.45 280.399 
494.854 198.382 472.411 275.347 428.234 280.93 
494.692 198.375 472.155 275.25 427.899 281.071 
494.626 198.301 471.971 275.077 427.488 280.777 
494.608 198.066 471.794 274.857 427.057 280.717 
494.688 197.913 471.694 274.58 426.871 280.814 
494.773 197.723 471.541 274.36 426.618 280.992 
494.795 197.652 471.301 274.193 426.428 281.116 
494.747 197.673 471.077 274.065 426.141 281.136 
494.695 197.468 470.515 273.869 425.026 281.201 
494.604 197.531 470.365 273.837 424.726 281.087 
494.49 197.398 470.27 273.755 424.411 281.361 
494.047 197.438 470.457 273.955 424.755 281.585 
493.885 197.594 470.912 274.362 425.881 281.003 
493.835 197.541 471.024 274.453 426.557 281.019 
493.741 197.544 471.434 274.729 428.32 281.041 
493.699 197.553 471.658 274.845 430.902 280.401 
493.645 197.531 471.707 274.832 431.388 280.356 
493.614 197.321 472.182 274.828 433.022 280.976 
493.521 197.313 472.431 275.008 434.312 281.659 
493.458 197.495 472.782 275.311 436.361 281.561 
493.416 197.527 472.908 275.394 437.688 281.536 
493.366 197.527 473.075 275.564 439.026 282.078 
493.238 197.553 473.187 275.605 438.895 281.256 
493.199 197.477 473.291 275.673 441.955 281.383 
493.207 197.386 473.436 275.709 443.041 281.819 
493.062 197.436 473.471 275.785 444.639 281.557 
493.06 197.492 473.549 275.862 447.833 281.066 
492.998 197.418 473.601 275.817 448.96 281.667 
492.23 197.142 473.677 275.877 449.13 282.005 
492.153 197.312 473.717 276.032 452.633 281.812 
492.874 197.61 474.068 276.186 453.823 282.073 
492.833 197.637 474.412 276.431 455.378 282.547 
492.702 197.679 474.465 276.524 458.119 282.278 
492.905 197.635 474.543 276.564 459.314 282.243 
492.858 197.653 474.877 276.72 460.296 282.215 
492.583 197.846 474.875 276.833 462.029 281.749 
492.538 197.897 474.843 276.87 462.71 281.711 
492.687 197.895 474.986 276.941 464.135 281.682 
492.465 198.101 475.318 277.16 465.728 281.485 
492.388 198.162 475.471 277.25 467.804 281.464 
492.401 198.126 475.52 277.234 468.648 281.548 
492.658 198.059 475.726 277.359 469.765 281.774 
492.412 198.314 476.062 277.646 470.316 281.046 
492.403 198.341 476.074 277.69 470.412 280.825 
492.269 198.401 475.995 277.746 471.367 280.447 
492.254 198.448 476.036 277.851 472.289 280.433 
492.267 198.701 476.342 278.199 474.112 280.15 
492.221 198.85 476.593 278.403 475.525 279.825 
492.193 198.961 476.818 278.538 476.983 279.525 
492.154 199.087 477.067 278.773 478.633 279.245 
492.173 199.155 476.544 278.608 479.968 279.069 
492.224 199.156 476.59 278.711 481.153 279.065 
492.232 199.172 476.494 278.633 482.508 279.325 
492.203 199.137 476.493 278.621 483.221 279.511 
492.322 199.146 476.738 278.573 485.002 279.853 
492.411 199.156 476.749 278.626 486.341 279.917 
492.42 199.267 476.802 278.618 487.705 279.959 
492.442 199.304 476.894 278.659 488.092 279.953 
492.459 199.318 476.91 278.673 488.22 279.98 
492.48 199.17 476.723 278.543 488.045 280.145 
492.502 199.145 476.661 278.552 487.665 280.169 
492.448 199.115 476.587 278.551 486.587 280.069 
492.437 199.198 476.355 278.512 484.554 280.088 
492.355 199.131 476.072 278.44 482.656 280.079 
492.313 199.091 475.513 278.349 480.631 280.09 
492.185 199.072 475.217 278.14 477.326 280.206 
492.129 199.055 475.977 278.521 476.203 280.093 
492.02 199.123 476.057 278.598 474.925 280.16 
491.929 199.17 476.0 278.635 474.162 280.03 
491.69 199.184 475.754 278.633 473.556 280.106 
491.572 199.174 475.622 278.628 473.266 280.309 
491.36 199.123 475.351 278.546 472.811 280.44 
490.962 199.115 474.822 278.492 471.362 280.755 
490.884 199.091 474.555 278.41 470.381 280.785 
490.816 199.025 474.249 278.24 468.96 281.216 
490.727 198.665 473.715 277.942 465.785 282.522 
491.001 198.462 473.323 277.621 464.27 282.952 
490.857 198.376 472.756 277.278 461.876 283.174 
490.923 198.175 471.365 276.594 457.543 283.214 
490.965 198.082 470.813 276.307 455.395 282.992 
490.971 197.918 470.04 275.786 452.2 282.588 
490.252 197.316 469.073 274.973 448.857 282.121 
490.942 197.298 468.723 274.678 447.362 281.888 
491.081 197.113 468.304 274.373 445.682 281.661 
491.107 197.019 467.877 273.862 443.142 281.671 
491.141 196.939 467.777 273.753 441.944 282.102 
491.209 196.908 467.538 273.584 439.896 282.727 
491.484 196.87 466.639 273.113 435.504 282.833 
491.503 196.883 466.077 272.888 433.679 282.495 
491.513 196.922 465.324 272.536 431.118 281.85 
491.566 196.697 464.721 271.912 427.827 280.85 
491.657 196.684 464.743 271.824 427.077 280.554 
491.857 196.854 464.872 271.777 426.335 280.227 
492.235 196.809 464.961 271.597 425.712 280.084 
492.325 196.825 464.937 271.546 425.394 280.251 
492.415 196.847 464.689 271.238 424.346 280.29 
492.697 196.457 464.076 270.566 421.498 281.382 
492.991 196.339 463.814 270.334 420.336 281.57 
493.077 196.289 463.466 269.934 420.248 281.846 
493.091 196.729 463.411 269.962 419.153 281.981 
493.139 196.675 463.423 269.941 418.886 282.786 
493.141 196.701 463.643 270.222 419.056 284.264 
493.108 197.29 464.578 271.029 419.862 284.788 
493.078 197.441 464.752 271.203 420.329 285.223 
493.031 197.62 464.678 271.233 420.603 285.774 
493.09 197.566 464.8 271.223 419.764 285.898 
493.065 197.575 464.855 271.162 419.441 285.572 
493.073 197.421 464.75 271.014 419.057 285.183 
493.139 197.416 465.059 271.019 419.908 283.901 
493.188 197.404 465.232 271.049 420.4 283.533 
493.257 197.314 465.429 271.099 421.083 283.443 
493.39 197.364 466.04 271.388 422.599 282.814 
493.383 197.419 466.126 271.454 423.167 282.537 
493.402 197.386 466.414 271.572 424.367 282.142 
493.534 197.356 466.719 271.67 425.453 280.957 
493.579 197.428 466.855 271.846 426.659 280.939 
493.604 197.548 467.155 272.051 428.304 280.862 
493.973 197.436 467.608 272.471 430.346 280.875 
493.955 197.502 467.626 272.603 431.466 280.641 
493.895 197.56 467.71 272.675 432.948 280.161 
493.853 197.582 467.868 272.88 434.678 279.872 
493.835 197.53 467.917 272.863 435.106 279.708 
493.599 197.482 467.926 272.847 436.281 279.569 
493.589 197.505 468.246 272.992 439.337 279.093 
493.597 197.498 468.403 273.108 440.295 279.089 
493.634 197.553 468.612 273.299 441.467 279.434 
493.647 197.625 468.587 273.465 442.956 279.381 
493.604 197.604 468.586 273.508 443.432 279.207 
493.504 197.585 468.673 273.549 444.299 278.747 
493.68 197.419 468.805 273.526 445.942 278.244 
493.632 197.419 468.88 273.575 446.654 278.214 
493.525 197.458 469.031 273.687 447.704 278.056 
492.653 197.308 469.356 273.857 447.803 277.263 
492.613 197.303 469.453 273.925 448.429 277.225 
492.508 197.312 469.538 273.962 449.332 277.339 
492.781 197.515 469.812 274.177 451.23 277.555 
492.91 197.54 469.973 274.357 452.064 277.485 
492.894 197.77 470.142 274.515 453.429 277.558 
492.833 197.946 470.371 274.777 455.553 277.648 
492.803 197.975 470.452 274.817 456.308 277.623 
492.721 197.913 470.511 274.839 457.383 277.578 
491.878 197.678 470.647 274.918 459.598 277.703 
492.458 197.987 470.756 275.021 460.47 277.707 
492.355 198.075 470.971 275.244 462.116 277.6 
492.205 198.206 471.41 275.588 465.725 277.84 
492.355 198.199 471.523 275.696 467.027 278.118 
492.05 198.329 471.91 276.03 468.783 278.649 
491.868 198.513 472.195 276.382 470.709 279.529 
491.802 198.572 472.288 276.495 471.015 279.72 
491.703 198.673 472.37 276.693 471.176 279.976 
491.482 198.8 471.555 276.526 471.451 280.224 
491.423 198.816 471.458 276.54 471.635 280.375 
491.322 198.807 471.358 276.584 471.959 280.47 
491.21 198.826 471.32 276.654 472.974 280.614 
491.157 198.832 471.294 276.674 473.653 280.616 
491.103 198.857 471.186 276.732 474.646 280.569 
490.933 198.889 471.163 276.81 475.913 280.77 
490.894 198.904 471.19 276.852 476.458 280.833 
490.711 198.983 471.232 276.892 477.4 280.889 
490.638 199.133 470.933 276.933 478.857 281.023 
490.597 199.124 470.739 276.905 479.338 281.031 
490.544 199.102 470.483 276.803 480.048 281.409 
490.404 198.937 470.22 276.731 480.381 282.188 
490.302 198.946 470.129 276.742 479.842 282.398 
490.228 199.007 469.985 276.8 478.408 282.658 
490.093 199.096 469.436 276.834 474.844 283.339 
490.001 199.153 469.165 276.873 473.13 283.717 
489.887 199.182 468.758 276.775 470.333 284.21 
489.617 199.432 468.25 276.783 466.085 284.836 
489.56 199.495 468.158 276.794 464.661 285.069 
489.492 199.581 468.196 276.882 462.938 285.215 
489.347 199.709 467.864 276.798 461.447 285.078 
489.305 199.698 467.741 276.732 460.872 285.076 
489.286 199.676 467.525 276.507 459.237 285.301 
489.258 199.663 467.779 276.638 454.606 285.186 
489.163 199.615 467.297 276.37 452.758 285.006 
489.17 199.375 466.513 275.84 450.132 284.519 
488.486 198.921 465.504 275.167 447.377 283.842 
488.448 198.866 465.124 274.962 445.727 283.232 
488.983 198.667 464.769 274.639 443.334 282.187 
489.125 198.521 464.187 274.032 439.84 281.29 
489.208 198.37 464.002 273.782 438.646 281.08 
489.254 198.137 463.693 273.401 437.102 280.613 
489.365 197.804 462.773 272.644 434.587 279.747 
489.438 197.66 462.318 272.294 433.311 279.393 
489.548 197.472 461.663 271.869 431.214 278.824 
489.868 197.101 460.698 271.113 427.911 277.522 
489.705 197.061 460.444 270.864 426.879 277.258 
489.787 196.921 460.043 270.566 425.731 276.865 
490.186 196.764 459.677 270.233 424.211 275.821 
489.938 196.771 459.563 270.136 423.588 275.575 
489.993 196.707 459.365 269.916 422.389 275.396 
490.132 196.656 458.821 269.465 419.796 275.131 
490.172 196.7 458.594 269.333 418.753 274.91 
490.444 196.754 458.421 269.254 417.339 274.819 
490.364 197.049 458.804 269.44 415.857 274.714 
490.23 197.275 459.119 269.682 415.657 274.916 
490.145 197.517 459.422 270.017 415.627 275.741 
490.142 197.524 459.814 270.429 415.617 277.944 
490.131 197.797 460.083 270.676 415.798 278.285 
490.106 197.991 460.376 270.978 416.013 278.375 
490.125 198.193 460.805 271.202 416.384 278.741 
490.155 198.205 460.941 271.292 416.249 278.994 
490.181 198.307 461.146 271.431 416.11 279.129 
490.262 198.43 461.626 271.646 416.235 279.438 
490.308 198.408 461.711 271.669 416.361 279.891 
490.371 198.536 461.657 271.724 416.585 280.158 
490.466 198.544 461.587 271.626 416.153 280.577 
490.432 198.568 461.678 271.662 416.06 280.772 
490.381 198.638 461.852 271.743 415.758 281.056 
490.363 198.603 461.871 271.747 415.566 281.587 
490.33 198.674 461.885 271.848 415.74 281.78 
490.278 198.798 462.033 272.114 416.116 281.752 
490.361 198.779 462.203 272.265 417.024 281.905 
490.339 198.802 462.16 272.294 417.516 282.035 
490.283 198.728 462.174 272.331 418.896 281.831 
490.397 198.662 462.449 272.447 422.229 281.957 
490.465 198.613 462.859 272.623 423.387 282.654 
490.569 198.633 463.381 273.028 425.286 283.157 
491.001 198.851 464.199 273.722 429.202 283.415 
491.105 198.976 464.729 274.076 430.481 284.031 
490.775 199.126 465.484 274.523 431.72 284.95 
490.693 199.374 466.377 275.236 434.197 285.195 
490.663 199.421 466.59 275.452 435.545 285.486 
490.629 199.461 467.0 275.872 437.739 286.109 
490.487 199.784 468.024 276.64 441.705 286.24 
490.476 199.905 468.458 276.955 443.327 286.238 
490.61 199.938 468.875 277.34 445.68 286.459 
490.605 200.22 469.706 278.031 448.962 286.837 
490.529 200.089 470.085 278.291 450.185 286.798 
490.452 200.398 470.586 278.562 450.85 286.049 
490.338 200.372 470.949 278.771 452.952 285.993 
490.203 200.412 471.12 278.892 453.778 285.944 
490.178 200.504 471.415 279.166 454.993 285.865 
490.281 200.679 472.329 279.843 457.19 285.908 
490.042 200.853 472.585 280.028 458.058 285.982 
490.026 200.921 472.759 280.163 459.004 286.081 
489.901 200.831 472.887 280.209 459.739 286.303 
489.99 200.734 472.91 280.237 460.006 286.237 
489.878 200.741 472.811 280.241 460.433 285.979 
489.724 200.72 472.796 280.303 461.753 286.101 
489.655 200.801 472.99 280.423 462.645 286.28 
489.444 200.916 473.237 280.59 464.135 286.291 
489.48 200.873 473.282 280.641 467.042 286.518 
489.288 200.903 473.318 280.69 468.161 286.701 
489.192 200.879 472.403 280.386 469.818 286.917 
489.084 200.869 472.645 280.648 471.945 287.0 
489.038 200.839 472.625 280.67 472.448 287.05 
488.897 200.767 472.531 280.706 472.924 287.17 
488.768 200.723 472.039 280.665 473.273 287.326 
488.675 200.777 471.946 280.691 473.331 287.36 
488.597 200.827 471.836 280.935 473.245 287.67 
488.543 201.018 471.787 281.283 472.745 288.604 
488.47 201.076 471.784 281.406 472.618 289.187 
488.336 201.157 471.761 281.589 472.547 290.028 
487.873 201.418 471.579 281.849 472.374 290.922 
487.733 201.47 471.494 281.945 472.274 291.131 
487.474 201.537 471.245 282.061 472.01 291.346 
486.977 201.683 470.776 282.202 471.144 291.72 
486.821 201.745 470.434 282.243 470.789 291.978 
486.513 201.821 470.053 282.262 470.117 292.362 
485.901 202.034 469.013 282.321 468.983 293.245 
485.656 202.129 468.651 282.331 468.445 293.699 
