574.765 250.366 549.556 314.187 512.964 300.89 
574.724 250.457 549.608 314.308 512.323 301.089 
574.665 250.596 549.661 314.473 511.426 301.263 
574.71 250.826 549.292 314.498 510.199 301.132 
574.49 250.9 549.058 314.469 509.622 301.112 
574.359 250.932 548.819 314.428 508.639 301.035 
574.287 251.02 548.51 314.424 507.005 300.915 
574.264 251.045 548.512 314.483 506.501 300.926 
574.373 251.193 548.577 314.646 505.958 300.992 
574.359 251.498 548.825 315.05 505.639 301.385 
574.103 251.711 549.006 315.281 505.529 301.684 
574.019 251.916 549.198 315.587 505.33 302.15 
574.016 252.165 549.413 315.941 505.152 302.532 
574.165 252.534 549.717 316.452 504.957 303.007 
573.975 252.645 549.868 316.614 504.822 303.087 
573.97 252.781 549.951 316.713 504.662 303.236 
573.97 252.904 550.06 316.837 504.313 303.28 
574.036 252.981 549.985 316.848 503.695 303.172 
574.056 252.951 549.833 316.649 503.331 302.948 
574.139 252.834 549.367 316.244 502.313 302.741 
574.292 252.538 549.038 315.815 500.782 302.467 
574.321 252.493 548.977 315.689 500.553 302.401 
574.456 252.296 548.661 315.271 499.628 302.161 
574.494 252.155 548.437 315.089 499.077 302.112 
574.661 252.138 548.718 315.163 498.484 302.378 
574.747 252.224 548.931 315.292 499.798 302.898 
574.777 252.329 549.17 315.488 499.968 303.658 
574.875 252.592 549.59 315.89 500.402 305.44 
574.887 252.691 549.848 316.092 500.401 306.489 
574.866 252.882 550.11 316.435 500.334 307.726 
574.931 253.059 550.206 316.655 500.229 308.676 
574.91 253.112 550.19 316.622 500.181 308.862 
575.143 253.058 550.17 316.49 499.796 309.242 
574.91 253.016 550.218 316.51 499.525 308.943 
575.094 253.128 550.097 316.488 499.385 308.546 
574.888 252.929 549.79 316.245 498.975 308.515 
574.879 252.761 549.642 316.067 498.675 308.053 
574.912 252.771 549.557 316.024 498.692 307.853 
574.917 252.679 549.414 315.926 498.839 307.962 
574.951 252.568 549.356 315.81 498.992 308.056 
574.944 252.49 549.333 315.801 499.184 307.969 
574.852 252.482 549.299 315.659 499.571 307.361 
574.796 252.198 549.121 315.352 500.063 306.498 
574.782 252.147 549.104 315.304 500.317 305.993 
574.852 252.007 549.117 315.182 500.937 305.273 
575.028 251.71 549.234 314.898 501.994 303.477 
574.986 251.515 549.241 314.792 503.047 302.925 
575.034 251.338 549.488 314.677 504.864 302.356 
575.448 251.172 550.036 314.606 508.531 300.635 
575.344 251.049 550.172 314.52 510.058 299.944 
575.516 250.94 550.542 314.429 512.309 298.941 
575.669 250.748 551.251 314.335 515.86 297.32 
575.772 250.626 551.473 314.211 517.148 296.86 
575.845 250.444 551.823 314.058 518.868 296.375 
575.911 250.28 552.232 313.94 521.727 294.994 
575.913 250.244 552.421 313.918 522.668 294.788 
575.901 250.218 552.835 313.991 524.027 294.532 
575.907 250.364 553.383 314.186 527.127 293.606 
575.909 250.394 553.679 314.194 528.551 293.58 
575.958 250.321 554.18 314.184 530.791 293.538 
575.513 250.305 554.716 314.195 533.221 293.059 
575.551 250.306 555.04 314.196 534.357 293.246 
575.966 250.472 555.453 314.3 535.64 293.391 
576.262 250.622 556.119 314.562 537.079 293.161 
576.196 250.516 556.347 314.488 538.119 292.935 
576.238 250.49 556.605 314.468 539.434 292.811 
576.397 250.564 557.022 314.42 541.648 292.801 
576.417 250.58 557.125 314.429 542.447 292.912 
576.434 250.627 557.431 314.533 543.41 292.982 
576.457 250.646 557.807 314.576 544.513 292.869 
576.458 250.63 557.905 314.535 545.261 292.93 
576.477 250.584 557.905 314.377 545.999 292.868 
576.604 250.564 557.845 314.185 547.431 292.891 
576.62 250.572 557.904 314.16 548.035 293.055 
576.655 250.566 558.102 314.168 548.917 293.237 
576.744 250.589 558.463 314.197 550.411 293.552 
576.765 250.58 558.597 314.213 550.785 293.673 
576.815 250.552 558.761 314.237 551.058 293.761 
576.929 250.543 558.677 314.137 551.169 293.674 
576.956 250.518 558.544 314.047 551.12 293.679 
577.035 250.404 558.189 313.837 550.927 293.935 
577.283 250.373 558.074 313.794 550.536 294.042 
577.127 250.346 558.089 313.824 550.474 294.088 
577.196 250.337 558.224 313.874 550.223 294.219 
577.496 250.245 558.396 313.901 549.829 294.287 
577.517 250.234 558.421 313.908 549.738 294.279 
577.454 250.116 558.575 313.911 549.223 294.209 
577.477 249.925 558.739 313.962 548.218 294.024 
577.537 249.927 558.774 313.964 547.946 293.87 
577.622 249.867 558.858 313.982 547.304 293.536 
577.657 249.758 558.861 313.962 546.842 293.386 
577.9 249.685 559.171 314.056 545.864 293.437 
577.947 249.683 559.295 314.14 545.406 293.358 
578.006 249.665 559.408 314.215 544.614 293.173 
578.254 249.645 559.393 314.203 543.856 293.072 
578.307 249.619 559.157 314.143 542.32 292.829 
578.28 249.572 559.028 314.054 541.674 292.707 
578.288 249.52 558.823 313.979 540.722 292.48 
577.574 249.352 558.443 313.884 538.563 292.186 
577.593 249.331 558.251 313.836 537.644 292.187 
577.591 249.273 557.954 313.748 536.466 291.988 
577.599 249.221 557.392 313.523 535.212 291.51 
577.605 249.209 557.229 313.468 534.928 291.496 
577.601 249.188 557.119 313.43 534.21 291.566 
577.574 249.228 556.899 313.464 533.86 292.034 
578.168 249.311 556.746 313.496 533.168 292.018 
578.151 249.365 556.42 313.419 532.264 291.955 
578.01 249.254 555.828 313.206 530.723 291.825 
578.004 249.217 555.46 313.095 530.14 291.85 
577.972 249.207 554.998 312.912 529.263 291.85 
577.932 249.208 554.534 312.793 527.924 291.589 
577.921 249.222 554.312 312.722 527.387 291.496 
577.911 249.225 553.904 312.611 526.393 291.341 
577.946 249.093 553.366 312.238 524.257 291.423 
577.966 249.047 553.118 312.142 523.43 291.515 
577.986 249.011 552.764 311.971 522.175 291.602 
578.013 249.065 552.171 311.864 520.295 292.035 
577.977 249.13 551.989 311.849 519.53 292.34 
577.992 249.107 551.741 311.773 518.152 292.867 
578.012 249.075 551.261 311.621 516.464 293.616 
578.024 249.101 551.012 311.474 515.869 293.457 
578.021 249.04 550.53 311.148 514.84 293.351 
578.0 248.804 549.839 310.695 512.672 293.541 
578.021 248.753 549.616 310.505 511.778 293.191 
578.047 248.596 549.088 310.12 510.655 292.762 
578.011 248.169 548.25 309.349 510.143 292.807 
578.038 248.109 548.151 309.259 509.669 292.765 
577.99 248.137 548.183 309.357 509.358 292.896 
578.114 248.051 548.287 309.414 509.238 293.973 
577.999 248.103 548.477 309.625 509.371 294.237 
577.958 248.406 548.787 310.001 509.548 294.761 
578.062 248.478 549.069 310.183 509.658 295.955 
578.08 248.483 549.123 310.236 509.673 296.115 
578.354 248.496 549.228 310.237 509.516 296.042 
578.494 248.143 549.147 309.78 508.84 295.943 
578.429 248.078 549.062 309.672 508.649 295.56 
578.599 248.055 548.94 309.479 508.27 294.863 
578.595 247.828 548.937 309.191 507.806 294.442 
578.578 247.765 548.951 309.14 507.655 294.374 
578.549 247.846 548.992 309.234 507.674 294.287 
578.596 248.252 549.375 309.794 508.178 294.489 
578.347 248.33 549.514 309.964 508.255 294.95 
578.213 248.49 549.772 310.266 508.479 295.729 
577.953 248.977 550.076 310.896 508.603 296.325 
577.865 249.084 550.261 311.102 508.739 296.576 
577.827 249.152 550.428 311.213 508.906 297.04 
577.775 249.245 550.425 311.342 508.81 297.535 
577.742 249.29 550.585 311.425 508.844 297.551 
577.786 249.236 550.74 311.402 508.951 297.752 
577.821 249.266 550.67 311.38 509.508 297.91 
577.851 249.219 550.81 311.41 509.688 297.908 
577.843 249.163 550.868 311.432 509.914 297.829 
577.753 249.166 550.886 311.479 510.653 297.252 
577.747 249.144 550.942 311.52 511.17 297.098 
577.977 249.174 551.138 311.663 512.038 297.117 
577.977 249.126 551.409 311.738 513.414 297.231 
577.953 249.114 551.495 311.771 513.886 297.205 
577.721 249.141 551.677 311.875 514.611 296.854 
577.855 249.016 551.734 311.708 516.286 296.058 
577.615 248.925 551.804 311.693 517.241 295.816 
577.639 248.935 552.307 311.84 518.672 295.584 
577.69 249.02 553.422 312.393 520.902 296.046 
577.689 249.075 553.921 312.691 520.489 295.972 
577.669 249.243 554.597 313.109 521.98 295.689 
577.718 249.548 555.599 313.761 524.063 295.447 
577.704 249.642 556.008 314.04 524.994 295.427 
577.687 249.73 556.764 314.4 526.468 295.13 
577.654 249.931 557.758 314.901 529.812 294.534 
577.7 249.92 558.242 315.02 531.103 294.436 
577.74 249.952 558.982 315.21 532.908 294.203 
577.356 249.926 559.705 315.279 535.896 293.689 
577.415 249.858 559.953 315.201 537.134 293.611 
577.522 249.82 560.568 315.328 537.596 293.201 
578.304 250.041 561.323 315.36 540.803 292.083 
578.392 249.972 561.449 315.304 541.916 291.7 
578.341 249.851 561.753 315.151 543.63 291.247 
578.484 249.688 562.015 314.818 545.423 290.686 
578.539 249.616 562.047 314.701 545.945 290.365 
578.802 249.552 562.133 314.514 546.935 289.709 
578.801 249.425 562.287 314.255 548.374 288.885 
578.858 249.388 562.385 314.212 548.818 288.701 
578.903 249.391 562.495 314.181 549.639 288.089 
579.095 249.406 562.616 314.021 551.067 287.242 
579.151 249.361 562.711 313.907 551.445 287.162 
579.207 249.305 562.858 313.822 551.885 287.002 
579.282 249.242 563.086 313.703 552.838 286.212 
579.481 249.252 563.146 313.642 553.291 286.1 
579.54 249.221 563.331 313.58 554.16 285.945 
579.472 249.24 563.724 313.561 555.961 285.88 
579.61 249.226 563.852 313.537 556.704 285.911 
579.652 249.236 563.982 313.508 557.888 285.856 
579.506 249.213 564.067 313.379 559.825 285.799 
579.479 249.199 564.194 313.387 560.376 285.859 
579.641 249.3 564.56 313.538 560.748 286.252 
579.594 249.458 564.775 313.829 560.368 286.692 
579.564 249.495 564.682 313.905 560.062 286.797 
579.499 249.55 564.711 314.045 559.344 287.126 
579.38 249.657 564.797 314.36 558.131 287.585 
579.164 249.695 564.812 314.459 557.543 287.728 
579.145 249.775 564.804 314.59 556.772 288.108 
579.131 249.949 564.877 314.827 555.866 288.477 
579.147 249.97 564.864 314.851 555.801 288.541 
579.229 249.983 564.866 314.839 555.607 288.813 
579.286 249.914 564.83 314.745 555.178 288.806 
579.47 249.8 564.575 314.611 554.358 288.495 
579.5 249.764 564.488 314.49 554.219 288.409 
579.558 249.658 564.173 314.295 553.423 288.055 
579.596 249.624 563.979 314.242 552.563 287.86 
579.645 249.578 563.712 314.183 550.956 287.745 
579.646 249.559 563.517 314.218 550.25 287.691 
579.718 249.505 563.274 314.217 549.187 287.615 
579.215 249.377 562.981 314.118 548.035 287.747 
579.214 249.245 562.259 313.911 545.651 287.447 
579.729 249.242 562.013 313.832 544.658 287.307 
579.617 249.168 561.647 313.681 543.281 287.021 
579.504 248.994 561.014 313.442 541.738 286.466 
579.211 248.974 560.58 313.388 540.381 285.942 
579.155 248.979 560.537 313.394 540.226 285.976 
578.857 248.901 560.274 313.251 539.471 286.067 
578.832 248.915 560.188 313.302 539.007 286.107 
578.747 249.035 560.1 313.443 538.08 286.315 
578.648 249.084 559.926 313.421 537.223 286.761 
578.583 249.23 559.593 313.528 536.373 287.027 
579.236 249.486 559.176 313.609 535.805 287.184 
578.997 249.564 558.699 313.575 534.184 286.976 
578.9 249.51 558.355 313.467 532.885 286.971 
578.861 249.506 558.011 313.464 531.526 287.059 
578.798 249.608 557.794 313.495 530.738 287.106 
579.112 249.736 557.538 313.385 529.823 287.525 
578.946 249.782 557.349 313.476 528.3 288.301 
578.893 249.941 557.232 313.6 527.256 288.421 
578.878 250.105 557.058 313.676 526.222 288.439 
578.864 250.138 556.739 313.587 526.009 289.222 
579.009 250.201 556.387 313.588 525.144 289.229 
579.003 250.244 556.088 313.471 524.258 289.067 
579.014 250.031 555.663 313.188 522.833 290.002 
579.016 249.992 555.381 313.077 521.708 290.38 
578.957 250.044 555.18 313.112 520.62 290.659 
578.654 250.054 554.752 313.047 519.286 291.41 
578.548 249.966 554.344 312.942 518.216 292.163 
578.518 250.157 554.074 313.085 517.455 292.483 
578.387 250.311 553.858 313.138 516.775 292.634 
578.222 250.23 553.614 313.097 516.25 293.31 
578.335 250.486 553.555 313.279 515.836 294.023 
578.256 250.596 553.549 313.482 515.635 294.224 
577.917 250.748 553.686 313.767 515.507 294.685 
577.847 250.813 553.508 313.801 515.281 295.216 
577.715 250.843 553.301 313.837 514.989 295.514 
577.665 250.83 553.16 313.795 514.67 295.386 
577.667 250.711 553.028 313.653 514.313 295.43 
577.745 250.619 552.967 313.517 514.15 295.611 
577.829 250.52 552.855 313.356 513.921 295.8 
577.852 250.493 552.666 313.257 513.752 295.972 
577.811 250.544 552.488 313.207 513.509 296.055 
577.784 250.541 552.03 313.104 512.564 296.24 
577.704 250.595 551.907 313.138 512.322 296.215 
577.619 250.544 551.834 313.096 512.032 296.465 
577.249 250.532 551.976 313.276 512.304 296.666 
577.105 250.707 552.328 313.587 513.305 296.114 
577.067 250.686 552.415 313.617 513.873 296.05 
576.989 250.667 552.738 313.778 515.358 295.903 
576.953 250.678 552.916 313.75 517.59 295.136 
576.91 250.645 552.958 313.72 518.004 295.048 
576.899 250.488 553.358 313.617 519.328 295.381 
576.822 250.468 553.554 313.703 520.359 295.826 
576.757 250.589 553.826 313.902 522.099 295.638 
576.721 250.606 553.924 313.888 523.221 295.482 
576.679 250.573 554.051 313.939 524.303 295.775 
576.57 250.545 554.141 313.883 524.265 295.214 
576.543 250.471 554.22 313.737 526.838 295.001 
576.556 250.407 554.338 313.686 527.718 295.236 
576.432 250.398 554.361 313.66 529.092 294.925 
576.428 250.57 554.419 313.578 531.835 294.332 
576.381 250.536 554.465 313.46 532.737 294.705 
575.764 250.233 554.523 313.428 532.857 295.122 
575.688 250.343 554.544 313.503 535.842 294.967 
576.264 250.522 554.828 313.582 536.83 295.189 
576.229 250.558 555.099 313.73 538.11 295.543 
576.117 250.593 555.134 313.686 540.456 295.275 
576.289 250.663 555.196 313.658 541.472 295.194 
576.249 250.697 555.466 313.705 542.306 295.151 
576.007 250.786 555.454 313.725 543.814 294.735 
575.967 250.833 555.424 313.727 544.396 294.711 
576.091 250.927 555.539 313.742 545.607 294.671 
575.893 251.032 555.802 313.869 546.975 294.516 
575.824 251.075 555.923 313.833 548.738 294.458 
575.838 251.051 555.964 313.732 549.448 294.481 
576.056 251.049 556.126 313.717 550.378 294.592 
575.833 251.169 556.388 313.934 550.901 293.972 
575.824 251.19 556.395 313.961 551.0 293.783 
575.709 251.208 556.323 313.948 551.84 293.419 
575.692 251.218 556.349 313.983 552.623 293.369 
575.685 251.357 556.58 314.205 554.194 293.137 
575.637 251.458 556.776 314.323 555.418 292.874 
575.606 251.531 556.955 314.377 556.68 292.635 
575.564 251.6 557.146 314.48 558.102 292.379 
575.575 251.623 556.717 314.334 559.251 292.221 
575.617 251.605 556.745 314.29 560.257 292.166 
575.622 251.571 556.669 314.126 561.389 292.361 
575.6 251.514 556.669 314.079 561.982 292.537 
575.697 251.497 556.879 314.007 563.471 292.86 
575.771 251.521 556.883 313.979 564.607 292.981 
575.77 251.573 556.928 313.93 565.764 293.079 
575.785 251.574 557.003 313.957 566.095 293.115 
575.799 251.568 557.015 313.952 566.201 293.119 
575.826 251.432 556.865 313.772 566.038 293.14 
575.845 251.407 556.811 313.721 565.713 293.105 
575.803 251.365 556.749 313.739 564.802 292.95 
575.788 251.411 556.558 313.8 563.07 292.874 
575.724 251.356 556.325 313.862 561.457 292.845 
575.693 251.319 555.861 313.87 559.734 292.856 
575.588 251.321 555.631 313.929 556.917 293.002 
575.542 251.311 556.245 314.301 555.972 292.927 
575.448 251.374 556.308 314.493 554.881 293.033 
575.369 251.429 556.259 314.598 554.244 292.97 
575.17 251.448 556.052 314.641 553.723 293.052 
575.073 251.446 555.94 314.636 553.461 293.224 
574.901 251.41 555.717 314.559 553.065 293.324 
574.571 251.334 555.275 314.557 551.81 293.598 
574.508 251.286 555.056 314.519 550.975 293.617 
574.455 251.186 554.811 314.42 549.735 293.961 
574.406 250.807 554.384 314.269 546.936 295.028 
574.647 250.687 554.078 314.066 545.615 295.374 
574.532 250.492 553.627 313.866 543.564 295.557 
574.6 250.281 552.508 313.476 539.885 295.646 
574.641 250.191 552.065 313.314 538.08 295.48 
574.657 250.041 551.455 313.012 535.404 295.184 
574.104 249.653 550.705 312.548 532.606 294.713 
574.678 249.673 550.434 312.365 531.359 294.577 
574.805 249.509 550.105 312.202 529.956 294.494 
574.833 249.377 549.787 311.931 527.806 294.615 
574.867 249.325 549.712 311.883 526.756 295.01 
574.925 249.293 549.526 311.834 524.97 295.605 
575.156 249.31 548.808 311.629 521.246 295.883 
575.172 249.327 548.353 311.522 519.732 295.704 
575.177 249.374 547.749 311.388 517.625 295.354 
575.238 249.266 547.294 311.144 514.937 294.883 
575.314 249.294 547.321 311.164 514.331 294.765 
575.469 249.511 547.435 311.254 513.737 294.672 
575.786 249.623 547.527 311.246 513.228 294.775 
575.861 249.676 547.511 311.271 512.948 295.009 
575.935 249.762 547.329 311.124 512.062 295.193 
576.197 249.602 546.868 310.75 509.567 296.402 
576.45 249.639 546.668 310.657 508.573 296.709 
576.525 249.666 546.409 310.486 508.474 296.973 
576.507 250.097 546.365 310.752 507.546 297.429 
576.552 250.117 546.377 310.765 507.249 298.147 
576.552 250.201 546.541 311.035 507.264 299.46 
576.486 250.808 547.267 311.851 507.904 300.132 
576.451 250.982 547.401 312.057 508.263 300.574 
576.4 251.169 547.338 312.181 508.448 301.143 
576.454 251.188 547.444 312.307 507.734 301.49 
576.433 251.212 547.496 312.327 507.492 301.319 
576.45 251.14 547.42 312.237 507.204 301.05 
576.506 251.172 547.68 312.283 508.038 300.006 
576.548 251.178 547.823 312.289 508.485 299.654 
576.611 251.104 547.984 312.27 509.068 299.463 
576.717 251.103 548.475 312.44 510.401 298.798 
576.708 251.149 548.541 312.452 510.904 298.493 
576.725 251.101 548.774 312.493 511.95 298.064 
576.837 251.051 549.021 312.466 512.972 297.087 
576.868 251.074 549.121 312.548 513.99 296.94 
576.88 251.105 549.355 312.598 515.382 296.671 
577.193 251.011 549.699 312.619 517.097 296.26 
577.174 251.01 549.702 312.618 518.06 295.895 
577.119 250.979 549.764 312.508 519.348 295.263 
577.082 250.939 549.878 312.433 520.83 294.701 
577.07 250.882 549.919 312.323 521.202 294.436 
576.877 250.726 549.926 312.174 522.204 294.156 
576.867 250.73 550.181 312.116 524.824 293.536 
576.874 250.739 550.303 312.124 525.633 293.424 
576.9 250.77 550.462 312.149 526.592 293.548 
576.906 250.788 550.425 312.079 527.852 293.266 
576.872 250.775 550.42 312.065 528.268 293.069 
576.791 250.756 550.489 312.052 529.039 292.646 
576.949 250.776 550.601 311.932 530.469 292.122 
576.91 250.792 550.659 311.943 531.073 292.068 
576.819 250.85 550.777 311.989 531.975 291.868 
576.107 250.737 551.037 312.065 532.127 291.38 
576.074 250.744 551.113 312.109 532.66 291.342 
575.987 250.793 551.182 312.109 533.415 291.434 
576.202 251.184 551.396 312.268 535.004 291.618 
576.307 251.202 551.518 312.407 535.716 291.558 
576.277 251.348 551.648 312.51 536.866 291.631 
576.214 251.394 551.82 312.671 538.657 291.702 
576.187 251.427 551.885 312.674 539.299 291.674 
576.123 251.38 551.932 312.669 540.214 291.671 
575.442 251.277 552.04 312.7 542.082 291.82 
575.9 251.441 552.125 312.774 542.821 291.862 
575.809 251.511 552.289 312.931 544.226 291.824 
575.676 251.62 552.631 313.134 547.268 292.11 
575.802 251.697 552.717 313.183 548.351 292.387 
575.539 251.731 553.018 313.407 549.801 292.895 
575.376 251.917 553.231 313.696 551.369 293.729 
575.318 251.975 553.301 313.818 551.615 293.94 
575.228 252.077 553.357 314.047 551.733 294.226 
575.037 252.213 552.683 314.051 551.95 294.548 
574.987 252.236 552.601 314.079 552.095 294.723 
574.905 252.239 552.514 314.169 552.364 294.871 
574.81 252.24 552.476 314.222 553.216 295.089 
574.766 252.241 552.453 314.223 553.793 295.102 
574.719 252.26 552.356 314.229 554.64 295.087 
574.576 252.261 552.329 314.192 555.701 295.279 
574.542 252.264 552.349 314.195 556.16 295.334 
574.385 252.295 552.38 314.171 556.955 295.36 
574.313 252.348 552.121 314.04 558.183 295.439 
574.279 252.313 551.959 313.938 558.591 295.424 
574.237 252.255 551.749 313.758 559.165 295.689 
574.132 252.059 551.53 313.586 559.388 296.236 
574.045 252.031 551.453 313.586 558.914 296.378 
573.98 252.04 551.327 313.669 557.673 296.501 
573.861 252.042 550.863 313.816 554.59 296.943 
573.78 252.05 550.633 313.927 553.104 297.233 
573.683 252.032 550.299 313.969 550.688 297.63 
573.441 252.131 549.874 314.255 547.03 298.18 
573.389 252.157 549.797 314.359 545.803 298.416 
573.327 252.202 549.824 314.565 544.328 298.595 
573.197 252.28 549.554 314.631 543.075 298.557 
573.163 252.254 549.455 314.591 542.586 298.551 
573.148 252.201 549.291 314.439 541.179 298.669 
573.125 252.123 549.495 314.544 537.254 298.402 
573.049 252.036 549.109 314.336 535.699 298.162 
573.071 251.771 548.489 313.88 533.509 297.655 
572.536 251.429 547.69 313.293 531.219 296.678 
572.508 251.362 547.385 313.123 529.87 296.108 
572.965 251.165 547.112 312.841 527.928 295.172 
573.09 250.834 546.668 312.322 525.043 294.345 
573.169 250.664 546.532 312.109 524.049 294.132 
573.223 250.44 546.301 311.785 522.78 293.695 
573.337 250.108 545.585 311.127 520.723 292.883 
573.407 249.962 545.229 310.808 519.673 292.542 
573.51 249.747 544.711 310.43 517.948 292.03 
573.801 249.439 543.958 309.813 515.268 290.918 
573.667 249.28 543.764 309.587 514.418 290.663 
573.744 249.108 543.449 309.311 513.482 290.303 
574.085 248.972 543.167 308.98 512.288 289.365 
573.878 248.86 543.078 308.872 511.782 289.124 
573.928 248.759 542.928 308.674 510.785 288.959 
574.045 248.614 542.507 308.359 508.623 288.829 
574.075 248.624 542.328 308.312 507.765 288.739 
574.297 248.74 542.19 308.365 506.584 288.836 
574.21 248.969 542.502 308.767 505.354 289.152 
574.083 249.101 542.75 309.059 505.172 289.483 
573.997 249.373 542.98 309.405 505.076 290.267 
573.995 249.448 543.277 309.77 504.871 292.156 
573.967 249.654 543.484 310.011 504.994 292.496 
573.933 249.852 543.708 310.306 505.169 292.634 
573.934 250.036 544.054 310.616 505.455 293.107 
573.959 250.061 544.162 310.722 505.32 293.387 
573.974 250.145 544.324 310.899 505.194 293.611 
574.032 250.296 544.714 311.183 505.275 294.009 
574.073 250.301 544.783 311.213 505.341 294.393 
574.115 250.391 544.734 311.295 505.507 294.645 
574.194 250.411 544.683 311.24 505.105 295.038 
574.164 250.43 544.758 311.32 505.011 295.269 
574.117 250.538 544.899 311.446 504.733 295.594 
574.105 250.541 544.915 311.484 504.525 296.089 
574.074 250.591 544.919 311.578 504.654 296.246 
574.022 250.691 545.023 311.78 504.973 296.175 
574.09 250.6 545.152 311.781 505.721 296.107 
574.071 250.592 545.112 311.746 506.122 296.113 
574.029 250.488 545.119 311.67 507.302 295.762 
574.128 250.415 545.338 311.54 510.098 295.458 
574.187 250.364 545.667 311.556 511.011 295.862 
574.271 250.327 546.072 311.731 512.568 296.059 
574.614 250.514 546.702 312.047 515.85 295.915 
574.691 250.571 547.119 312.227 516.876 296.281 
574.406 250.519 547.719 312.448 517.842 296.89 
574.319 250.594 548.413 312.852 519.914 296.896 
574.29 250.604 548.574 312.952 521.03 297.052 
574.258 250.59 548.885 313.165 522.833 297.42 
574.117 250.711 549.685 313.56 526.18 297.284 
574.098 250.759 550.025 313.684 527.553 297.132 
574.208 250.822 550.343 313.786 529.526 297.106 
574.183 250.928 550.987 314.03 532.274 297.108 
574.128 250.738 551.284 314.149 533.315 297.006 
574.041 250.84 551.685 314.252 533.942 296.419 
573.948 250.789 551.972 314.213 535.728 296.19 
573.832 250.779 552.106 314.249 536.432 296.108 
573.805 250.829 552.333 314.392 537.469 295.967 
573.879 250.998 553.051 314.804 539.331 295.922 
573.667 251.03 553.252 314.902 540.061 295.946 
573.648 251.063 553.388 314.937 540.856 295.977 
573.551 250.967 553.491 314.891 541.463 296.123 
573.632 250.955 553.509 314.908 541.695 296.06 
573.538 250.951 553.425 314.904 542.079 295.877 
573.413 250.923 553.406 314.881 543.191 295.972 
573.349 250.962 553.56 314.941 543.935 296.113 
573.165 250.971 553.755 315.008 545.201 296.121 
573.198 250.946 553.786 314.858 547.654 296.235 
573.036 250.883 553.811 314.816 548.592 296.352 
572.957 250.807 553.06 314.509 549.985 296.508 
572.868 250.727 553.242 314.58 551.788 296.53 
572.831 250.67 553.224 314.564 552.211 296.557 
572.718 250.546 553.14 314.551 552.607 296.613 
572.614 250.469 552.727 314.488 552.892 296.735 
572.533 250.488 552.647 314.531 552.939 296.794 
572.464 250.511 552.536 314.819 552.842 297.105 
572.407 250.701 552.47 315.229 552.347 298.026 
572.342 250.743 552.459 315.366 552.195 298.555 
572.225 250.806 552.426 315.58 552.071 299.295 
571.822 250.961 552.253 315.873 551.855 300.12 
571.702 251.005 552.174 315.976 551.754 300.316 
571.483 251.056 551.956 316.129 551.513 300.54 
571.06 251.156 551.549 316.303 550.748 300.933 
570.926 251.196 551.257 316.366 550.426 301.167 
570.666 251.225 550.934 316.421 549.823 301.548 
570.142 251.342 550.051 316.555 548.79 302.39 
569.932 251.386 549.745 316.597 548.296 302.807 
