688.375 256.164 666.493 321.267 696.194 306.718 
688.275 256.251 666.388 321.394 695.309 306.869 
688.075 256.379 666.189 321.564 694.041 306.966 
687.63 256.597 665.351 321.548 692.149 306.694 
687.505 256.652 664.952 321.495 691.328 306.614 
687.184 256.658 664.463 321.425 689.88 306.429 
686.826 256.724 663.584 321.378 687.294 306.122 
686.637 256.738 663.374 321.434 686.439 306.076 
686.287 256.879 663.105 321.6 685.336 306.079 
685.768 257.167 662.808 322.031 684.086 306.439 
685.542 257.359 662.781 322.283 683.594 306.739 
685.192 257.547 662.667 322.614 682.797 307.204 
684.993 257.796 662.513 322.994 681.968 307.577 
684.49 258.163 662.115 323.538 680.538 308.027 
684.309 258.257 661.996 323.712 679.913 308.083 
684.081 258.385 661.711 323.811 679.116 308.205 
683.9 258.503 661.278 323.932 677.893 308.189 
683.672 258.575 660.705 323.922 676.543 307.99 
683.585 258.54 660.342 323.69 675.838 307.702 
683.507 258.418 659.491 323.21 674.241 307.368 
683.436 258.115 658.757 322.712 671.848 306.905 
683.421 258.069 658.621 322.571 671.484 306.809 
683.421 257.872 657.955 322.087 669.941 306.443 
683.319 257.72 657.47 321.867 668.911 306.323 
683.258 257.71 657.322 321.951 667.429 306.528 
683.231 257.805 657.379 322.099 669.163 307.224 
683.169 257.912 657.461 322.32 669.037 308.058 
683.134 258.193 657.6 322.771 669.121 310.028 
683.1 258.295 657.815 323.004 668.993 311.171 
683.073 258.492 657.945 323.386 668.626 312.506 
683.054 258.681 657.693 323.616 667.951 313.515 
683.003 258.732 657.516 323.574 667.685 313.707 
682.919 258.686 657.364 323.426 667.042 314.082 
682.963 258.629 657.081 323.439 666.048 313.706 
682.92 258.757 656.899 323.405 665.835 313.258 
682.937 258.535 656.677 323.125 665.64 313.199 
683.094 258.368 656.76 322.933 665.567 312.678 
683.174 258.385 656.802 322.885 665.765 312.468 
683.309 258.296 656.853 322.776 666.299 312.614 
683.49 258.193 657.134 322.66 666.977 312.749 
683.589 258.117 657.382 322.659 667.596 312.686 
683.644 258.106 657.543 322.511 668.476 312.071 
683.888 257.819 657.813 322.185 669.797 311.199 
684.048 257.774 657.961 322.139 670.35 310.679 
684.339 257.649 658.366 322.023 671.603 309.968 
684.958 257.386 659.28 321.755 673.576 308.13 
685.011 257.183 659.696 321.657 675.431 307.649 
685.281 257.016 660.662 321.578 678.588 307.235 
685.794 256.901 662.474 321.586 684.383 305.764 
686.045 256.78 663.1 321.522 686.69 305.178 
686.465 256.703 664.228 321.478 690.072 304.335 
686.977 256.543 666.272 321.477 695.421 302.972 
687.163 256.432 667.039 321.381 697.46 302.622 
687.385 256.261 668.114 321.269 700.159 302.294 
687.635 256.108 669.534 321.208 704.199 301.119 
687.636 256.071 670.071 321.211 705.643 301.004 
687.667 256.045 671.015 321.337 707.574 300.877 
687.725 256.201 672.525 321.619 711.663 300.21 
687.748 256.234 673.239 321.664 713.635 300.334 
687.476 256.145 674.298 321.709 716.585 300.52 
687.306 256.088 675.642 321.788 719.339 300.244 
687.356 256.095 676.293 321.825 720.823 300.558 
687.628 256.312 677.068 321.978 722.452 300.841 
688.049 256.514 678.122 322.316 724.189 300.739 
688.291 256.413 678.571 322.262 725.401 300.602 
688.343 256.392 679.114 322.269 726.889 300.596 
688.599 256.494 680.041 322.266 729.439 300.798 
688.675 256.517 680.3 322.289 730.352 300.99 
688.758 256.572 680.811 322.428 731.365 301.151 
688.8 256.596 681.409 322.508 732.514 301.132 
688.779 256.578 681.623 322.475 733.387 301.267 
688.757 256.53 681.8 322.314 734.198 301.272 
688.863 256.524 682.066 322.119 735.793 301.43 
688.863 256.534 682.25 322.101 736.435 301.656 
688.897 256.532 682.597 322.13 737.365 301.926 
688.993 256.568 683.185 322.194 738.862 302.385 
689.013 256.561 683.341 322.221 739.221 302.543 
689.04 256.536 683.527 322.258 739.487 302.658 
689.06 256.536 683.476 322.148 739.628 302.579 
689.075 256.513 683.367 322.044 739.595 302.58 
689.141 256.403 682.99 321.796 739.426 302.831 
689.224 256.392 682.697 321.736 738.92 302.903 
689.285 256.357 682.668 321.767 738.827 302.944 
689.357 256.357 682.672 321.825 738.446 303.053 
689.572 256.294 682.761 321.863 737.997 303.087 
689.614 256.286 682.777 321.871 737.909 303.071 
689.854 256.172 682.941 321.886 737.524 302.959 
689.92 255.979 682.98 321.948 736.49 302.677 
689.986 255.989 682.972 321.95 736.148 302.489 
690.117 255.94 682.89 321.97 735.386 302.079 
690.209 255.834 682.778 321.945 734.828 301.878 
690.564 255.796 682.943 322.061 733.708 301.839 
690.662 255.803 683.001 322.156 733.217 301.715 
690.788 255.796 683.003 322.239 732.3 301.445 
690.916 255.799 682.875 322.222 731.462 301.269 
690.979 255.78 682.458 322.135 729.917 300.878 
690.97 255.728 682.249 322.029 729.176 300.688 
691.039 255.678 681.923 321.93 728.101 300.36 
690.433 255.419 681.318 321.794 725.802 299.852 
690.481 255.401 681.052 321.727 724.859 299.769 
690.517 255.342 680.675 321.611 723.653 299.452 
690.582 255.292 679.987 321.327 722.313 298.831 
690.601 255.282 679.784 321.256 722.058 298.791 
690.641 255.262 679.652 321.207 721.314 298.799 
690.783 255.31 679.373 321.224 721.622 299.29 
691.18 255.461 679.191 321.246 720.879 299.209 
691.492 255.534 678.77 321.138 719.942 299.059 
691.678 255.419 678.084 320.866 718.39 298.781 
691.71 255.383 677.678 320.72 717.847 298.757 
691.749 255.373 677.119 320.489 716.958 298.676 
691.815 255.374 676.483 320.322 715.402 298.268 
691.871 255.392 676.198 320.229 714.821 298.119 
691.919 255.397 675.685 320.077 713.731 297.859 
691.943 255.263 675.085 319.639 711.606 297.751 
691.992 255.22 674.757 319.516 710.727 297.771 
692.034 255.186 674.246 319.302 709.296 297.741 
692.059 255.246 673.342 319.133 707.134 298.019 
692.043 255.31 673.037 319.1 706.283 298.272 
692.014 255.285 672.64 318.994 704.768 298.703 
692.053 255.255 671.868 318.787 702.866 299.343 
692.09 255.286 671.491 318.607 702.06 299.11 
692.048 255.219 670.925 318.22 700.891 298.897 
692.01 254.97 670.008 317.677 698.323 298.887 
691.989 254.917 669.716 317.455 697.144 298.417 
691.903 254.75 669.072 317.0 695.7 297.838 
691.943 254.305 667.911 316.101 695.229 297.841 
691.966 254.246 667.615 315.99 694.246 297.731 
691.83 254.264 667.316 316.084 693.241 297.813 
691.542 254.165 666.969 316.136 692.209 298.924 
691.66 254.219 666.957 316.369 691.918 299.202 
691.513 254.522 667.031 316.785 691.681 299.767 
691.437 254.6 666.965 316.987 691.399 301.049 
691.491 254.61 666.824 317.041 691.185 301.212 
691.501 254.643 666.711 317.042 690.717 301.107 
691.752 254.3 666.406 316.538 689.648 300.923 
691.763 254.228 666.179 316.411 689.228 300.481 
691.822 254.22 665.95 316.192 688.57 299.682 
691.626 253.972 665.717 315.875 687.686 299.166 
691.534 253.899 665.635 315.818 687.398 299.073 
691.456 253.977 665.552 315.917 687.19 298.971 
691.065 254.38 665.672 316.535 687.252 299.216 
690.933 254.436 665.726 316.723 687.204 299.715 
690.773 254.584 665.719 317.056 687.127 300.565 
690.416 255.052 665.515 317.733 686.427 301.186 
690.3 255.151 665.462 317.958 686.26 301.456 
690.187 255.213 665.331 318.078 686.182 301.964 
690.081 255.3 665.177 318.21 685.899 302.483 
690.024 255.341 665.295 318.308 685.83 302.499 
690.005 255.287 665.451 318.296 686.0 302.728 
690.136 255.329 665.526 318.272 687.01 302.967 
690.179 255.283 665.816 318.32 687.407 302.99 
690.259 255.229 666.137 318.358 688.042 302.942 
690.444 255.237 666.653 318.428 689.557 302.416 
690.517 255.219 666.937 318.484 690.463 302.311 
690.637 255.273 667.568 318.667 692.027 302.438 
691.048 255.247 668.568 318.795 694.518 302.728 
691.148 255.238 668.944 318.847 695.407 302.759 
691.37 255.264 669.525 318.986 696.688 302.469 
691.346 255.142 670.282 318.838 699.303 301.8 
691.487 255.039 670.584 318.836 700.636 301.641 
691.583 255.056 671.576 319.048 702.667 301.545 
691.795 255.161 673.481 319.747 705.93 302.28 
691.84 255.221 674.237 320.11 705.127 302.148 
691.83 255.394 675.208 320.615 706.852 301.986 
691.96 255.722 676.586 321.393 709.186 301.922 
692.024 255.823 677.073 321.721 710.222 301.987 
691.98 255.912 678.018 322.163 711.745 301.803 
691.957 256.118 679.446 322.78 715.495 301.484 
692.047 256.114 680.128 322.948 716.987 301.502 
692.131 256.156 681.183 323.212 718.953 301.423 
691.696 256.077 682.46 323.355 722.513 301.169 
691.817 256.017 682.966 323.3 724.144 301.214 
692.048 255.998 683.9 323.488 724.07 300.799 
692.824 256.327 685.29 323.598 727.531 299.923 
693.007 256.273 685.666 323.555 728.828 299.628 
693.197 256.154 686.346 323.428 730.893 299.323 
693.375 256.005 687.226 323.118 733.271 298.924 
693.461 255.938 687.406 323.002 733.965 298.643 
693.485 255.891 687.713 322.819 735.075 298.054 
693.673 255.77 688.277 322.572 736.851 297.341 
693.741 255.739 688.503 322.537 737.415 297.195 
693.789 255.749 688.773 322.519 738.294 296.636 
694.031 255.792 689.289 322.373 739.854 295.894 
694.086 255.752 689.552 322.265 740.401 295.854 
694.173 255.702 689.911 322.194 741.08 295.739 
694.272 255.648 690.481 322.097 742.252 295.017 
694.267 255.671 690.705 322.042 742.784 294.947 
694.344 255.648 691.121 321.999 743.823 294.876 
694.541 255.674 691.981 322.023 745.85 294.988 
694.521 255.668 692.307 322.014 746.67 295.094 
694.599 255.686 692.719 322.004 747.986 295.154 
694.661 255.656 693.096 321.884 749.912 295.276 
694.64 255.638 693.26 321.903 750.444 295.389 
694.559 255.75 693.641 322.088 750.821 295.829 
694.43 255.903 693.708 322.404 750.444 296.248 
694.385 255.937 693.499 322.473 750.132 296.327 
694.249 255.982 693.323 322.615 749.319 296.597 
693.947 256.067 692.868 322.933 747.707 296.94 
693.828 256.085 692.67 323.031 746.961 297.027 
693.696 256.159 692.367 323.158 746.131 297.346 
693.515 256.328 692.018 323.396 744.845 297.628 
693.509 256.351 691.962 323.42 744.774 297.688 
693.512 256.371 691.895 323.405 744.609 297.953 
693.46 256.3 691.764 323.3 744.166 297.907 
693.58 256.201 691.338 323.135 743.162 297.5 
693.6 256.166 691.219 323.001 743.021 297.398 
693.623 256.061 690.868 322.772 742.134 296.953 
693.685 256.032 690.548 322.697 741.141 296.666 
693.723 255.99 690.014 322.607 739.289 296.386 
693.784 255.973 689.676 322.626 738.449 296.258 
693.956 255.933 689.322 322.603 737.332 296.078 
693.289 255.725 688.997 322.477 736.328 296.115 
693.407 255.595 688.131 322.203 733.917 295.579 
694.153 255.671 687.824 322.099 732.976 295.341 
694.079 255.582 687.424 321.913 731.744 294.919 
693.618 255.367 686.774 321.615 730.238 294.194 
693.59 255.323 686.248 321.524 728.828 293.513 
693.552 255.323 686.206 321.527 728.713 293.536 
693.322 255.208 685.879 321.355 728.004 293.562 
693.334 255.221 685.651 321.397 727.376 293.552 
693.148 255.329 685.332 321.531 726.127 293.667 
692.868 255.357 684.996 321.491 725.123 294.049 
692.715 255.495 684.251 321.564 723.867 294.231 
692.893 255.817 683.324 321.602 723.244 294.339 
692.988 255.888 682.508 321.52 721.158 293.946 
692.763 255.812 681.861 321.37 719.512 293.801 
692.633 255.797 681.09 321.327 717.595 293.74 
692.457 255.889 680.546 321.332 716.356 293.694 
692.36 256.038 680.075 321.189 715.18 294.04 
692.289 256.07 679.489 321.258 713.29 294.702 
692.091 256.22 679.05 321.369 711.721 294.707 
691.913 256.38 678.583 321.427 710.23 294.609 
691.702 256.401 678.061 321.302 710.679 295.451 
691.622 256.471 677.511 321.27 709.577 295.367 
691.526 256.51 677.026 321.119 708.449 295.101 
691.339 256.278 676.349 320.778 707.063 295.966 
691.265 256.233 675.691 320.627 705.565 296.248 
691.087 256.273 675.088 320.634 703.951 296.422 
690.849 256.249 674.113 320.514 702.118 297.08 
690.621 256.137 673.41 320.363 700.795 297.777 
690.605 256.332 672.804 320.482 699.617 298.032 
690.268 256.464 672.353 320.515 698.646 298.119 
689.911 256.348 671.798 320.442 697.879 298.787 
689.616 256.605 671.467 320.622 697.161 299.502 
689.447 256.705 671.338 320.832 696.693 299.688 
689.249 256.828 671.073 321.132 695.99 300.148 
689.012 256.878 670.706 321.148 695.576 300.69 
688.794 256.887 670.173 321.16 694.81 300.964 
688.621 256.859 669.742 321.095 694.143 300.783 
688.424 256.724 669.479 320.929 693.522 300.787 
688.41 256.632 669.138 320.769 693.097 300.956 
688.337 256.531 668.948 320.586 692.774 301.135 
688.274 256.501 668.633 320.463 692.427 301.298 
688.151 256.543 668.291 320.39 692.005 301.358 
687.688 256.512 667.648 320.24 690.701 301.459 
687.607 256.558 667.354 320.262 690.257 301.402 
687.371 256.485 667.203 320.209 689.931 301.644 
687.132 256.433 667.325 320.411 690.189 301.884 
686.876 256.59 667.794 320.772 691.326 301.383 
686.779 256.561 668.012 320.815 692.11 301.374 
686.759 256.534 668.547 321.018 694.052 301.367 
686.715 256.541 669.075 321.014 696.86 300.765 
686.713 256.503 669.168 320.986 697.407 300.713 
686.657 256.335 669.842 320.916 699.281 301.212 
686.615 256.307 670.228 321.028 700.704 301.797 
686.633 256.43 670.67 321.266 702.707 301.76 
686.621 256.444 671.002 321.266 704.179 301.707 
686.665 256.41 671.388 321.34 705.723 302.135 
686.69 256.375 671.727 321.295 705.274 301.516 
686.692 256.296 672.358 321.165 708.669 301.551 
686.675 256.229 672.698 321.128 709.916 301.895 
686.685 256.211 672.97 321.11 711.478 301.694 
686.356 256.371 673.429 321.042 714.592 301.323 
686.241 256.326 673.687 320.927 715.862 301.814 
685.836 255.943 673.973 320.906 715.654 302.251 
685.842 256.053 674.152 320.992 718.506 302.344 
686.576 256.323 674.582 321.103 719.472 302.663 
686.508 256.354 675.026 321.286 720.858 303.153 
686.399 256.377 675.398 321.253 723.196 303.075 
686.289 256.455 675.627 321.234 724.3 303.082 
686.199 256.483 676.132 321.312 725.143 303.11 
686.15 256.557 676.331 321.34 726.606 302.804 
686.099 256.6 676.381 321.343 727.134 302.827 
685.973 256.699 676.621 321.372 728.323 302.89 
685.952 256.794 677.052 321.532 729.574 302.842 
685.906 256.831 677.478 321.513 731.344 302.936 
685.903 256.807 677.756 321.417 732.142 303.025 
685.974 256.824 678.249 321.425 733.24 303.23 
685.998 256.936 678.594 321.677 733.697 302.626 
685.993 256.957 678.63 321.707 733.778 302.437 
685.965 256.966 678.722 321.694 734.659 302.133 
686.022 256.979 678.9 321.738 735.49 302.152 
686.2 257.134 679.342 321.998 736.92 302.043 
686.214 257.237 679.694 322.143 738.013 301.871 
686.233 257.313 680.043 322.218 739.129 301.729 
686.285 257.385 680.502 322.351 740.482 301.586 
686.383 257.415 680.082 322.166 741.557 301.521 
686.472 257.405 680.466 322.134 742.621 301.555 
686.6 257.377 680.65 321.964 743.745 301.857 
686.65 257.319 680.748 321.918 744.255 302.088 
686.81 257.317 681.039 321.86 745.563 302.544 
686.841 257.349 681.242 321.837 746.438 302.758 
686.943 257.409 681.398 321.792 747.343 302.949 
687.036 257.416 681.494 321.827 747.543 303.009 
687.094 257.415 681.555 321.824 747.689 303.024 
687.154 257.278 681.585 321.63 747.854 303.046 
687.183 257.255 681.687 321.578 747.698 302.988 
687.187 257.209 681.577 321.59 747.037 302.759 
687.232 257.259 681.132 321.632 745.68 302.546 
687.171 257.193 680.569 321.669 744.251 302.382 
687.148 257.151 679.871 321.636 742.657 302.247 
687.002 257.137 678.997 321.659 739.93 302.155 
686.945 257.121 679.499 322.093 738.992 301.993 
686.839 257.173 679.224 322.289 737.852 302.005 
686.721 257.218 678.976 322.39 737.129 301.88 
686.509 257.213 678.651 322.417 736.603 301.919 
686.397 257.198 678.54 322.404 736.371 302.076 
686.215 257.138 678.334 322.307 736.034 302.148 
686.075 257.028 677.771 322.269 734.862 302.326 
686.088 256.974 677.461 322.21 734.096 302.275 
686.156 256.87 677.088 322.083 733.013 302.532 
686.315 256.479 676.373 321.882 730.557 303.418 
686.423 256.377 675.866 321.637 729.383 303.671 
686.635 256.177 675.153 321.382 727.464 303.69 
686.814 255.972 673.483 320.867 723.813 303.466 
686.887 255.885 672.803 320.654 722.015 303.134 
686.938 255.731 671.788 320.273 719.292 302.587 
686.113 255.239 670.387 319.7 716.761 301.854 
686.578 255.327 669.919 319.477 715.372 301.595 
686.727 255.173 669.314 319.27 713.709 301.371 
686.894 255.047 668.533 318.939 711.312 301.299 
686.89 254.995 668.331 318.879 710.232 301.624 
686.962 254.97 667.879 318.802 708.342 302.096 
687.059 255.009 666.605 318.509 704.177 302.046 
687.058 255.028 665.905 318.352 702.366 301.709 
687.027 255.075 664.83 318.146 699.704 301.124 
686.879 254.958 663.566 317.821 695.945 300.332 
686.854 254.991 663.333 317.835 694.961 300.134 
686.806 255.225 663.096 317.926 693.847 299.958 
686.725 255.36 662.787 317.91 692.719 299.997 
686.693 255.418 662.584 317.929 692.196 300.213 
686.59 255.507 662.075 317.746 690.895 300.314 
686.419 255.347 661.047 317.289 687.656 301.366 
686.313 255.397 660.549 317.163 686.253 301.593 
686.206 255.424 659.814 316.942 686.085 301.867 
686.019 255.862 659.106 317.199 684.212 302.239 
685.891 255.879 659.036 317.211 683.859 302.989 
685.73 255.957 659.126 317.51 683.795 304.41 
685.358 256.566 659.539 318.428 683.855 305.169 
685.197 256.736 659.525 318.653 684.046 305.672 
685.05 256.918 659.19 318.771 683.991 306.294 
684.936 256.935 658.932 318.9 682.605 306.582 
684.869 256.956 658.787 318.918 682.047 306.363 
684.742 256.874 658.608 318.812 681.56 306.039 
684.702 256.909 658.762 318.877 682.223 304.97 
684.701 256.918 658.963 318.896 682.769 304.631 
684.763 256.848 659.296 318.895 683.671 304.488 
684.975 256.867 660.014 319.121 685.355 303.897 
684.964 256.914 660.205 319.144 686.044 303.618 
685.035 256.869 660.608 319.211 687.336 303.257 
685.21 256.834 661.164 319.212 688.232 302.285 
685.333 256.868 661.455 319.314 689.621 302.232 
685.523 256.912 662.04 319.397 691.572 302.088 
685.829 256.853 663.321 319.479 694.44 301.846 
685.956 256.858 663.634 319.49 695.843 301.557 
686.109 256.831 664.164 319.395 697.713 301.018 
686.224 256.793 664.965 319.347 700.023 300.585 
686.249 256.734 665.264 319.243 700.723 300.348 
686.363 256.565 665.641 319.098 702.146 300.156 
686.393 256.571 666.396 319.073 705.289 299.752 
686.362 256.579 666.769 319.1 706.374 299.717 
686.424 256.617 667.311 319.152 707.784 299.955 
686.537 256.643 667.851 319.095 709.648 299.795 
686.495 256.624 667.985 319.086 710.179 299.627 
686.423 256.595 668.185 319.082 710.997 299.249 
686.167 256.611 668.57 318.972 712.62 298.831 
686.088 256.62 668.714 318.991 713.283 298.831 
685.933 256.666 668.97 319.054 714.326 298.707 
685.215 256.457 669.426 319.161 713.942 298.181 
685.155 256.458 669.543 319.215 714.472 298.189 
684.963 256.492 669.697 319.224 715.222 298.355 
684.59 256.894 669.985 319.412 716.77 298.692 
684.7 256.926 670.155 319.57 717.455 298.693 
684.787 257.082 670.374 319.693 718.54 298.87 
684.985 257.138 670.724 319.884 720.281 299.105 
684.938 257.167 670.874 319.896 720.913 299.134 
684.864 257.11 670.988 319.896 721.696 299.208 
683.963 256.903 671.197 319.941 723.375 299.524 
684.649 257.146 671.325 320.027 723.981 299.63 
684.568 257.209 671.584 320.21 725.177 299.707 
684.438 257.305 672.183 320.461 727.864 300.264 
684.344 257.39 672.392 320.523 728.794 300.645 
684.281 257.404 672.869 320.789 730.041 301.296 
684.038 257.572 673.122 321.114 731.341 302.294 
683.957 257.625 673.13 321.247 731.457 302.53 
683.823 257.718 673.029 321.488 731.404 302.831 
683.558 257.832 671.949 321.43 731.334 303.173 
683.485 257.848 671.823 321.452 731.358 303.363 
683.377 257.839 671.594 321.537 731.44 303.533 
683.322 257.831 671.576 321.591 732.003 303.822 
683.29 257.827 671.599 321.592 732.517 303.883 
683.249 257.842 671.617 321.596 733.242 303.936 
683.179 257.828 671.875 321.564 734.193 304.222 
683.168 257.829 671.981 321.573 734.621 304.318 
683.105 257.848 672.173 321.555 735.424 304.414 
683.222 257.905 672.361 321.413 736.666 304.602 
683.263 257.868 672.405 321.301 737.105 304.623 
683.325 257.808 672.446 321.102 737.804 304.952 
683.375 257.599 672.52 320.914 738.351 305.551 
683.384 257.565 672.467 320.91 738.014 305.665 
683.429 257.572 672.252 320.985 737.127 305.701 
683.502 257.57 671.464 321.097 734.638 305.922 
683.525 257.574 671.024 321.191 733.347 306.107 
683.54 257.55 670.341 321.199 731.16 306.326 
683.59 257.64 669.154 321.447 727.691 306.6 
683.605 257.665 668.821 321.542 726.438 306.743 
683.616 257.708 668.494 321.752 724.901 306.804 
683.564 257.778 667.843 321.79 723.492 306.652 
683.574 257.75 667.697 321.738 723.033 306.607 
683.649 257.697 667.417 321.559 721.893 306.623 
683.802 257.623 667.645 321.687 718.557 306.035 
683.853 257.53 667.19 321.435 717.276 305.661 
684.043 257.265 666.553 320.903 715.373 304.95 
683.435 256.834 665.758 320.217 714.178 303.764 
683.461 256.764 665.428 320.012 712.968 303.048 
683.991 256.619 665.157 319.69 711.144 301.888 
684.659 256.32 664.691 319.102 708.443 300.761 
684.849 256.159 664.546 318.863 707.547 300.45 
684.983 255.936 664.299 318.498 706.383 299.874 
685.238 255.611 663.583 317.74 704.513 298.829 
685.377 255.471 663.263 317.373 703.561 298.374 
685.628 255.269 662.767 316.929 701.9 297.671 
685.91 254.983 661.903 316.206 699.184 296.23 
686.108 254.819 661.735 315.95 698.408 295.88 
686.328 254.657 661.468 315.631 697.523 295.408 
686.676 254.559 661.298 315.258 696.418 294.291 
686.781 254.434 661.274 315.138 695.988 293.986 
686.953 254.342 661.146 314.914 695.014 293.715 
687.333 254.221 660.512 314.535 692.57 293.356 
687.43 254.24 660.146 314.464 691.429 293.163 
687.461 254.377 659.674 314.497 689.755 293.133 
687.416 254.609 659.333 314.928 687.395 293.307 
687.437 254.74 659.358 315.253 686.782 293.628 
687.171 255.002 659.434 315.637 686.493 294.46 
686.988 255.07 659.714 316.051 686.336 296.491 
687.017 255.284 659.849 316.323 686.339 296.866 
686.886 255.481 659.982 316.653 686.353 297.025 
686.847 255.671 660.018 317.0 686.22 297.545 
686.829 255.699 660.05 317.119 685.916 297.828 
686.846 255.788 660.059 317.316 685.496 298.047 
686.777 255.946 660.19 317.64 685.221 298.471 
686.755 255.953 660.234 317.677 685.313 298.894 
686.837 256.055 660.09 317.758 685.428 299.18 
686.879 256.084 659.956 317.692 684.935 299.567 
686.852 256.1 659.898 317.778 684.669 299.801 
686.678 256.199 659.891 317.918 684.17 300.119 
686.583 256.196 659.813 317.957 683.863 300.633 
686.573 256.246 659.799 318.057 684.026 300.816 
686.533 256.344 659.979 318.285 684.479 300.774 
686.796 256.269 660.463 318.309 685.792 300.791 
686.847 256.263 660.586 318.274 686.496 300.846 
686.915 256.156 660.888 318.204 688.17 300.592 
687.059 256.094 661.74 318.105 692.128 300.563 
687.145 256.049 662.448 318.16 693.596 301.105 
687.365 256.03 663.336 318.396 695.813 301.484 
687.68 256.267 664.748 318.81 700.094 301.662 
687.878 256.344 665.513 319.047 701.575 302.164 
688.058 256.281 666.571 319.344 703.048 302.923 
688.318 256.368 667.853 319.848 705.66 303.133 
688.364 256.38 668.252 319.975 707.023 303.406 
688.457 256.368 668.972 320.241 709.265 303.974 
688.702 256.5 670.51 320.747 713.212 304.143 
688.82 256.556 671.254 320.919 714.95 304.116 
688.835 256.629 672.2 321.074 717.45 304.28 
689.143 256.757 673.806 321.414 720.973 304.551 
689.301 256.564 674.393 321.573 722.155 304.539 
689.62 256.683 675.149 321.724 722.582 303.964 
689.605 256.623 676.031 321.724 724.771 303.894 
689.605 256.605 676.353 321.779 725.549 303.871 
689.651 256.657 676.834 321.957 726.727 303.819 
689.66 256.839 678.024 322.461 728.72 303.937 
689.748 256.864 678.391 322.587 729.52 304.029 
689.789 256.9 678.747 322.641 730.421 304.134 
689.752 256.791 679.082 322.608 731.12 304.344 
689.653 256.777 679.12 322.628 731.354 304.298 
689.587 256.763 679.057 322.618 731.609 304.133 
689.493 256.719 679.242 322.6 732.69 304.328 
689.505 256.757 679.515 322.679 733.432 304.539 
689.552 256.757 679.92 322.771 734.631 304.653 
689.557 256.734 680.473 322.632 737.156 304.986 
689.63 256.66 680.724 322.598 738.144 305.19 
689.7 256.579 680.09 322.223 739.532 305.471 
689.798 256.496 680.692 322.326 741.343 305.648 
689.846 256.437 680.768 322.311 741.781 305.712 
689.903 256.303 680.801 322.296 742.273 305.809 
689.907 256.215 680.463 322.202 742.577 305.96 
689.896 256.229 680.329 322.24 742.547 306.022 
689.88 256.247 680.011 322.53 742.353 306.333 
689.742 256.434 679.654 322.951 741.625 307.238 
689.696 256.471 679.562 323.093 741.435 307.774 
689.595 256.523 679.38 323.312 741.309 308.533 
689.367 256.644 679.026 323.605 741.001 309.368 
689.248 256.675 678.891 323.708 740.871 309.564 
689.048 256.702 678.531 323.85 740.557 309.774 
688.696 256.757 677.984 324.002 739.673 310.115 
688.598 256.784 677.616 324.046 739.35 310.333 
688.434 256.787 677.186 324.079 738.673 310.677 
688.083 256.854 676.076 324.151 737.531 311.467 
687.972 256.879 675.678 324.172 737.016 311.862 
