533.425 285.199 515.196 345.599 448.957 336.322 
533.443 285.286 515.338 345.705 448.779 336.526 
533.511 285.415 515.545 345.85 448.55 336.72 
533.899 285.612 515.654 345.884 448.346 336.657 
533.696 285.702 515.628 345.867 448.202 336.665 
533.757 285.737 515.66 345.837 447.989 336.641 
533.925 285.817 515.873 345.84 447.751 336.605 
534.034 285.839 516.024 345.892 447.714 336.635 
534.438 285.954 516.297 346.033 447.792 336.714 
534.8 286.225 516.829 346.384 448.232 337.062 
534.621 286.443 517.083 346.584 448.422 337.324 
534.765 286.634 517.414 346.852 448.703 337.735 
534.906 286.859 517.802 347.161 449.033 338.071 
535.475 287.171 518.478 347.607 449.736 338.482 
535.352 287.291 518.76 347.744 449.985 338.552 
535.512 287.411 519.069 347.827 450.315 338.682 
535.645 287.52 519.518 347.928 450.701 338.727 
535.901 287.578 519.823 347.936 450.847 338.653 
535.993 287.546 519.881 347.758 450.874 338.47 
536.163 287.427 519.869 347.404 450.7 338.331 
536.425 287.134 519.956 347.02 450.427 338.156 
536.476 287.089 519.973 346.907 450.391 338.108 
536.659 286.892 520.029 346.534 450.288 337.936 
536.787 286.755 520.075 346.375 450.296 337.914 
537.056 286.719 520.55 346.424 450.544 338.165 
537.192 286.789 520.791 346.531 450.99 338.56 
537.278 286.88 521.047 346.697 451.268 339.214 
537.433 287.112 521.501 347.043 451.713 340.75 
537.473 287.202 521.689 347.215 451.783 341.669 
537.462 287.38 521.941 347.516 451.926 342.752 
537.562 287.537 522.242 347.709 452.228 343.583 
537.571 287.587 522.347 347.678 452.342 343.746 
537.947 287.509 522.429 347.556 452.292 344.094 
537.601 287.497 522.692 347.568 452.616 343.836 
537.88 287.58 522.66 347.552 452.589 343.493 
537.592 287.418 522.413 347.344 452.222 343.487 
537.466 287.267 522.16 347.191 451.914 343.099 
537.451 287.275 522.018 347.157 451.809 342.926 
537.359 287.192 521.795 347.076 451.637 343.019 
537.271 287.091 521.52 346.977 451.379 343.1 
537.19 287.022 521.314 346.973 451.209 343.021 
537.025 287.026 521.158 346.847 451.11 342.476 
536.772 286.776 520.736 346.58 450.852 341.707 
536.635 286.734 520.61 346.539 450.802 341.256 
536.515 286.605 520.342 346.431 450.739 340.603 
536.296 286.325 519.856 346.176 450.743 338.988 
536.202 286.152 519.573 346.084 450.801 338.463 
536.069 285.989 519.218 345.976 450.917 337.89 
536.246 285.803 518.663 345.902 451.518 336.222 
535.922 285.707 518.401 345.823 451.831 335.546 
535.844 285.598 518.091 345.733 452.298 334.563 
535.671 285.416 517.579 345.631 453.007 332.972 
535.673 285.296 517.328 345.515 453.188 332.508 
535.608 285.126 517.028 345.368 453.443 332.002 
535.513 284.972 516.558 345.253 454.162 330.644 
535.514 284.94 516.424 345.229 454.315 330.418 
535.475 284.918 516.296 345.283 454.637 330.126 
535.439 285.053 515.939 345.449 455.585 329.149 
535.425 285.081 515.82 345.448 455.947 329.057 
535.693 285.002 515.721 345.423 456.615 328.906 
535.223 285.032 515.464 345.419 457.649 328.35 
535.235 285.03 515.425 345.41 457.988 328.46 
535.59 285.144 515.41 345.491 458.402 328.524 
535.673 285.26 515.526 345.705 458.934 328.243 
535.406 285.176 515.505 345.63 459.347 327.986 
535.423 285.149 515.454 345.602 459.898 327.805 
535.445 285.206 515.336 345.546 460.788 327.678 
535.417 285.22 515.285 345.552 461.113 327.735 
535.377 285.264 515.318 345.636 461.566 327.745 
535.377 285.28 515.381 345.661 462.093 327.582 
535.394 285.264 515.355 345.62 462.382 327.597 
535.436 285.22 515.23 345.477 462.705 327.502 
535.529 285.189 514.961 345.308 463.312 327.445 
535.549 285.195 514.906 345.284 463.586 327.56 
535.572 285.187 514.916 345.285 463.995 327.675 
535.62 285.2 514.965 345.298 464.742 327.875 
535.633 285.191 515.028 345.306 464.939 327.963 
535.68 285.159 515.11 345.321 465.081 328.027 
535.819 285.139 515.037 345.233 465.117 327.943 
535.844 285.113 514.942 345.157 465.08 327.95 
535.902 285.001 514.75 344.98 464.963 328.193 
536.174 284.946 514.811 344.944 464.847 328.309 
535.919 284.94 514.851 344.97 464.838 328.353 
535.958 284.926 515.024 345.008 464.804 328.482 
536.203 284.813 515.187 345.024 464.645 328.564 
536.199 284.801 515.207 345.029 464.597 328.562 
535.937 284.705 515.291 345.024 464.244 328.53 
535.921 284.528 515.478 345.062 463.76 328.418 
535.952 284.525 515.529 345.062 463.675 328.294 
535.969 284.463 515.7 345.073 463.44 328.027 
535.949 284.36 515.784 345.052 463.278 327.917 
536.011 284.275 516.071 345.123 462.883 328.014 
536.002 284.27 516.191 345.193 462.676 327.968 
535.987 284.25 516.338 345.255 462.367 327.844 
536.226 284.207 516.41 345.244 462.039 327.795 
536.25 284.179 516.402 345.197 461.269 327.662 
536.221 284.138 516.384 345.12 461.009 327.587 
536.181 284.09 516.351 345.059 460.613 327.436 
535.675 284.0 516.288 344.986 459.614 327.291 
535.665 283.979 516.229 344.95 459.161 327.343 
535.636 283.926 516.11 344.883 458.58 327.231 
535.598 283.879 515.869 344.7 458.003 326.874 
535.592 283.868 515.802 344.657 457.837 326.877 
535.557 283.85 515.753 344.627 457.485 326.98 
535.415 283.894 515.663 344.667 456.84 327.427 
535.917 283.914 515.594 344.703 456.521 327.451 
535.66 283.974 515.468 344.646 456.081 327.445 
535.333 283.891 515.185 344.478 455.298 327.416 
535.302 283.86 514.995 344.393 454.969 327.471 
535.23 283.855 514.79 344.245 454.526 327.52 
535.127 283.861 514.638 344.155 453.99 327.36 
535.07 283.877 514.552 344.1 453.743 327.307 
535.021 283.883 514.383 344.016 453.298 327.224 
535.051 283.757 514.111 343.699 452.185 327.416 
535.042 283.713 514.021 343.622 451.791 327.543 
535.037 283.679 513.923 343.48 451.259 327.688 
535.055 283.727 513.791 343.406 450.47 328.172 
535.018 283.79 513.77 343.4 450.126 328.482 
535.059 283.767 513.727 343.34 449.494 329.021 
535.058 283.736 513.649 343.221 448.748 329.772 
535.046 283.76 513.592 343.096 448.582 329.661 
535.074 283.702 513.366 342.82 448.139 329.622 
535.076 283.485 513.114 342.436 447.269 329.902 
535.121 283.435 513.032 342.272 446.994 329.639 
535.223 283.284 512.801 341.945 446.623 329.318 
535.148 282.894 512.532 341.278 446.326 329.386 
535.167 282.836 512.612 341.198 446.415 329.369 
535.205 282.864 512.864 341.281 446.713 329.49 
535.586 282.763 513.245 341.321 447.243 330.429 
535.344 282.827 513.499 341.503 447.594 330.647 
535.396 283.108 513.849 341.827 447.957 331.092 
535.591 283.161 514.263 341.975 448.261 332.13 
535.575 283.165 514.433 342.018 448.42 332.266 
535.935 283.146 514.65 342.011 448.545 332.207 
535.939 282.81 514.765 341.594 448.448 332.15 
535.845 282.757 514.814 341.498 448.503 331.82 
536.029 282.719 514.818 341.326 448.495 331.224 
536.172 282.504 514.98 341.06 448.531 330.873 
536.218 282.445 515.058 341.012 448.542 330.82 
536.237 282.521 515.169 341.094 448.704 330.74 
536.588 282.882 515.582 341.583 449.265 330.883 
536.351 282.979 515.724 341.73 449.384 331.282 
536.288 283.138 516.064 341.991 449.694 331.95 
536.201 283.609 516.603 342.545 450.301 332.455 
536.168 283.715 516.881 342.722 450.572 332.664 
536.201 283.779 517.193 342.811 450.819 333.06 
536.209 283.869 517.296 342.927 450.885 333.498 
536.205 283.913 517.422 342.994 450.972 333.509 
536.28 283.857 517.516 342.966 450.985 333.68 
536.229 283.885 517.371 342.951 450.982 333.797 
536.237 283.838 517.35 342.974 450.934 333.789 
536.168 283.789 517.199 342.995 450.783 333.713 
535.909 283.807 516.857 343.044 450.669 333.178 
535.847 283.79 516.729 343.081 450.687 333.02 
536.066 283.795 516.538 343.208 450.686 333.001 
535.761 283.761 516.184 343.274 450.668 333.044 
535.653 283.754 516.029 343.304 450.639 333.003 
535.175 283.812 515.854 343.396 450.653 332.663 
535.374 283.681 515.394 343.249 450.914 331.885 
534.949 283.627 515.271 343.236 451.164 331.626 
534.91 283.636 515.225 343.353 451.512 331.353 
534.818 283.715 515.326 343.817 451.972 331.657 
534.784 283.767 515.439 344.069 452.023 331.608 
534.762 283.924 515.629 344.425 452.646 331.281 
534.728 284.204 515.953 344.981 453.564 330.958 
534.66 284.294 516.139 345.219 453.976 330.892 
534.669 284.377 516.451 345.516 454.713 330.549 
534.64 284.566 516.727 345.936 456.173 329.845 
534.634 284.552 516.872 346.026 456.703 329.69 
534.626 284.58 517.082 346.171 457.525 329.387 
534.435 284.588 517.11 346.209 458.668 328.772 
534.424 284.522 517.073 346.129 459.027 328.641 
534.396 284.48 517.204 346.222 459.647 328.24 
534.865 284.617 517.189 346.226 461.122 327.065 
534.847 284.548 517.084 346.171 461.563 326.662 
534.637 284.447 516.992 346.021 462.192 326.165 
534.699 284.284 516.701 345.711 462.691 325.569 
534.709 284.214 516.612 345.604 462.835 325.254 
535.044 284.125 516.505 345.431 463.258 324.61 
534.904 284.013 516.299 345.191 463.752 323.792 
534.931 283.974 516.263 345.148 463.892 323.602 
534.954 283.973 516.213 345.117 464.27 323.005 
535.03 283.972 515.997 344.969 464.903 322.161 
535.065 283.925 515.933 344.862 464.972 322.07 
535.075 283.869 515.865 344.78 465.021 321.904 
535.102 283.805 515.75 344.664 465.349 321.139 
535.375 283.791 515.667 344.607 465.519 321.012 
535.396 283.758 515.607 344.545 465.832 320.824 
535.157 283.788 515.496 344.515 466.567 320.66 
535.357 283.76 515.427 344.49 466.88 320.646 
535.356 283.765 515.296 344.461 467.373 320.527 
535.113 283.762 515.134 344.342 468.342 320.359 
535.094 283.752 515.182 344.344 468.629 320.38 
535.37 283.826 515.381 344.466 468.805 320.713 
535.401 283.974 515.613 344.722 468.61 321.135 
535.395 284.011 515.643 344.795 468.46 321.248 
535.409 284.065 515.808 344.92 468.17 321.587 
535.474 284.17 516.25 345.199 467.856 322.067 
535.272 284.227 516.414 345.287 467.678 322.228 
535.345 284.299 516.623 345.404 467.331 322.616 
535.46 284.457 516.973 345.613 467.154 322.995 
535.485 284.474 516.997 345.636 467.125 323.057 
535.593 284.478 517.048 345.624 467.003 323.315 
535.709 284.406 517.097 345.537 466.799 323.333 
535.868 284.283 517.075 345.423 466.527 323.097 
535.893 284.246 517.047 345.316 466.46 323.027 
535.955 284.142 516.892 345.149 466.131 322.753 
535.96 284.108 516.87 345.108 465.799 322.626 
535.998 284.061 516.909 345.063 465.171 322.612 
535.955 284.044 516.899 345.102 464.913 322.603 
535.923 283.991 516.837 345.11 464.417 322.596 
535.747 283.912 516.689 345.032 463.727 322.785 
535.659 283.792 516.372 344.874 462.546 322.656 
535.793 283.751 516.272 344.811 462.007 322.589 
535.698 283.693 516.083 344.689 461.209 322.417 
535.893 283.533 515.726 344.499 460.407 322.012 
535.522 283.546 515.538 344.468 459.761 321.623 
535.474 283.557 515.512 344.475 459.654 321.664 
535.247 283.513 515.405 344.356 459.236 321.791 
535.203 283.528 515.456 344.404 459.115 321.851 
535.228 283.644 515.57 344.535 458.868 322.086 
535.303 283.693 515.585 344.521 458.528 322.533 
535.329 283.832 515.686 344.629 458.377 322.814 
536.07 284.0 515.806 344.717 458.123 322.986 
535.677 284.102 515.769 344.703 457.62 322.888 
535.716 284.057 515.786 344.616 457.195 322.955 
535.761 284.054 515.889 344.623 456.883 323.104 
535.807 284.151 515.995 344.658 456.79 323.184 
536.299 284.232 515.999 344.565 456.492 323.606 
536.13 284.291 516.172 344.653 455.946 324.378 
536.205 284.439 516.332 344.768 455.766 324.537 
536.315 284.589 516.437 344.842 455.543 324.606 
536.453 284.615 516.395 344.772 454.965 325.323 
536.708 284.655 516.327 344.787 454.678 325.375 
536.771 284.693 516.283 344.692 454.385 325.279 
536.928 284.49 516.212 344.448 453.602 326.189 
536.986 284.451 516.313 344.355 453.263 326.582 
537.04 284.501 516.481 344.391 453.048 326.882 
536.81 284.539 516.615 344.344 452.677 327.613 
536.839 284.463 516.583 344.264 452.276 328.334 
536.807 284.643 516.659 344.402 452.153 328.653 
536.882 284.791 516.697 344.458 451.99 328.82 
536.927 284.726 516.771 344.428 451.867 329.442 
537.297 284.943 516.928 344.594 451.844 330.089 
537.314 285.05 517.01 344.778 451.915 330.273 
537.005 285.223 517.377 345.028 452.229 330.679 
537.087 285.285 517.404 345.065 452.229 331.156 
537.07 285.322 517.51 345.104 452.39 331.428 
537.132 285.311 517.633 345.068 452.456 331.327 
537.283 285.195 517.648 344.943 452.442 331.382 
537.399 285.101 517.81 344.817 452.529 331.546 
537.567 284.998 517.8 344.673 452.468 331.724 
537.646 284.969 517.776 344.59 452.495 331.882 
537.682 285.017 517.786 344.55 452.484 331.966 
537.99 285.006 517.64 344.475 452.217 332.174 
537.942 285.063 517.687 344.51 452.224 332.162 
538.004 285.019 517.697 344.473 452.089 332.397 
537.683 285.044 517.796 344.632 452.242 332.559 
537.679 285.215 517.924 344.901 452.693 332.021 
537.699 285.197 517.884 344.927 452.853 331.938 
537.609 285.188 517.927 345.062 453.341 331.735 
537.594 285.201 517.787 345.033 454.15 330.946 
537.538 285.175 517.776 345.003 454.281 330.847 
537.565 285.029 517.823 344.894 454.607 331.079 
537.494 285.019 517.805 344.966 454.88 331.423 
537.392 285.138 517.846 345.138 455.622 331.167 
537.351 285.158 517.739 345.124 455.977 330.972 
537.262 285.134 517.631 345.169 456.227 331.181 
537.098 285.12 517.508 345.116 456.495 330.679 
537.061 285.055 517.163 344.986 457.285 330.363 
537.091 284.994 517.077 344.936 457.49 330.529 
536.916 285.0 516.913 344.915 458.081 330.181 
537.154 285.15 516.662 344.842 459.261 329.509 
537.178 285.121 516.539 344.734 459.47 329.798 
536.65 284.899 516.411 344.705 459.755 330.158 
536.542 285.01 516.31 344.775 461.401 329.855 
536.771 285.131 516.375 344.836 461.927 329.998 
536.773 285.166 516.413 344.962 462.51 330.247 
536.703 285.208 516.194 344.924 463.733 329.879 
537.017 285.25 516.111 344.897 464.196 329.753 
537.029 285.284 516.103 344.932 464.621 329.669 
536.739 285.393 515.946 344.953 465.434 329.212 
536.722 285.439 515.87 344.958 465.771 329.158 
536.982 285.508 515.849 344.968 466.411 329.055 
536.729 285.627 515.884 345.074 467.199 328.838 
536.671 285.673 515.738 345.04 468.1 328.688 
536.692 285.65 515.594 344.947 468.399 328.671 
536.932 285.626 515.454 344.931 468.753 328.723 
536.615 285.762 515.548 345.119 469.076 328.134 
536.605 285.782 515.53 345.143 469.141 327.958 
536.47 285.811 515.37 345.137 469.545 327.583 
536.406 285.824 515.276 345.17 469.911 327.495 
536.263 285.958 515.26 345.366 470.816 327.195 
536.186 286.057 515.264 345.468 471.539 326.885 
536.13 286.128 515.247 345.511 472.29 326.596 
536.035 286.198 515.167 345.6 473.067 326.283 
535.976 286.221 514.907 345.486 473.704 326.072 
535.967 286.202 514.669 345.449 474.173 325.966 
535.879 286.173 514.438 345.305 474.75 326.079 
535.813 286.124 514.367 345.263 475.109 326.204 
535.825 286.101 514.435 345.189 475.992 326.41 
535.901 286.116 514.294 345.165 476.758 326.451 
535.824 286.167 514.241 345.12 477.529 326.471 
535.775 286.168 514.27 345.142 477.792 326.482 
535.75 286.163 514.243 345.137 477.816 326.481 
535.744 286.036 514.026 344.981 477.49 326.515 
535.748 286.012 513.883 344.939 477.201 326.504 
535.689 285.978 513.881 344.957 476.558 326.418 
535.634 286.023 513.948 345.019 475.407 326.455 
535.595 285.977 514.048 345.082 474.456 326.522 
535.57 285.946 513.941 345.108 473.489 326.631 
535.537 285.956 514.265 345.165 471.994 326.924 
535.518 285.95 514.707 345.476 471.509 326.909 
535.47 286.016 514.985 345.645 470.989 327.066 
535.451 286.072 515.097 345.741 470.728 327.043 
535.34 286.107 515.058 345.788 470.466 327.146 
535.293 286.113 514.992 345.789 470.308 327.317 
535.198 286.094 514.848 345.729 470.063 327.431 
534.859 286.057 514.67 345.746 469.358 327.749 
534.765 286.02 514.605 345.72 468.882 327.814 
534.645 285.935 514.553 345.639 468.131 328.196 
534.465 285.594 514.506 345.516 466.44 329.317 
534.71 285.46 514.469 345.342 465.654 329.703 
534.401 285.297 514.388 345.176 464.506 329.981 
534.362 285.1 514.115 344.863 462.592 330.262 
534.364 285.013 514.021 344.733 461.659 330.211 
534.348 284.874 513.945 344.48 460.312 330.092 
534.222 284.557 513.962 344.082 458.682 329.828 
534.647 284.523 513.94 343.925 458.136 329.773 
534.709 284.361 513.941 343.788 457.59 329.771 
534.624 284.24 514.079 343.549 456.639 329.993 
534.673 284.188 514.124 343.507 456.106 330.4 
534.699 284.154 514.2 343.468 455.238 331.024 
534.936 284.146 514.161 343.307 453.585 331.464 
534.957 284.16 514.06 343.228 452.994 331.382 
534.986 284.201 514.027 343.128 452.263 331.178 
535.179 284.092 514.323 342.917 451.571 330.892 
535.301 284.108 514.523 342.93 451.504 330.815 
535.542 284.29 514.838 343.002 451.539 330.758 
536.027 284.356 515.176 342.986 451.683 330.867 
536.151 284.396 515.298 343.007 451.693 331.084 
536.325 284.464 515.418 342.877 451.496 331.288 
536.806 284.282 515.539 342.55 450.64 332.475 
537.225 284.285 515.626 342.471 450.375 332.792 
537.406 284.299 515.805 342.321 450.365 333.029 
537.517 284.695 516.24 342.557 450.487 333.465 
537.671 284.705 516.305 342.567 450.355 334.111 
537.79 284.779 516.455 342.804 450.399 335.262 
537.972 285.339 517.111 343.511 451.121 335.812 
538.042 285.5 517.295 343.69 451.42 336.18 
538.081 285.674 517.446 343.803 451.673 336.668 
538.238 285.683 517.766 343.908 451.728 337.0 
538.259 285.707 517.936 343.922 451.808 336.858 
538.378 285.635 517.963 343.842 451.787 336.634 
538.482 285.657 518.197 343.87 452.366 335.671 
538.539 285.658 518.244 343.869 452.547 335.339 
538.579 285.584 518.221 343.847 452.653 335.146 
538.564 285.576 518.361 343.982 453.148 334.496 
538.56 285.62 518.314 343.992 453.3 334.203 
538.531 285.576 518.337 344.02 453.706 333.775 
538.552 285.521 518.271 343.988 454.352 332.857 
538.503 285.542 518.196 344.061 454.654 332.679 
538.377 285.574 518.092 344.1 455.029 332.376 
538.573 285.46 517.64 344.115 455.175 331.937 
538.452 285.464 517.423 344.118 455.397 331.569 
538.264 285.446 517.132 344.021 455.697 330.949 
538.129 285.416 516.716 343.955 455.927 330.384 
538.096 285.365 516.559 343.857 455.905 330.134 
537.752 285.245 516.304 343.725 456.152 329.837 
537.717 285.251 516.106 343.666 457.184 329.151 
537.749 285.257 516.002 343.671 457.421 329.011 
537.738 285.285 515.827 343.691 457.614 329.076 
537.662 285.304 515.396 343.636 457.86 328.765 
537.647 285.294 515.296 343.626 458.002 328.568 
537.592 285.284 515.244 343.612 458.378 328.149 
537.995 285.278 515.119 343.501 458.998 327.606 
538.001 285.295 515.094 343.509 459.273 327.526 
537.992 285.355 515.067 343.547 459.647 327.299 
537.568 285.312 515.084 343.607 460.106 326.847 
537.568 285.32 515.1 343.644 460.386 326.783 
537.593 285.37 515.081 343.643 460.782 326.822 
538.155 285.699 515.157 343.779 461.636 326.895 
538.215 285.707 515.193 343.9 462.026 326.802 
538.108 285.848 515.208 343.99 462.669 326.8 
537.875 285.903 515.184 344.132 463.634 326.761 
537.874 285.934 515.162 344.133 463.974 326.7 
537.844 285.896 515.144 344.127 464.542 326.643 
537.596 285.854 515.136 344.152 465.641 326.668 
537.702 285.972 515.155 344.216 466.118 326.662 
537.639 286.045 515.185 344.353 466.995 326.544 
537.554 286.157 515.205 344.526 468.817 326.623 
537.793 286.213 515.17 344.568 469.482 326.809 
537.486 286.272 515.222 344.762 470.369 327.182 
537.443 286.455 515.319 345.017 471.36 327.842 
537.425 286.513 515.404 345.125 471.578 328.017 
537.403 286.614 515.547 345.33 471.76 328.266 
537.341 286.755 515.432 345.36 472.076 328.539 
537.327 286.78 515.414 345.388 472.236 328.687 
537.296 286.788 515.461 345.473 472.507 328.803 
537.21 286.799 515.424 345.524 473.155 328.949 
537.173 286.804 515.377 345.526 473.498 328.927 
537.141 286.826 515.237 345.538 474.022 328.865 
537.0 286.84 515.019 345.508 474.647 328.978 
536.963 286.847 514.968 345.512 474.905 329.003 
536.797 286.892 514.874 345.491 475.308 328.982 
536.614 286.951 514.401 345.388 475.927 328.987 
536.538 286.923 514.158 345.305 476.115 328.951 
536.435 286.876 513.857 345.153 476.315 329.162 
536.259 286.708 513.519 345.01 476.185 329.651 
536.137 286.692 513.455 345.014 475.839 329.809 
536.015 286.708 513.443 345.094 474.944 329.993 
535.802 286.725 513.393 345.246 472.924 330.57 
535.676 286.742 513.403 345.355 472.016 330.917 
535.534 286.737 513.449 345.405 470.603 331.408 
535.172 286.856 513.73 345.676 468.576 332.102 
535.09 286.886 513.865 345.771 467.958 332.38 
534.998 286.935 514.129 345.954 467.237 332.617 
534.861 287.019 514.234 346.023 466.699 332.647 
534.809 287.0 514.208 345.99 466.424 332.669 
534.734 286.954 514.192 345.856 465.503 332.852 
534.591 286.889 514.298 345.943 463.05 332.83 
534.452 286.818 514.116 345.77 462.052 332.701 
534.344 286.576 513.757 345.382 460.716 332.369 
534.078 286.303 513.278 344.883 458.772 331.636 
534.022 286.246 513.114 344.742 457.979 331.202 
534.246 286.026 512.949 344.497 456.896 330.476 
533.924 285.723 512.701 344.045 455.272 329.902 
533.891 285.563 512.628 343.857 454.688 329.769 
533.867 285.354 512.502 343.572 453.957 329.453 
533.835 285.04 512.076 343.006 452.762 328.85 
533.828 284.901 511.838 342.733 452.148 328.609 
533.783 284.698 511.512 342.414 451.206 328.253 
533.967 284.388 511.14 341.887 449.834 327.422 
533.644 284.262 511.006 341.691 449.34 327.246 
533.585 284.099 510.786 341.456 448.817 326.983 
533.787 283.944 510.539 341.17 448.14 326.227 
533.433 283.867 510.441 341.077 447.825 326.045 
533.373 283.772 510.337 340.904 447.286 325.957 
533.251 283.635 510.234 340.636 446.333 325.962 
533.218 283.644 510.255 340.6 446.068 325.928 
533.492 283.726 510.405 340.65 445.768 326.073 
533.406 283.947 511.045 340.991 445.857 326.403 
533.219 284.084 511.348 341.242 446.04 326.697 
533.298 284.337 511.591 341.544 446.107 327.386 
533.43 284.402 511.78 341.861 445.942 329.053 
533.369 284.596 511.955 342.07 446.083 329.342 
533.418 284.779 512.151 342.326 446.281 329.451 
533.447 284.948 512.575 342.587 446.705 329.844 
533.493 284.968 512.693 342.678 446.741 330.093 
533.499 285.044 512.897 342.83 446.864 330.292 
533.628 285.175 513.312 343.066 447.138 330.632 
533.698 285.175 513.372 343.089 447.151 330.965 
533.693 285.256 513.408 343.165 447.271 331.176 
533.768 285.267 513.435 343.117 447.111 331.542 
533.747 285.287 513.572 343.184 447.171 331.747 
533.813 285.387 513.761 343.29 447.164 332.044 
533.866 285.389 513.836 343.323 447.11 332.487 
533.83 285.439 513.851 343.408 447.156 332.618 
533.79 285.535 513.858 343.588 447.239 332.541 
533.688 285.45 513.689 343.588 447.268 332.45 
533.624 285.447 513.551 343.56 447.283 332.437 
533.518 285.357 513.349 343.494 447.59 332.074 
533.545 285.282 513.04 343.374 448.309 331.673 
533.562 285.23 512.974 343.377 448.417 331.988 
533.512 285.193 512.88 343.524 448.797 332.088 
533.736 285.335 512.708 343.792 449.857 331.801 
533.693 285.384 512.714 343.942 450.084 332.075 
533.177 285.373 512.751 344.121 450.239 332.569 
532.868 285.458 512.751 344.464 450.956 332.473 
532.795 285.472 512.679 344.551 451.368 332.555 
532.684 285.465 512.575 344.737 452.001 332.792 
532.312 285.599 512.53 345.07 453.326 332.503 
532.199 285.648 512.446 345.173 453.786 332.302 
532.334 285.694 512.191 345.26 454.438 332.182 
532.071 285.803 511.89 345.465 455.31 332.049 
531.883 285.638 511.861 345.564 455.745 331.906 
531.529 285.75 511.845 345.644 456.213 331.346 
531.416 285.713 511.593 345.603 456.845 331.052 
531.262 285.716 511.539 345.632 457.153 330.941 
531.191 285.766 511.491 345.756 457.584 330.763 
531.281 285.914 511.576 346.105 458.438 330.624 
530.932 285.97 511.577 346.189 458.759 330.607 
530.877 286.004 511.499 346.217 459.087 330.593 
530.775 285.925 511.395 346.174 459.327 330.693 
530.957 285.902 511.391 346.189 459.444 330.624 
530.881 285.907 511.326 346.189 459.732 330.437 
530.783 285.892 511.17 346.171 460.317 330.462 
530.689 285.936 511.175 346.221 460.692 330.548 
530.408 285.966 511.14 346.276 461.38 330.486 
530.449 285.94 510.786 346.144 462.564 330.457 
530.18 285.901 510.64 346.107 462.997 330.513 
530.023 285.841 510.116 345.862 463.699 330.578 
529.832 285.78 509.923 345.924 464.598 330.501 
529.747 285.733 509.845 345.911 464.799 330.503 
529.557 285.633 509.713 345.905 464.927 330.534 
529.416 285.573 509.417 345.867 465.055 330.628 
529.315 285.599 509.408 345.909 465.133 330.678 
529.235 285.627 509.486 346.175 465.152 330.962 
529.259 285.806 509.651 346.549 465.062 331.816 
529.206 285.85 509.701 346.674 465.007 332.301 
529.125 285.919 509.786 346.869 464.937 332.975 
528.754 286.1 509.811 347.142 464.887 333.728 
528.682 286.151 509.802 347.24 464.855 333.91 
528.537 286.218 509.773 347.388 464.785 334.123 
528.233 286.347 509.63 347.563 464.481 334.515 
528.127 286.396 509.512 347.633 464.317 334.743 
527.9 286.447 509.396 347.697 464.063 335.115 
527.46 286.605 509.033 347.855 463.611 335.925 
527.262 286.665 508.917 347.906 463.373 336.325 
