0.576959 -1.42287 -0.764845 0.506538 -1.18809 -0.822528 0.266765 -1.20795 -0.674247 
0.577036 -1.42259 -0.765209 0.507086 -1.18771 -0.823017 0.265881 -1.20741 -0.676818 
0.577308 -1.42221 -0.76597 0.507888 -1.18721 -0.823891 0.264704 -1.20701 -0.680524 
0.578836 -1.42178 -0.767853 0.508285 -1.18732 -0.82693 0.263422 -1.20775 -0.686172 
0.578056 -1.42145 -0.768134 0.508173 -1.1875 -0.828309 0.262672 -1.20793 -0.688582 
0.578312 -1.42151 -0.769331 0.508282 -1.18776 -0.830058 0.26149 -1.2084 -0.692861 
0.578984 -1.42144 -0.770741 0.509087 -1.18802 -0.833341 0.259874 -1.20923 -0.700601 
0.579415 -1.42149 -0.7715 0.50967 -1.18789 -0.834217 0.259488 -1.20935 -0.703188 
0.581004 -1.42133 -0.773068 0.510731 -1.18743 -0.835405 0.259437 -1.20937 -0.706616 
0.582441 -1.42064 -0.775199 0.512802 -1.18616 -0.836915 0.260631 -1.20845 -0.710746 
0.581761 -1.41986 -0.775855 0.513798 -1.18539 -0.837234 0.261167 -1.20761 -0.712378 
0.582342 -1.41934 -0.777213 0.515089 -1.18438 -0.837922 0.261938 -1.2063 -0.715002 
0.582903 -1.41859 -0.778024 0.516606 -1.18322 -0.838805 0.262872 -1.20529 -0.717772 
0.585147 -1.41777 -0.780268 0.519252 -1.18161 -0.840808 0.264967 -1.2042 -0.722674 
0.584682 -1.41737 -0.780812 0.520356 -1.18112 -0.841481 0.265675 -1.20413 -0.724782 
0.58532 -1.41706 -0.781755 0.521564 -1.1809 -0.842773 0.266628 -1.20389 -0.727482 
0.585847 -1.41676 -0.782504 0.523325 -1.18066 -0.844723 0.267654 -1.2041 -0.73155 
0.586864 -1.41672 -0.783533 0.524516 -1.18082 -0.847043 0.267786 -1.20477 -0.735838 
0.587226 -1.41692 -0.783921 0.524738 -1.18165 -0.8484 0.267679 -1.20567 -0.73805 
0.587897 -1.41748 -0.784351 0.524684 -1.18332 -0.851438 0.266587 -1.20662 -0.742859 
0.588924 -1.41875 -0.784841 0.525016 -1.18509 -0.854155 0.264904 -1.20792 -0.75005 
0.589124 -1.41895 -0.78494 0.525081 -1.18559 -0.854663 0.264668 -1.2082 -0.751151 
0.589842 -1.41978 -0.785105 0.525295 -1.1873 -0.857116 0.263843 -1.20928 -0.755852 
0.590347 -1.42042 -0.785588 0.525473 -1.18809 -0.858897 0.263571 -1.20965 -0.759048 
0.591405 -1.42066 -0.78603 0.527349 -1.18799 -0.859879 0.264039 -1.20912 -0.763828 
0.591937 -1.42043 -0.786233 0.5283 -1.18757 -0.859903 0.266165 -1.20717 -0.758799 
0.592278 -1.42012 -0.786523 0.529315 -1.1869 -0.859845 0.267143 -1.20471 -0.759374 
0.592887 -1.41925 -0.786759 0.531114 -1.18551 -0.859764 0.268801 -1.1988 -0.759373 
0.593044 -1.41892 -0.786905 0.531858 -1.18477 -0.859167 0.269034 -1.19529 -0.759768 
0.593006 -1.41822 -0.786983 0.532854 -1.18354 -0.858921 0.269463 -1.19121 -0.760949 
0.593398 -1.41763 -0.787122 0.534049 -1.18286 -0.860098 0.270377 -1.1882 -0.763242 
0.593436 -1.41746 -0.787311 0.534465 -1.18305 -0.860835 0.270714 -1.18765 -0.764151 
0.594914 -1.41791 -0.787926 0.534789 -1.1836 -0.861467 0.270356 -1.18646 -0.766085 
0.593558 -1.41785 -0.787484 0.535831 -1.18366 -0.862733 0.271244 -1.18775 -0.769467 
0.594653 -1.41761 -0.787864 0.535706 -1.18377 -0.863355 0.271083 -1.18913 -0.770132 
0.593524 -1.41818 -0.787579 0.534724 -1.18465 -0.863925 0.269693 -1.18916 -0.770427 
0.593017 -1.41866 -0.786917 0.53372 -1.18522 -0.863391 0.268547 -1.19065 -0.770421 
0.592953 -1.41858 -0.786614 0.533158 -1.18533 -0.863105 0.268218 -1.19126 -0.769729 
0.592584 -1.41881 -0.786059 0.532273 -1.18562 -0.862713 0.267749 -1.19074 -0.767918 
0.592228 -1.41909 -0.785339 0.531187 -1.18591 -0.861448 0.267012 -1.19022 -0.765591 
0.591904 -1.41929 -0.784923 0.530373 -1.18583 -0.860364 0.266572 -1.19035 -0.76353 
0.591256 -1.4192 -0.784588 0.529756 -1.18628 -0.859648 0.266459 -1.19222 -0.760758 
0.590248 -1.42 -0.783518 0.528086 -1.18724 -0.8583 0.265899 -1.19482 -0.756504 
0.589702 -1.42004 -0.782835 0.527589 -1.18735 -0.857655 0.265872 -1.19641 -0.75478 
0.589214 -1.42036 -0.781697 0.526535 -1.18764 -0.855961 0.265997 -1.19859 -0.750894 
0.588317 -1.42106 -0.779306 0.524627 -1.18836 -0.852268 0.26656 -1.20428 -0.744906 
0.58795 -1.4217 -0.779053 0.523513 -1.18858 -0.850527 0.267296 -1.2058 -0.739251 
0.587412 -1.42216 -0.777988 0.522131 -1.1887 -0.84677 0.268619 -1.20714 -0.72963 
0.588069 -1.42264 -0.776294 0.519977 -1.18842 -0.83984 0.272411 -1.21196 -0.712312 
0.58679 -1.4228 -0.775139 0.518961 -1.18853 -0.837386 0.274174 -1.21391 -0.705472 
0.586457 -1.42297 -0.773574 0.517768 -1.18854 -0.833123 0.276778 -1.21672 -0.69545 
0.585751 -1.42335 -0.771608 0.515809 -1.18831 -0.825457 0.280772 -1.22124 -0.679571 
0.585748 -1.42372 -0.770951 0.514848 -1.18853 -0.822539 0.281977 -1.2224 -0.673446 
0.58548 -1.42425 -0.770113 0.513704 -1.18878 -0.818501 0.283617 -1.22352 -0.665345 
0.585095 -1.42469 -0.769152 0.511915 -1.18878 -0.813108 0.287243 -1.22746 -0.653474 
0.585099 -1.42482 -0.769149 0.511411 -1.18871 -0.811108 0.288173 -1.22788 -0.649146 
0.584947 -1.42488 -0.769009 0.510939 -1.18821 -0.807684 0.289825 -1.22841 -0.643429 
0.584804 -1.4243 -0.768764 0.509601 -1.18708 -0.802077 0.294231 -1.23088 -0.631497 
0.584749 -1.42417 -0.768669 0.509161 -1.18687 -0.79948 0.29602 -1.23065 -0.625657 
0.585807 -1.42471 -0.769864 0.508812 -1.18666 -0.795697 0.299125 -1.23036 -0.616984 
0.58399 -1.42458 -0.770101 0.507864 -1.18627 -0.790791 0.30343 -1.23166 -0.609135 
0.584036 -1.42456 -0.769931 0.507732 -1.18612 -0.788487 0.30499 -1.23083 -0.604749 
0.585397 -1.42403 -0.769226 0.507701 -1.18558 -0.78577 0.306847 -1.23013 -0.599961 
0.585692 -1.42334 -0.76777 0.50818 -1.18445 -0.782178 0.309128 -1.23067 -0.594922 
0.584639 -1.42347 -0.766696 0.508111 -1.18462 -0.780604 0.310859 -1.23127 -0.591427 
0.584702 -1.42355 -0.766524 0.507934 -1.18457 -0.778674 0.313134 -1.23152 -0.587147 
0.584772 -1.42318 -0.765617 0.507512 -1.18452 -0.775359 0.316836 -1.23127 -0.579761 
0.584655 -1.42307 -0.76532 0.507322 -1.18442 -0.774417 0.318179 -1.23081 -0.577109 
0.584496 -1.42284 -0.76499 0.507465 -1.18395 -0.772662 0.319986 -1.2305 -0.574212 
0.584493 -1.42275 -0.764836 0.507727 -1.18369 -0.770633 0.322077 -1.23078 -0.57094 
0.584563 -1.42283 -0.764929 0.507634 -1.18379 -0.769872 0.323281 -1.23048 -0.56839 
0.584725 -1.42303 -0.765044 0.50716 -1.18429 -0.769165 0.324583 -1.2306 -0.566052 
0.585078 -1.42311 -0.764738 0.506142 -1.18485 -0.768038 0.327045 -1.23036 -0.561428 
0.585156 -1.42309 -0.764751 0.50594 -1.18489 -0.76736 0.328139 -1.22977 -0.559569 
0.585243 -1.42311 -0.764649 0.505989 -1.18479 -0.766162 0.329761 -1.2291 -0.556883 
0.585422 -1.42301 -0.76434 0.506196 -1.18458 -0.764163 0.332669 -1.22798 -0.552594 
0.585473 -1.42304 -0.76428 0.506439 -1.18451 -0.763669 0.333427 -1.22757 -0.551568 
0.585651 -1.42316 -0.764222 0.506757 -1.18441 -0.763089 0.333973 -1.22727 -0.550808 
0.586189 -1.42326 -0.764258 0.506477 -1.18476 -0.763213 0.334127 -1.22753 -0.550395 
0.586287 -1.42336 -0.764228 0.506112 -1.18508 -0.763523 0.333995 -1.22751 -0.55048 
0.586508 -1.42378 -0.764044 0.505367 -1.18586 -0.764689 0.333557 -1.22668 -0.550934 
0.587557 -1.42401 -0.763962 0.505589 -1.18609 -0.765757 0.333046 -1.22641 -0.552435 
0.586565 -1.42394 -0.763544 0.505742 -1.186 -0.765889 0.332993 -1.22628 -0.552713 
0.58671 -1.42396 -0.763315 0.506403 -1.18587 -0.76601 0.332791 -1.22593 -0.553864 
0.587643 -1.42434 -0.762743 0.507024 -1.1858 -0.76583 0.332142 -1.22576 -0.555173 
0.587626 -1.42436 -0.762588 0.507104 -1.18578 -0.76579 0.331957 -1.22579 -0.555423 
0.586596 -1.42454 -0.761532 0.507429 -1.18576 -0.765288 0.330658 -1.22599 -0.556451 
0.58653 -1.4252 -0.761297 0.508141 -1.18562 -0.765297 0.328756 -1.22667 -0.559424 
0.586646 -1.42518 -0.761084 0.508336 -1.18563 -0.765366 0.328383 -1.22722 -0.560447 
0.586701 -1.42535 -0.760629 0.508985 -1.18563 -0.765788 0.327395 -1.2284 -0.562703 
0.586619 -1.4257 -0.760293 0.509302 -1.18575 -0.766243 0.326704 -1.22896 -0.564353 
0.586837 -1.42584 -0.759071 0.510403 -1.18546 -0.765895 0.325083 -1.22892 -0.567612 
0.586795 -1.4258 -0.758714 0.510865 -1.18518 -0.765785 0.324253 -1.22922 -0.569028 
0.586729 -1.4258 -0.758253 0.511424 -1.18495 -0.765888 0.322967 -1.22993 -0.571714 
0.587642 -1.42595 -0.75798 0.511697 -1.18504 -0.766392 0.321638 -1.23034 -0.574141 
0.587731 -1.42603 -0.757773 0.511655 -1.18534 -0.76784 0.318608 -1.23123 -0.57853 
0.587619 -1.42619 -0.757785 0.511578 -1.1857 -0.768557 0.317528 -1.23171 -0.580685 
0.58746 -1.42633 -0.757512 0.511445 -1.18603 -0.769669 0.315898 -1.23256 -0.583805 
0.585545 -1.42693 -0.759304 0.511188 -1.18648 -0.771728 0.311874 -1.23371 -0.590379 
0.585504 -1.42698 -0.759127 0.510953 -1.18669 -0.77261 0.310071 -1.23377 -0.59304 
0.585387 -1.42716 -0.758977 0.510487 -1.18705 -0.77383 0.307753 -1.2345 -0.596452 
0.585237 -1.4273 -0.758719 0.509546 -1.18794 -0.776043 0.30541 -1.23617 -0.600287 
0.585212 -1.42733 -0.758647 0.509283 -1.18816 -0.776696 0.30477 -1.23622 -0.600981 
0.585076 -1.42737 -0.758479 0.50909 -1.18831 -0.777119 0.303361 -1.23604 -0.60307 
0.584515 -1.42708 -0.757857 0.50874 -1.18822 -0.778014 0.301216 -1.23423 -0.601749 
0.58643 -1.42688 -0.756816 0.508467 -1.18812 -0.778587 0.299916 -1.23434 -0.603852 
0.585419 -1.4264 -0.755498 0.507974 -1.18845 -0.779955 0.298146 -1.23461 -0.606488 
0.584144 -1.42654 -0.754588 0.506866 -1.18928 -0.782119 0.295019 -1.23512 -0.610814 
0.58402 -1.42664 -0.754453 0.506123 -1.18971 -0.783381 0.293736 -1.23505 -0.612292 
0.583739 -1.42662 -0.754259 0.505318 -1.19043 -0.785168 0.291958 -1.2351 -0.61476 
0.583338 -1.42653 -0.753943 0.504711 -1.19095 -0.787259 0.289673 -1.23612 -0.619232 
0.583114 -1.42642 -0.753696 0.50437 -1.19124 -0.788183 0.288656 -1.23647 -0.62087 
0.582923 -1.42636 -0.753489 0.503704 -1.1917 -0.789832 0.286808 -1.23707 -0.623954 
0.583037 -1.42685 -0.753433 0.502635 -1.1931 -0.791716 0.282351 -1.2369 -0.62979 
0.583001 -1.42699 -0.753255 0.502277 -1.19349 -0.792787 0.280737 -1.23666 -0.632233 
0.582979 -1.4271 -0.753103 0.501878 -1.19419 -0.794491 0.278482 -1.23651 -0.636275 
0.583045 -1.4269 -0.753025 0.501335 -1.19473 -0.79753 0.27512 -1.2353 -0.642363 
0.582903 -1.42665 -0.75305 0.501243 -1.19484 -0.798576 0.273681 -1.23437 -0.644727 
0.583063 -1.42677 -0.753184 0.501062 -1.19519 -0.799924 0.271045 -1.23276 -0.64892 
0.583056 -1.42687 -0.753047 0.500732 -1.19588 -0.802557 0.267893 -1.23046 -0.654196 
0.583009 -1.42675 -0.752903 0.500494 -1.19648 -0.803829 0.267073 -1.2311 -0.656555 
0.58312 -1.42701 -0.75308 0.499599 -1.19772 -0.805625 0.265179 -1.23155 -0.659833 
0.583132 -1.42789 -0.753235 0.498589 -1.19949 -0.808628 0.261371 -1.23118 -0.667068 
0.583304 -1.42811 -0.753347 0.498256 -1.20022 -0.809583 0.26005 -1.23249 -0.670492 
0.583703 -1.42878 -0.753745 0.497335 -1.20169 -0.81165 0.258308 -1.23409 -0.674663 
0.583412 -1.43028 -0.753573 0.496241 -1.20467 -0.815507 0.257121 -1.23394 -0.675891 
0.583486 -1.4305 -0.753509 0.496539 -1.20509 -0.816614 0.257139 -1.23432 -0.678943 
0.583639 -1.43048 -0.754024 0.497502 -1.20488 -0.817876 0.257884 -1.23421 -0.682198 
0.585128 -1.43114 -0.75535 0.498962 -1.20487 -0.819427 0.259456 -1.23106 -0.685645 
0.584187 -1.43076 -0.75474 0.49995 -1.20418 -0.819683 0.26061 -1.23037 -0.686764 
0.584397 -1.42975 -0.755287 0.501312 -1.2029 -0.819713 0.261826 -1.22881 -0.687708 
0.585157 -1.42963 -0.755704 0.502916 -1.20238 -0.820307 0.262834 -1.22502 -0.688711 
0.58509 -1.42958 -0.755498 0.503572 -1.20227 -0.820948 0.263334 -1.22459 -0.689469 
0.58648 -1.42973 -0.755737 0.50441 -1.20236 -0.821541 0.263634 -1.22497 -0.690989 
0.586478 -1.43091 -0.754863 0.504844 -1.20414 -0.822744 0.262976 -1.22549 -0.694199 
0.586115 -1.43109 -0.754757 0.505025 -1.2046 -0.823588 0.263039 -1.22687 -0.695544 
0.586823 -1.43125 -0.75469 0.505032 -1.20536 -0.824409 0.262807 -1.22932 -0.697594 
0.587389 -1.43225 -0.755516 0.505656 -1.20652 -0.825391 0.26267 -1.23092 -0.70035 
0.587575 -1.43255 -0.755887 0.505954 -1.20675 -0.825755 0.262623 -1.23121 -0.701243 
0.587652 -1.4323 -0.756175 0.506386 -1.20646 -0.826141 0.263133 -1.2316 -0.702005 
0.589036 -1.43119 -0.757821 0.507999 -1.20451 -0.826059 0.265145 -1.23111 -0.702209 
0.588126 -1.43083 -0.758104 0.508554 -1.20392 -0.825987 0.265558 -1.22963 -0.702412 
0.587896 -1.43028 -0.758618 0.50988 -1.20292 -0.8263 0.266648 -1.22716 -0.702828 
0.587581 -1.42861 -0.759799 0.511976 -1.20082 -0.827466 0.268609 -1.22553 -0.705385 
0.587462 -1.42825 -0.760184 0.513059 -1.20016 -0.827894 0.269525 -1.22482 -0.70608 
0.587595 -1.42807 -0.76061 0.514273 -1.19988 -0.828632 0.270389 -1.22337 -0.706472 
0.587633 -1.42778 -0.760989 0.514671 -1.19947 -0.829259 0.27055 -1.2218 -0.707363 
0.587624 -1.42764 -0.761187 0.515168 -1.19918 -0.828953 0.270837 -1.22179 -0.707636 
0.587915 -1.42789 -0.761318 0.515539 -1.19926 -0.828491 0.270938 -1.22109 -0.707111 
0.587708 -1.42769 -0.760805 0.514972 -1.19928 -0.828097 0.271217 -1.22035 -0.703992 
0.587736 -1.42785 -0.76066 0.514897 -1.1991 -0.827055 0.271162 -1.22026 -0.702735 
0.587464 -1.42798 -0.760323 0.514315 -1.1989 -0.825785 0.270808 -1.22034 -0.700678 
0.58645 -1.42774 -0.759459 0.512995 -1.19851 -0.823657 0.270832 -1.22191 -0.695978 
0.586205 -1.42775 -0.759152 0.512503 -1.19826 -0.822541 0.271155 -1.22224 -0.693216 
0.587045 -1.42771 -0.75889 0.511777 -1.19754 -0.820142 0.2716 -1.22185 -0.688414 
0.585836 -1.42753 -0.757183 0.510431 -1.19694 -0.816312 0.272258 -1.22095 -0.680755 
0.585412 -1.42747 -0.756742 0.509841 -1.19669 -0.814854 0.27241 -1.22084 -0.678011 
0.583553 -1.427 -0.755576 0.509179 -1.19613 -0.812655 0.272823 -1.22174 -0.674117 
0.584324 -1.42758 -0.755825 0.507418 -1.19644 -0.80961 0.27448 -1.22391 -0.666331 
0.582671 -1.42761 -0.754998 0.506953 -1.19639 -0.808449 0.275738 -1.22451 -0.66243 
0.582514 -1.42751 -0.754625 0.506806 -1.19563 -0.804933 0.277532 -1.22496 -0.656449 
0.582148 -1.42705 -0.75379 0.507258 -1.19324 -0.798329 0.280071 -1.2229 -0.646731 
0.582012 -1.42681 -0.753599 0.50772 -1.19203 -0.795771 0.28002 -1.22333 -0.649223 
0.581931 -1.42619 -0.753609 0.508483 -1.19036 -0.792516 0.28268 -1.2241 -0.644348 
0.581788 -1.425 -0.753096 0.509771 -1.1878 -0.787941 0.286528 -1.2247 -0.637776 
0.581523 -1.42459 -0.752809 0.510499 -1.18674 -0.78638 0.28825 -1.22468 -0.634851 
0.581561 -1.42429 -0.752965 0.511725 -1.18533 -0.783322 0.291232 -1.22557 -0.630639 
0.581451 -1.42355 -0.753012 0.512822 -1.1833 -0.778539 0.297313 -1.22719 -0.620022 
0.581423 -1.42355 -0.752686 0.513394 -1.18277 -0.776273 0.299547 -1.22736 -0.615748 
0.581386 -1.42339 -0.752378 0.514224 -1.18193 -0.772753 0.302912 -1.22796 -0.610184 
0.580675 -1.42357 -0.753787 0.514364 -1.18143 -0.768325 0.307785 -1.22923 -0.5999 
0.580627 -1.42376 -0.753353 0.514231 -1.1816 -0.76654 0.309442 -1.22924 -0.595084 
0.580504 -1.42378 -0.752509 0.514756 -1.18099 -0.763387 0.311559 -1.2308 -0.595662 
0.582263 -1.42289 -0.750078 0.51473 -1.18059 -0.758538 0.317504 -1.23415 -0.585843 
0.582186 -1.42305 -0.749416 0.514337 -1.18069 -0.757155 0.31934 -1.23525 -0.582095 
0.581366 -1.42329 -0.748586 0.514002 -1.18108 -0.754731 0.322005 -1.23646 -0.576076 
0.581592 -1.42384 -0.74801 0.512916 -1.18202 -0.751473 0.324288 -1.2379 -0.569028 
0.581625 -1.42407 -0.747715 0.512585 -1.18238 -0.750787 0.324948 -1.23883 -0.566981 
0.582916 -1.42448 -0.747885 0.512186 -1.18296 -0.749655 0.326657 -1.24084 -0.563802 
0.582363 -1.42478 -0.747117 0.511419 -1.18372 -0.74756 0.328763 -1.24326 -0.558611 
0.582462 -1.4249 -0.746898 0.511289 -1.18382 -0.746751 0.329372 -1.24377 -0.556949 
0.582549 -1.42488 -0.746741 0.511103 -1.18386 -0.745779 0.330866 -1.24567 -0.554452 
0.582828 -1.42476 -0.745934 0.510301 -1.18427 -0.74384 0.333385 -1.24825 -0.549982 
0.58296 -1.42492 -0.745768 0.510064 -1.18461 -0.742892 0.333746 -1.2484 -0.548334 
0.582992 -1.42509 -0.745467 0.509818 -1.18482 -0.741605 0.334071 -1.24877 -0.546274 
0.583091 -1.42529 -0.745138 0.509401 -1.1851 -0.739554 0.335451 -1.25115 -0.542853 
0.584139 -1.42541 -0.745362 0.50909 -1.18525 -0.738722 0.336151 -1.25144 -0.541294 
0.584216 -1.4255 -0.745106 0.508879 -1.18537 -0.737246 0.337455 -1.25179 -0.538238 
0.583285 -1.42521 -0.744221 0.508484 -1.18523 -0.734194 0.340414 -1.25175 -0.532311 
0.584056 -1.42538 -0.744443 0.508235 -1.18523 -0.733023 0.341662 -1.25155 -0.529912 
0.584047 -1.42531 -0.744163 0.507754 -1.18521 -0.731506 0.343627 -1.25157 -0.526063 
0.583107 -1.42523 -0.743761 0.507154 -1.18555 -0.730097 0.347339 -1.2516 -0.520519 
0.583034 -1.42528 -0.743822 0.507339 -1.1855 -0.729566 0.348426 -1.25137 -0.518989 
0.584103 -1.4251 -0.744313 0.508103 -1.18494 -0.72839 0.349108 -1.25007 -0.517871 
0.584231 -1.4246 -0.744784 0.508978 -1.18395 -0.728309 0.348369 -1.24868 -0.518932 
0.58421 -1.42448 -0.74494 0.509084 -1.18373 -0.729046 0.347795 -1.24837 -0.519828 
0.584272 -1.42435 -0.745432 0.509702 -1.18331 -0.729766 0.346638 -1.24741 -0.522199 
0.58454 -1.42413 -0.74655 0.511357 -1.1824 -0.731639 0.345223 -1.24622 -0.527018 
0.583769 -1.42393 -0.74682 0.511971 -1.18213 -0.732439 0.344454 -1.24588 -0.529237 
0.584061 -1.42374 -0.747344 0.512753 -1.18178 -0.733631 0.343095 -1.24474 -0.53163 
0.584513 -1.42325 -0.748064 0.514064 -1.1811 -0.73508 0.342209 -1.2438 -0.535503 
0.584611 -1.42319 -0.748104 0.514153 -1.18103 -0.735293 0.342094 -1.2436 -0.535704 
0.585027 -1.4232 -0.748175 0.514344 -1.1811 -0.735563 0.341646 -1.24272 -0.536146 
0.585478 -1.42354 -0.748452 0.514528 -1.18148 -0.736057 0.34085 -1.24278 -0.537425 
0.586083 -1.42399 -0.74815 0.514432 -1.18204 -0.737526 0.339696 -1.24394 -0.540426 
0.586179 -1.42413 -0.748102 0.514325 -1.18249 -0.737923 0.339434 -1.24423 -0.540836 
0.586416 -1.42454 -0.748074 0.51373 -1.18322 -0.739037 0.338109 -1.24548 -0.543449 
0.586432 -1.42464 -0.747857 0.51364 -1.18347 -0.74013 0.336748 -1.24624 -0.54638 
0.586575 -1.42481 -0.747753 0.513772 -1.1838 -0.742012 0.334174 -1.24685 -0.551816 
0.586404 -1.42483 -0.747505 0.513729 -1.18374 -0.743175 0.333096 -1.24714 -0.554292 
0.586269 -1.42493 -0.746866 0.513483 -1.1838 -0.744354 0.331139 -1.24749 -0.557514 
0.585638 -1.4256 -0.749132 0.512913 -1.18418 -0.745371 0.32854 -1.24707 -0.560278 
0.585289 -1.42598 -0.748649 0.511691 -1.18501 -0.748143 0.323912 -1.24822 -0.567161 
0.585758 -1.42573 -0.746084 0.511301 -1.18533 -0.749135 0.321835 -1.24872 -0.569807 
0.585394 -1.42598 -0.74628 0.510574 -1.1859 -0.750385 0.318791 -1.24967 -0.573225 
0.586177 -1.42693 -0.748088 0.509199 -1.18679 -0.752377 0.315656 -1.25156 -0.577491 
0.584748 -1.42681 -0.747912 0.508467 -1.18704 -0.754054 0.313075 -1.25338 -0.581529 
0.584568 -1.42678 -0.748012 0.508369 -1.18702 -0.754181 0.312677 -1.25326 -0.581825 
0.583706 -1.42704 -0.748667 0.50795 -1.18757 -0.755238 0.311061 -1.25299 -0.583786 
0.583538 -1.42696 -0.748588 0.508137 -1.18745 -0.756065 0.310486 -1.25297 -0.585647 
0.583644 -1.42662 -0.749266 0.508564 -1.18704 -0.757251 0.309317 -1.25251 -0.589342 
0.583953 -1.42661 -0.750318 0.508608 -1.18719 -0.758427 0.307895 -1.25118 -0.592222 
0.584062 -1.42616 -0.750876 0.508972 -1.18699 -0.761085 0.307053 -1.25056 -0.595981 
0.586909 -1.42556 -0.750785 0.509403 -1.18692 -0.764389 0.306016 -1.25011 -0.597749 
0.585386 -1.42501 -0.75014 0.509238 -1.1872 -0.767196 0.303734 -1.25111 -0.603893 
0.58555 -1.42533 -0.75098 0.509282 -1.18773 -0.769465 0.301832 -1.25137 -0.608714 
0.585733 -1.42543 -0.75148 0.509652 -1.18793 -0.772226 0.300246 -1.25143 -0.614421 
0.58592 -1.42516 -0.752138 0.510045 -1.18796 -0.774204 0.299596 -1.25154 -0.618171 
0.587828 -1.42501 -0.75285 0.510046 -1.18846 -0.775852 0.298254 -1.25034 -0.621586 
0.587178 -1.42478 -0.752975 0.510691 -1.1883 -0.778026 0.295862 -1.24805 -0.627029 
0.587481 -1.42433 -0.753728 0.511295 -1.18799 -0.779679 0.294814 -1.24796 -0.631734 
0.587918 -1.42387 -0.754439 0.511685 -1.18784 -0.781387 0.293635 -1.24817 -0.636181 
0.588467 -1.42392 -0.755299 0.511508 -1.18826 -0.78318 0.291751 -1.24529 -0.634412 
0.589458 -1.42387 -0.75578 0.511232 -1.18835 -0.785039 0.290448 -1.24542 -0.637618 
0.58971 -1.42379 -0.75617 0.51105 -1.18886 -0.786704 0.289114 -1.24611 -0.640913 
0.590329 -1.42474 -0.756976 0.510758 -1.19001 -0.789024 0.286008 -1.24308 -0.644629 
0.590561 -1.42495 -0.757291 0.51113 -1.19058 -0.791413 0.284412 -1.24206 -0.64899 
0.590779 -1.42487 -0.757966 0.51176 -1.19063 -0.793658 0.283214 -1.24143 -0.653786 
0.589908 -1.42481 -0.758643 0.512252 -1.19111 -0.797185 0.281412 -1.23924 -0.659129 
0.590034 -1.42525 -0.75949 0.512107 -1.19163 -0.799625 0.279641 -1.23691 -0.662881 
0.589914 -1.42454 -0.75951 0.512388 -1.19126 -0.8018 0.27888 -1.23607 -0.666394 
0.590227 -1.42417 -0.760769 0.512521 -1.19117 -0.803409 0.278033 -1.23573 -0.669258 
0.590427 -1.42465 -0.762091 0.512796 -1.19146 -0.80542 0.277392 -1.23362 -0.671489 
0.591881 -1.42405 -0.763422 0.513396 -1.19091 -0.806704 0.277116 -1.23141 -0.673633 
0.591961 -1.42373 -0.764036 0.51371 -1.19022 -0.807214 0.277237 -1.23087 -0.675105 
0.590776 -1.42309 -0.764496 0.515127 -1.18934 -0.808445 0.278152 -1.2296 -0.677449 
0.59111 -1.423 -0.765408 0.515222 -1.1893 -0.809755 0.278042 -1.22793 -0.678692 
0.591062 -1.42298 -0.766178 0.515623 -1.18931 -0.811716 0.278399 -1.22716 -0.681138 
0.591315 -1.42314 -0.766849 0.516091 -1.18959 -0.813342 0.278442 -1.22775 -0.68324 
0.591917 -1.42375 -0.767686 0.516142 -1.19017 -0.814289 0.27822 -1.22773 -0.685139 
0.592367 -1.42416 -0.767835 0.516767 -1.19079 -0.81564 0.278409 -1.22725 -0.686498 
0.593027 -1.42465 -0.768237 0.516721 -1.19142 -0.816309 0.278105 -1.22667 -0.687436 
0.593337 -1.42482 -0.768528 0.516622 -1.19184 -0.817402 0.278105 -1.22618 -0.688515 
0.593485 -1.42471 -0.768994 0.516653 -1.1921 -0.818619 0.277948 -1.22599 -0.6898 
0.59472 -1.4251 -0.770909 0.516073 -1.19257 -0.820754 0.276636 -1.22556 -0.693616 
0.59454 -1.42491 -0.771159 0.516249 -1.19252 -0.82183 0.276533 -1.22574 -0.69499 
0.5948 -1.42524 -0.772064 0.516286 -1.19271 -0.822373 0.275966 -1.22493 -0.695882 
0.593568 -1.42521 -0.77267 0.516675 -1.19205 -0.82202 0.276585 -1.22426 -0.695187 
0.593569 -1.42468 -0.773579 0.517182 -1.19085 -0.820465 0.278499 -1.22601 -0.692036 
0.593657 -1.42481 -0.773945 0.517031 -1.19068 -0.81966 0.279285 -1.22611 -0.689735 
0.593307 -1.42484 -0.773946 0.51721 -1.18999 -0.817803 0.281553 -1.22635 -0.6841 
0.593252 -1.42481 -0.774093 0.516674 -1.18994 -0.815825 0.285184 -1.22857 -0.676042 
0.593032 -1.4249 -0.774059 0.516634 -1.19003 -0.815489 0.285795 -1.22879 -0.674449 
0.593145 -1.42552 -0.774291 0.516832 -1.19028 -0.813171 0.287463 -1.22739 -0.66887 
0.592869 -1.42557 -0.774387 0.51677 -1.18988 -0.811794 0.288819 -1.2257 -0.664637 
0.592472 -1.42506 -0.774234 0.516938 -1.18907 -0.810261 0.291973 -1.22614 -0.658955 
0.592313 -1.42498 -0.774243 0.51653 -1.18902 -0.809003 0.293615 -1.22646 -0.654655 
0.591964 -1.42503 -0.774014 0.516118 -1.18872 -0.807552 0.294909 -1.22524 -0.650033 
0.591322 -1.42503 -0.773795 0.515648 -1.18882 -0.806256 0.295724 -1.22728 -0.651619 
0.591179 -1.42528 -0.773765 0.514328 -1.18912 -0.803754 0.299388 -1.22751 -0.641652 
0.591295 -1.42554 -0.773851 0.514001 -1.18921 -0.802493 0.300436 -1.22653 -0.637915 
0.590616 -1.42547 -0.773677 0.513373 -1.1892 -0.801399 0.302909 -1.22741 -0.63347 
0.591565 -1.42512 -0.775042 0.512415 -1.18933 -0.799583 0.307823 -1.22907 -0.624588 
0.591666 -1.42531 -0.775479 0.511948 -1.18967 -0.798583 0.308879 -1.22763 -0.620765 
0.589639 -1.42631 -0.776535 0.511463 -1.18969 -0.797474 0.309826 -1.2264 -0.621547 
0.589218 -1.42584 -0.776417 0.511078 -1.18935 -0.796759 0.316271 -1.22682 -0.613674 
0.590059 -1.42498 -0.773947 0.511338 -1.18899 -0.795304 0.31834 -1.22605 -0.610964 
0.59007 -1.42488 -0.774188 0.511496 -1.18837 -0.793777 0.320712 -1.22477 -0.606973 
0.589806 -1.42476 -0.774523 0.510663 -1.18839 -0.792294 0.325516 -1.22553 -0.600408 
0.591034 -1.42473 -0.775168 0.510352 -1.18842 -0.791426 0.327385 -1.2257 -0.597239 
0.59109 -1.42465 -0.775499 0.510336 -1.18814 -0.789656 0.329057 -1.22579 -0.594852 
0.589963 -1.42418 -0.775435 0.509735 -1.18798 -0.788826 0.332212 -1.22709 -0.590762 
0.589899 -1.42402 -0.775602 0.509444 -1.18794 -0.788587 0.333502 -1.22716 -0.589297 
0.590922 -1.42388 -0.776258 0.50937 -1.18783 -0.787733 0.335988 -1.22723 -0.585937 
0.589938 -1.42336 -0.776124 0.509519 -1.18729 -0.786251 0.338997 -1.22771 -0.582458 
0.589716 -1.42319 -0.776242 0.508972 -1.18729 -0.784649 0.342503 -1.22779 -0.577406 
0.589798 -1.42329 -0.776271 0.508425 -1.18756 -0.783567 0.343715 -1.22763 -0.57507 
0.590728 -1.4234 -0.776206 0.507903 -1.18747 -0.781734 0.345177 -1.22713 -0.57182 
0.589488 -1.42277 -0.775858 0.508274 -1.18664 -0.780596 0.346384 -1.22916 -0.57059 
0.589451 -1.42269 -0.775864 0.508209 -1.18653 -0.780455 0.346626 -1.22978 -0.570381 
0.588929 -1.42256 -0.775857 0.507599 -1.18651 -0.780005 0.348205 -1.2309 -0.567855 
0.588675 -1.42246 -0.7756 0.507242 -1.18632 -0.779305 0.349643 -1.23099 -0.565444 
0.588106 -1.42179 -0.774834 0.507195 -1.18542 -0.77774 0.353063 -1.23171 -0.561429 
0.587806 -1.42137 -0.774715 0.507222 -1.18492 -0.776512 0.355776 -1.23255 -0.558373 
0.587585 -1.42106 -0.774596 0.50717 -1.18465 -0.775282 0.358588 -1.23331 -0.555249 
0.587214 -1.42073 -0.77433 0.506878 -1.18416 -0.773614 0.36153 -1.23408 -0.551394 
0.586976 -1.42057 -0.773925 0.505869 -1.1847 -0.774871 0.363935 -1.23455 -0.548328 
0.586934 -1.42059 -0.773601 0.504973 -1.18471 -0.773348 0.365754 -1.23463 -0.545214 
0.586584 -1.42061 -0.773071 0.504095 -1.1852 -0.772531 0.367956 -1.23391 -0.541942 
0.586323 -1.42076 -0.772842 0.50383 -1.18533 -0.772137 0.369288 -1.23333 -0.540492 
0.586361 -1.42076 -0.77228 0.5041 -1.18555 -0.77119 0.372567 -1.23225 -0.536757 
0.586654 -1.4207 -0.772228 0.503569 -1.18557 -0.770373 0.375354 -1.23189 -0.534332 
0.586347 -1.42042 -0.771794 0.503372 -1.1857 -0.769791 0.378163 -1.2316 -0.531814 
0.586151 -1.42035 -0.771423 0.503485 -1.18559 -0.769479 0.379101 -1.23152 -0.531292 
0.58605 -1.42033 -0.771194 0.503383 -1.18559 -0.769249 0.37921 -1.23148 -0.530844 
0.586023 -1.4208 -0.770984 0.502559 -1.18617 -0.76898 0.378126 -1.23127 -0.530193 
0.586037 -1.42088 -0.770882 0.502015 -1.18629 -0.768515 0.377106 -1.23133 -0.530565 
0.585808 -1.421 -0.770827 0.502003 -1.18625 -0.768895 0.374782 -1.23179 -0.532377 
0.585591 -1.42078 -0.770615 0.502244 -1.18614 -0.770484 0.370585 -1.23199 -0.536143 
0.585445 -1.42099 -0.77081 0.502605 -1.18606 -0.772514 0.367051 -1.23212 -0.540205 
0.585347 -1.42112 -0.770873 0.502167 -1.18614 -0.774843 0.363423 -1.23215 -0.544762 
0.585228 -1.42116 -0.77137 0.503376 -1.1862 -0.778139 0.357738 -1.23183 -0.552595 
0.585161 -1.42121 -0.771561 0.505084 -1.18488 -0.776734 0.355878 -1.23214 -0.555304 
0.58498 -1.421 -0.771902 0.50614 -1.18432 -0.777904 0.353854 -1.23189 -0.558611 
0.584912 -1.42084 -0.772304 0.506562 -1.18402 -0.778851 0.352802 -1.23218 -0.560747 
0.584497 -1.4208 -0.772976 0.506403 -1.18392 -0.779947 0.351789 -1.23195 -0.562257 
0.584319 -1.42083 -0.773341 0.506144 -1.18394 -0.780278 0.3512 -1.23139 -0.562896 
0.58396 -1.42099 -0.773921 0.505586 -1.18422 -0.780881 0.350284 -1.23106 -0.563826 
0.582653 -1.42114 -0.774156 0.504887 -1.18429 -0.782689 0.347608 -1.23021 -0.567122 
0.582287 -1.42126 -0.774038 0.504627 -1.18447 -0.783715 0.345799 -1.23017 -0.569276 
0.581818 -1.42153 -0.773707 0.504412 -1.18489 -0.784975 0.342976 -1.22905 -0.572261 
0.581108 -1.42275 -0.773018 0.504206 -1.18557 -0.787432 0.336602 -1.22557 -0.578995 
0.582054 -1.42328 -0.772833 0.504045 -1.1864 -0.789179 0.333623 -1.22445 -0.582222 
0.58084 -1.42373 -0.771841 0.503707 -1.18725 -0.791602 0.329209 -1.22391 -0.587574 
0.580678 -1.4244 -0.771181 0.502597 -1.18893 -0.79721 0.321714 -1.22381 -0.597869 
0.580681 -1.4247 -0.770926 0.502206 -1.18963 -0.799506 0.318039 -1.22445 -0.602938 
0.580619 -1.42522 -0.770741 0.501876 -1.19092 -0.802997 0.312683 -1.22558 -0.610627 
0.580177 -1.42694 -0.773626 0.501887 -1.19291 -0.807929 0.306368 -1.22715 -0.617546 
0.581799 -1.4269 -0.772298 0.501782 -1.19367 -0.809552 0.304107 -1.22772 -0.621521 
0.582034 -1.42747 -0.771824 0.501761 -1.19439 -0.811677 0.30177 -1.22818 -0.626332 
0.581694 -1.42783 -0.771167 0.502266 -1.19559 -0.814542 0.297825 -1.22799 -0.633144 
0.581882 -1.42805 -0.771223 0.502433 -1.19582 -0.815291 0.295682 -1.22675 -0.636123 
0.581978 -1.42815 -0.770988 0.502711 -1.19612 -0.816942 0.292146 -1.22491 -0.641372 
0.582894 -1.42818 -0.770827 0.50251 -1.19713 -0.821374 0.285224 -1.22434 -0.653124 
0.582975 -1.42813 -0.770845 0.502092 -1.19764 -0.823737 0.282645 -1.22512 -0.658315 
0.583091 -1.42799 -0.770976 0.501923 -1.19835 -0.827478 0.279329 -1.2266 -0.666031 
0.58385 -1.42856 -0.771671 0.503029 -1.19961 -0.832195 0.275819 -1.22873 -0.677132 
0.584323 -1.42854 -0.771856 0.503799 -1.19965 -0.833195 0.275304 -1.22931 -0.680112 
0.585262 -1.4279 -0.772204 0.505019 -1.19947 -0.834311 0.275108 -1.22987 -0.683562 
0.587153 -1.4278 -0.772874 0.50633 -1.19967 -0.835712 0.275297 -1.22982 -0.687122 
0.587637 -1.42769 -0.773088 0.506799 -1.19966 -0.836536 0.275186 -1.22916 -0.688722 
0.588322 -1.42752 -0.77359 0.507251 -1.20035 -0.838446 0.274122 -1.22876 -0.692575 
0.590208 -1.42846 -0.774602 0.507693 -1.20199 -0.842202 0.270171 -1.22513 -0.701847 
0.591846 -1.42861 -0.775318 0.508018 -1.20247 -0.844042 0.268825 -1.22431 -0.705949 
0.592557 -1.42866 -0.775847 0.508696 -1.20332 -0.846814 0.268745 -1.22346 -0.706442 
0.593004 -1.42722 -0.776583 0.510384 -1.20263 -0.849705 0.268641 -1.22237 -0.712266 
0.593615 -1.42729 -0.777165 0.510637 -1.20262 -0.850014 0.268081 -1.22 -0.713213 
0.594092 -1.42712 -0.777837 0.511229 -1.20165 -0.849821 0.268235 -1.21564 -0.713364 
0.594827 -1.42515 -0.779285 0.51382 -1.19875 -0.848932 0.270834 -1.21362 -0.713675 
0.595113 -1.42462 -0.779911 0.514544 -1.19805 -0.849143 0.271964 -1.2122 -0.713284 
0.595277 -1.42402 -0.780462 0.515129 -1.19771 -0.850463 0.272857 -1.21039 -0.713606 
0.5959 -1.42409 -0.781002 0.516382 -1.1974 -0.851674 0.272661 -1.20952 -0.717902 
0.595985 -1.42404 -0.781259 0.517047 -1.19741 -0.852348 0.272786 -1.21023 -0.719694 
0.596461 -1.42443 -0.781821 0.517149 -1.19779 -0.853013 0.272568 -1.21122 -0.721197 
0.596871 -1.42439 -0.782047 0.518075 -1.19766 -0.852692 0.274813 -1.21478 -0.719652 
0.597094 -1.4244 -0.782097 0.518264 -1.19761 -0.852026 0.275613 -1.21591 -0.718122 
0.597246 -1.42467 -0.781911 0.51818 -1.1976 -0.850824 0.276242 -1.2164 -0.715424 
0.597171 -1.42457 -0.78113 0.518745 -1.19686 -0.848406 0.278477 -1.21845 -0.710627 
0.597153 -1.4244 -0.781164 0.518562 -1.19676 -0.847683 0.279207 -1.21938 -0.708629 
0.597037 -1.42453 -0.780888 0.518658 -1.19653 -0.846277 0.281008 -1.22068 -0.704955 
0.597105 -1.42465 -0.780276 0.51841 -1.19649 -0.844249 0.283549 -1.22398 -0.70271 
0.596903 -1.42448 -0.779789 0.51812 -1.1961 -0.843142 0.285004 -1.22428 -0.69864 
0.596397 -1.42421 -0.778998 0.517724 -1.19576 -0.840974 0.286869 -1.22489 -0.692885 
0.597136 -1.42453 -0.778055 0.51598 -1.19527 -0.836031 0.288164 -1.2257 -0.684141 
0.596656 -1.42441 -0.777501 0.515138 -1.19514 -0.834723 0.289327 -1.22669 -0.67998 
0.59591 -1.42435 -0.776797 0.514012 -1.19534 -0.832596 0.290886 -1.22849 -0.674442 
0.595375 -1.42437 -0.776276 0.512407 -1.19532 -0.829398 0.292314 -1.22993 -0.667492 
0.595243 -1.42455 -0.776162 0.511804 -1.19561 -0.828211 0.292421 -1.23065 -0.665333 
0.593893 -1.42488 -0.775486 0.510817 -1.196 -0.826664 0.293669 -1.23135 -0.661118 
0.593754 -1.42483 -0.775349 0.510067 -1.19599 -0.823836 0.298129 -1.23306 -0.652108 
0.593881 -1.42483 -0.775486 0.509673 -1.19585 -0.822432 0.299244 -1.23327 -0.648911 
0.593834 -1.42468 -0.77525 0.509007 -1.19559 -0.820369 0.300292 -1.23261 -0.644669 
0.593528 -1.42452 -0.77478 0.507351 -1.1956 -0.818096 0.301641 -1.23321 -0.639083 
0.593476 -1.42458 -0.774923 0.506965 -1.19559 -0.817539 0.302271 -1.23379 -0.637541 
0.593264 -1.42465 -0.77514 0.506773 -1.19558 -0.816793 0.303797 -1.23513 -0.635269 
0.594855 -1.42492 -0.776384 0.5063 -1.1959 -0.815342 0.306374 -1.2367 -0.630655 
0.594884 -1.4249 -0.776673 0.506207 -1.19582 -0.814816 0.307505 -1.23682 -0.628773 
0.594861 -1.42475 -0.777221 0.506109 -1.19559 -0.81389 0.309073 -1.23737 -0.625781 
0.593263 -1.42525 -0.779481 0.506191 -1.19522 -0.812307 0.310574 -1.23922 -0.627265 
0.593267 -1.42525 -0.779696 0.506259 -1.19504 -0.81191 0.311686 -1.23932 -0.62579 
0.593377 -1.42517 -0.780406 0.506188 -1.195 -0.811353 0.313258 -1.23898 -0.623693 
0.595602 -1.42421 -0.782184 0.506492 -1.19438 -0.810404 0.316622 -1.23831 -0.619378 
0.595828 -1.42413 -0.781834 0.50664 -1.19385 -0.80983 0.318152 -1.23848 -0.617482 
0.595404 -1.42349 -0.781421 0.506702 -1.19343 -0.80907 0.320657 -1.23821 -0.614477 
0.594479 -1.4231 -0.780514 0.506622 -1.19276 -0.807815 0.324439 -1.2379 -0.609608 
0.594475 -1.423 -0.780679 0.506542 -1.19271 -0.807272 0.325774 -1.23796 -0.607836 
0.594366 -1.42319 -0.780928 0.506475 -1.1927 -0.806859 0.327934 -1.23798 -0.605715 
0.593463 -1.42383 -0.783987 0.506452 -1.19254 -0.806118 0.33215 -1.23747 -0.60108 
0.593828 -1.42298 -0.781586 0.506532 -1.19225 -0.805686 0.33395 -1.23735 -0.599448 
0.593586 -1.42272 -0.78182 0.506655 -1.19163 -0.804796 0.337267 -1.23749 -0.596193 
0.593266 -1.42233 -0.782214 0.506752 -1.19077 -0.802705 0.344195 -1.23653 -0.588748 
0.594205 -1.42222 -0.782741 0.506624 -1.19054 -0.801944 0.346707 -1.23562 -0.586168 
0.593009 -1.42195 -0.782717 0.506843 -1.18964 -0.800309 0.350056 -1.23395 -0.58269 
0.592862 -1.42135 -0.783546 0.507223 -1.18856 -0.799488 0.353774 -1.23123 -0.57907 
0.592796 -1.42116 -0.783821 0.507554 -1.18814 -0.799528 0.354556 -1.23058 -0.578803 
0.592719 -1.42083 -0.784279 0.508102 -1.18737 -0.799987 0.355176 -1.22971 -0.579043 
0.592495 -1.42041 -0.785177 0.507625 -1.18754 -0.803659 0.356259 -1.22877 -0.5794 
0.592448 -1.42035 -0.785426 0.507551 -1.18746 -0.804083 0.356821 -1.22824 -0.579393 
0.592333 -1.42037 -0.785791 0.507725 -1.18719 -0.804916 0.357781 -1.22782 -0.57926 
0.592002 -1.42034 -0.785921 0.507582 -1.18699 -0.804944 0.360141 -1.22718 -0.577804 
0.59186 -1.42033 -0.786003 0.507402 -1.18697 -0.804823 0.361434 -1.22713 -0.576359 
0.591738 -1.42026 -0.786127 0.506863 -1.1869 -0.804638 0.363398 -1.22718 -0.574339 
0.591189 -1.42021 -0.786261 0.506026 -1.18692 -0.80355 0.365753 -1.22653 -0.571646 
0.591046 -1.42018 -0.786271 0.505836 -1.18687 -0.803134 0.366728 -1.22633 -0.570421 
0.590401 -1.42 -0.786358 0.505477 -1.18689 -0.802385 0.36828 -1.22619 -0.568089 
0.589678 -1.41965 -0.785784 0.50366 -1.18719 -0.801326 0.370663 -1.22584 -0.564474 
0.589378 -1.41972 -0.785575 0.502723 -1.18748 -0.800969 0.371395 -1.22585 -0.563185 
0.588974 -1.41985 -0.785272 0.501562 -1.18804 -0.800579 0.372222 -1.22488 -0.561065 
0.588283 -1.42045 -0.784961 0.500263 -1.18855 -0.800041 0.371882 -1.22292 -0.559252 
0.587803 -1.42048 -0.784827 0.500016 -1.18854 -0.800171 0.370625 -1.22242 -0.560142 
0.587324 -1.42036 -0.784564 0.499958 -1.18828 -0.800902 0.367364 -1.22194 -0.562505 
0.586487 -1.4202 -0.784127 0.499735 -1.18789 -0.803591 0.359894 -1.22042 -0.569324 
0.585994 -1.42009 -0.78394 0.499756 -1.18758 -0.805125 0.356494 -1.21947 -0.57291 
0.585442 -1.42007 -0.783772 0.499907 -1.18758 -0.807542 0.351152 -1.21821 -0.579028 
0.584024 -1.41948 -0.783289 0.500948 -1.18686 -0.811909 0.343381 -1.21653 -0.588799 
0.583705 -1.41933 -0.783164 0.501456 -1.18659 -0.813184 0.340961 -1.21583 -0.592372 
0.583343 -1.41911 -0.783046 0.502468 -1.18598 -0.814544 0.338116 -1.21535 -0.596772 
0.582814 -1.41877 -0.783116 0.502851 -1.1859 -0.816908 0.335925 -1.21561 -0.600878 
0.58261 -1.41883 -0.783041 0.502746 -1.18607 -0.8174 0.334866 -1.21564 -0.602161 
0.582312 -1.41895 -0.782712 0.502673 -1.18668 -0.818372 0.331399 -1.21521 -0.605204 
0.581745 -1.41909 -0.782051 0.503091 -1.18628 -0.817663 0.322063 -1.21603 -0.61423 
0.581203 -1.41931 -0.781759 0.502367 -1.18708 -0.819105 0.31827 -1.21678 -0.617657 
0.580769 -1.42014 -0.781006 0.500951 -1.18877 -0.821039 0.313134 -1.21843 -0.622815 
0.579771 -1.42152 -0.782997 0.499054 -1.19094 -0.823421 0.30604 -1.22128 -0.625444 
0.579551 -1.42172 -0.782862 0.498404 -1.19158 -0.824438 0.302954 -1.22316 -0.628744 
0.580394 -1.42234 -0.781158 0.49775 -1.19262 -0.825252 0.298685 -1.22628 -0.633779 
0.579102 -1.42308 -0.778518 0.496766 -1.19454 -0.826686 0.292278 -1.22905 -0.641159 
0.578964 -1.4236 -0.777822 0.496474 -1.19533 -0.827142 0.289988 -1.22975 -0.643567 
0.57886 -1.42435 -0.777337 0.495973 -1.19653 -0.827909 0.287108 -1.2312 -0.646716 
0.578723 -1.42544 -0.776419 0.49428 -1.19896 -0.830061 0.282397 -1.23388 -0.651752 
0.578689 -1.42591 -0.775927 0.49334 -1.20012 -0.830979 0.279976 -1.235 -0.654299 
0.578499 -1.42656 -0.775005 0.492046 -1.20151 -0.832433 0.276195 -1.23673 -0.658812 
0.579199 -1.42767 -0.774163 0.490555 -1.20384 -0.835143 0.270589 -1.24052 -0.666289 
0.577932 -1.42798 -0.773206 0.490023 -1.20466 -0.835618 0.268625 -1.24136 -0.668348 
0.577693 -1.42848 -0.772382 0.48915 -1.20566 -0.836365 0.266522 -1.24256 -0.670723 
0.578458 -1.42894 -0.771309 0.488179 -1.20683 -0.836746 0.263807 -1.24566 -0.673698 
0.577079 -1.4291 -0.770657 0.487797 -1.2072 -0.836748 0.26257 -1.24644 -0.674812 
0.576835 -1.42936 -0.769998 0.487386 -1.20792 -0.83711 0.260381 -1.24701 -0.677424 
0.576342 -1.42965 -0.768554 0.486946 -1.20918 -0.839241 0.256289 -1.24765 -0.684221 
0.576212 -1.42955 -0.76818 0.487009 -1.20944 -0.840539 0.255008 -1.24811 -0.687514 
0.57727 -1.42927 -0.768278 0.487567 -1.2094 -0.842324 0.253442 -1.24806 -0.692393 
0.576941 -1.4284 -0.768354 0.490046 -1.20821 -0.844092 0.253043 -1.24758 -0.699625 
0.576213 -1.4278 -0.768121 0.491232 -1.20723 -0.844274 0.253508 -1.24669 -0.701606 
0.576535 -1.42697 -0.769119 0.492186 -1.20602 -0.844214 0.253665 -1.24418 -0.702489 
0.577054 -1.42685 -0.769871 0.492941 -1.20468 -0.84339 0.253059 -1.23789 -0.702737 
0.576815 -1.42605 -0.769706 0.49363 -1.20382 -0.843069 0.253564 -1.23681 -0.702808 
0.577014 -1.42541 -0.770202 0.494404 -1.20277 -0.84277 0.254273 -1.23642 -0.702903 
0.577128 -1.42477 -0.77035 0.496061 -1.20176 -0.843024 0.255739 -1.23503 -0.70359 
0.577306 -1.42471 -0.770448 0.496523 -1.2014 -0.843014 0.255778 -1.23418 -0.704526 
0.577331 -1.4244 -0.770388 0.497322 -1.20081 -0.843164 0.256092 -1.23357 -0.705887 
0.577833 -1.42395 -0.770728 0.498952 -1.19987 -0.843081 0.256986 -1.2324 -0.706904 
0.578105 -1.42398 -0.77086 0.499188 -1.19977 -0.842981 0.257067 -1.23111 -0.70661 
0.578083 -1.42361 -0.770557 0.499321 -1.19951 -0.843511 0.257528 -1.23029 -0.706332 
0.57837 -1.42356 -0.770466 0.499423 -1.19975 -0.844012 0.25682 -1.22903 -0.707699 
0.578291 -1.42349 -0.770545 0.499956 -1.19951 -0.844338 0.256954 -1.22834 -0.70854 
0.578555 -1.42321 -0.771214 0.500695 -1.19911 -0.844534 0.256783 -1.22736 -0.710041 
0.578768 -1.42327 -0.771595 0.500987 -1.19901 -0.844877 0.256508 -1.22576 -0.710911 
0.57863 -1.42307 -0.771598 0.501046 -1.19867 -0.844936 0.25672 -1.22522 -0.710437 
0.578475 -1.4227 -0.771705 0.501081 -1.19789 -0.844296 0.257152 -1.22539 -0.709119 
0.578065 -1.42286 -0.770687 0.500437 -1.19773 -0.842438 0.257648 -1.22535 -0.705129 
0.577814 -1.42283 -0.770453 0.499902 -1.19779 -0.841878 0.257911 -1.22519 -0.702988 
0.577399 -1.42312 -0.770131 0.499126 -1.19794 -0.840633 0.259497 -1.22611 -0.698116 
0.577498 -1.42334 -0.769645 0.497954 -1.19814 -0.837369 0.263211 -1.22653 -0.686546 
0.577557 -1.4235 -0.769352 0.49773 -1.19791 -0.834831 0.264033 -1.22492 -0.682112 
0.577352 -1.42351 -0.76853 0.497399 -1.19705 -0.831624 0.266025 -1.22393 -0.675589 
0.578203 -1.42281 -0.767565 0.496796 -1.19554 -0.826513 0.270997 -1.22386 -0.663228 
0.578025 -1.42249 -0.766821 0.496853 -1.19472 -0.823836 0.272226 -1.22242 -0.658831 
0.576016 -1.42231 -0.765771 0.497041 -1.1937 -0.820162 0.273201 -1.22016 -0.654398 
0.574806 -1.42175 -0.764595 0.4971 -1.19196 -0.815667 0.276456 -1.21983 -0.646874 
0.574522 -1.42165 -0.76437 0.496839 -1.19149 -0.814207 0.278284 -1.21917 -0.642958 
0.574087 -1.4216 -0.763952 0.496469 -1.19053 -0.81159 0.281129 -1.2177 -0.636474 
0.572638 -1.42084 -0.76278 0.496365 -1.18876 -0.806175 0.286837 -1.21775 -0.625205 
0.572196 -1.42055 -0.762265 0.496075 -1.18813 -0.803505 0.288909 -1.21803 -0.620169 
0.572717 -1.42039 -0.762314 0.495137 -1.18749 -0.799992 0.291853 -1.2178 -0.612898 
0.571686 -1.41972 -0.761002 0.494055 -1.18619 -0.794145 0.295818 -1.21733 -0.602607 
0.570953 -1.42024 -0.760306 0.493971 -1.18563 -0.792077 0.297634 -1.21755 -0.599233 
0.569574 -1.41953 -0.758888 0.493947 -1.1851 -0.789436 0.299356 -1.21952 -0.598213 
0.569138 -1.41966 -0.758855 0.493023 -1.18499 -0.786174 0.30211 -1.22 -0.591862 
0.568544 -1.41961 -0.758736 0.492834 -1.18478 -0.785013 0.303375 -1.2202 -0.589644 
0.568268 -1.41937 -0.758516 0.492673 -1.18415 -0.783301 0.305161 -1.22054 -0.58627 
0.568614 -1.4188 -0.758541 0.493059 -1.18245 -0.77923 0.308613 -1.22053 -0.580604 
0.567267 -1.41845 -0.757956 0.493079 -1.18202 -0.777957 0.309919 -1.22038 -0.57831 
0.567053 -1.41828 -0.757765 0.492798 -1.1818 -0.776658 0.311275 -1.22019 -0.575712 
0.566663 -1.41859 -0.757825 0.492419 -1.18187 -0.77542 0.312276 -1.21964 -0.573678 
0.567368 -1.41878 -0.758318 0.492406 -1.1818 -0.775286 0.312736 -1.21983 -0.573024 
0.567075 -1.41878 -0.758492 0.492155 -1.18181 -0.77545 0.313787 -1.22046 -0.572394 
0.566702 -1.41887 -0.758753 0.491568 -1.18181 -0.774686 0.316063 -1.2201 -0.569357 
0.566339 -1.41867 -0.758635 0.491601 -1.18154 -0.773743 0.317535 -1.2196 -0.567252 
0.565257 -1.41846 -0.758249 0.491488 -1.18121 -0.772313 0.320186 -1.21953 -0.563899 
0.565415 -1.41857 -0.758266 0.49017 -1.18154 -0.770128 0.324849 -1.21898 -0.55669 
0.564374 -1.41862 -0.757803 0.489626 -1.1816 -0.769147 0.326569 -1.21852 -0.553844 
0.563768 -1.41878 -0.757437 0.487599 -1.18268 -0.770928 0.329295 -1.21793 -0.549884 
0.563029 -1.41892 -0.756945 0.486898 -1.18225 -0.768695 0.332786 -1.21774 -0.544714 
0.562702 -1.41906 -0.756713 0.486604 -1.18227 -0.768371 0.333573 -1.21762 -0.54345 
0.561966 -1.41938 -0.756372 0.486104 -1.18227 -0.768151 0.334123 -1.21737 -0.541988 
0.561424 -1.41958 -0.756254 0.48496 -1.18248 -0.769078 0.334631 -1.21695 -0.541104 
0.561038 -1.41946 -0.756214 0.484918 -1.18235 -0.76953 0.33489 -1.21679 -0.541224 
0.56073 -1.41934 -0.756206 0.4852 -1.1814 -0.770665 0.334913 -1.21583 -0.541811 
0.560827 -1.41872 -0.756702 0.485807 -1.18004 -0.772 0.334449 -1.21298 -0.543961 
0.560623 -1.41856 -0.75682 0.485993 -1.17958 -0.772349 0.334223 -1.21129 -0.544491 
0.560315 -1.41833 -0.757113 0.486306 -1.17887 -0.773031 0.333964 -1.2089 -0.544805 
0.558896 -1.41766 -0.757621 0.486382 -1.17789 -0.774249 0.333728 -1.20628 -0.545683 
0.558623 -1.41751 -0.757984 0.486343 -1.17754 -0.774701 0.333592 -1.20566 -0.546057 
0.558071 -1.41733 -0.758576 0.486212 -1.17705 -0.775906 0.333281 -1.20498 -0.546979 
0.55691 -1.41695 -0.759578 0.485638 -1.17649 -0.777661 0.332043 -1.2038 -0.549541 
0.556506 -1.41679 -0.759842 0.485165 -1.1763 -0.778825 0.33141 -1.20306 -0.550448 
0.555639 -1.41663 -0.760244 0.484698 -1.17615 -0.780204 0.33039 -1.20189 -0.552395 
0.553956 -1.41611 -0.761133 0.48325 -1.17578 -0.783715 0.328585 -1.19926 -0.555656 
0.553197 -1.41589 -0.761365 0.48278 -1.17567 -0.784987 0.327653 -1.19794 -0.557107 
