706.516 436.283 563.079 384.194 447.532 434.174 
706.524 436.283 563.018 384.296 447.505 434.148 
706.55 436.306 562.985 384.423 447.416 434.16 
706.546 436.305 562.933 384.604 447.327 434.003 
706.535 436.316 562.915 384.653 447.159 433.943 
706.528 436.311 562.899 384.657 447.042 433.837 
706.49 436.277 562.871 384.693 446.784 433.626 
706.497 436.262 562.849 384.717 446.589 433.622 
706.526 436.306 562.814 384.788 446.525 433.698 
706.54 436.52 562.626 384.788 446.461 433.78 
706.562 436.536 562.608 384.811 446.463 433.812 
706.58 436.567 562.582 384.817 446.444 433.849 
706.612 436.597 562.58 384.768 446.476 433.902 
706.613 436.6 562.617 384.687 446.543 433.913 
706.597 436.578 562.61 384.344 446.864 433.919 
706.617 436.416 563.034 383.917 447.388 433.898 
706.562 436.553 563.1 383.709 447.547 433.843 
706.528 436.523 563.26 383.365 447.76 433.796 
706.518 436.327 563.347 382.986 448.129 433.945 
706.517 436.333 563.366 382.967 448.165 433.935 
706.481 436.294 563.444 382.902 448.391 433.86 
706.448 436.279 563.71 382.589 448.972 433.697 
706.435 436.262 563.765 382.361 449.08 433.629 
706.343 436.477 564.061 381.679 449.587 433.337 
706.341 436.488 564.496 381.18 450.174 433.303 
706.449 436.243 565.049 380.117 451.198 433.108 
706.453 436.243 565.19 379.771 451.462 432.987 
706.483 436.224 565.447 379.325 451.946 432.782 
706.498 436.214 565.963 378.697 452.776 432.886 
706.498 436.17 566.063 378.538 452.951 432.857 
706.551 436.26 566.304 378.15 453.29 432.712 
706.536 436.206 566.646 377.565 454.141 432.728 
706.531 436.23 566.862 377.168 454.511 432.611 
706.511 436.206 567.317 376.481 455.083 432.29 
706.487 436.203 568.186 375.058 456.733 432.248 
706.494 436.177 568.629 374.379 457.511 431.941 
706.5 436.169 569.257 373.454 458.441 431.659 
706.547 436.124 570.52 371.795 460.445 431.634 
706.567 436.116 570.946 371.111 461.392 431.742 
706.589 436.089 571.546 370.422 462.376 431.677 
706.631 435.967 572.591 369.199 463.977 431.641 
706.638 435.952 572.961 368.816 464.581 431.802 
706.692 435.924 573.322 368.322 465.411 431.883 
706.651 435.933 574.022 367.311 466.751 431.744 
706.665 435.962 574.385 366.861 467.179 431.658 
706.648 435.949 574.94 366.35 468.217 431.657 
706.633 435.976 575.792 365.106 469.825 431.73 
706.625 435.978 576.244 364.711 470.376 431.785 
706.634 435.972 576.825 364.076 471.556 431.77 
706.686 435.999 577.994 362.85 473.319 431.472 
706.728 436.082 578.346 362.413 474.019 431.572 
706.778 435.981 579.032 361.832 475.18 431.726 
706.852 435.977 580.023 360.777 476.873 431.791 
706.866 435.976 580.354 360.445 477.429 431.763 
706.965 436.074 580.895 359.835 478.506 431.632 
706.939 436.123 581.998 358.742 480.436 431.816 
706.949 436.118 582.414 358.256 481.086 431.855 
706.931 436.148 583.211 357.467 482.433 432.029 
706.961 436.146 584.389 356.25 484.456 431.908 
706.985 436.147 584.824 355.874 485.518 431.882 
707.02 436.158 585.514 355.127 486.662 432.12 
707.105 436.153 586.573 354.273 488.654 432.333 
707.119 436.165 586.882 353.996 489.247 432.412 
707.167 436.263 587.412 353.469 490.204 432.557 
707.188 436.276 588.167 352.785 491.556 432.689 
707.195 436.311 588.441 352.604 492.09 432.583 
707.205 436.317 588.804 352.271 492.739 432.701 
707.219 436.332 589.585 351.625 494.134 432.756 
707.239 436.325 589.96 351.305 494.649 432.83 
707.25 436.341 590.363 350.903 495.56 433.041 
707.284 436.332 591.096 350.267 497.164 433.301 
707.313 436.283 591.44 350.023 497.736 433.308 
707.329 436.292 591.934 349.804 498.554 433.241 
707.398 436.261 592.685 349.19 500.096 433.406 
707.397 436.194 592.99 349.029 500.67 433.509 
707.409 436.162 593.556 348.62 501.341 433.479 
707.41 436.153 594.151 348.166 502.706 433.826 
707.421 436.138 594.453 347.873 503.062 433.755 
707.445 436.101 594.829 347.585 503.602 433.573 
707.46 436.081 595.505 347.112 504.667 433.62 
707.482 436.069 595.711 346.96 505.0 433.506 
707.488 436.076 596.092 346.83 505.565 433.504 
707.524 436.05 596.815 346.337 506.542 433.385 
707.5 436.033 597.061 346.162 507.114 433.408 
707.507 436.023 597.568 345.814 508.02 433.672 
707.576 436.017 598.525 345.239 509.641 433.741 
707.566 435.976 599.0 344.833 510.184 433.714 
707.582 435.936 599.637 344.464 511.359 433.534 
707.722 435.832 600.812 343.766 513.267 433.719 
707.786 435.823 601.461 343.45 513.825 433.662 
707.902 435.757 602.057 343.119 514.901 433.458 
708.114 435.454 602.887 342.676 516.291 433.743 
708.24 435.405 603.557 342.411 517.107 433.64 
708.356 435.341 604.106 342.184 518.157 433.679 
708.511 435.246 605.007 341.707 519.544 433.94 
708.647 435.22 605.297 341.576 519.99 433.814 
708.723 435.1 605.762 341.328 520.624 434.162 
708.857 435.037 606.491 341.015 521.725 433.988 
708.881 435.035 606.804 340.864 522.114 434.064 
708.918 434.967 607.424 340.629 522.909 433.934 
708.907 434.965 608.49 340.122 523.962 433.951 
708.928 434.947 608.843 339.931 524.396 434.252 
708.988 434.916 609.313 339.669 525.078 434.013 
709.236 434.983 609.955 339.448 525.546 433.966 
709.318 434.872 610.039 339.435 525.675 434.115 
709.402 434.853 610.129 339.453 525.774 434.137 
709.41 434.801 610.293 339.447 526.088 434.23 
709.41 434.755 610.393 339.406 526.376 434.247 
709.427 434.708 610.616 339.247 526.81 434.36 
709.427 434.564 611.107 338.874 527.413 434.345 
709.476 434.292 611.3 338.801 527.678 434.483 
709.56 434.259 611.58 338.719 527.948 434.548 
709.795 434.224 611.695 338.731 528.151 434.686 
709.862 434.19 611.7 338.751 528.128 434.736 
709.973 434.255 611.722 338.773 528.15 434.766 
709.971 434.265 611.853 338.729 528.318 434.759 
709.98 434.247 612.061 338.614 528.573 434.555 
710.003 434.263 612.434 338.311 528.867 434.488 
710.098 434.264 612.968 338.101 529.295 434.357 
710.208 434.251 613.158 338.006 529.411 434.302 
710.316 434.252 613.334 337.934 529.742 434.436 
710.476 434.277 613.229 338.062 529.788 434.733 
710.503 434.292 613.011 338.188 529.508 434.772 
710.519 434.332 612.601 338.342 529.509 435.059 
710.516 434.296 612.312 338.594 529.529 435.576 
710.503 434.303 612.289 338.613 529.469 435.606 
710.477 434.271 612.258 338.676 529.405 435.63 
710.37 434.365 612.255 338.661 529.436 435.663 
710.361 434.381 612.339 338.547 529.463 435.647 
710.366 434.391 612.384 338.546 529.435 435.618 
710.331 434.374 612.293 338.59 529.467 435.64 
710.321 434.385 612.267 338.606 529.523 435.645 
710.29 434.38 612.259 338.535 529.558 435.544 
710.257 434.34 612.304 338.491 529.506 435.282 
710.24 434.356 612.308 338.499 529.537 435.298 
710.234 434.37 612.374 338.424 529.671 435.418 
710.175 434.374 612.765 338.338 529.648 435.134 
710.219 434.363 612.932 338.152 529.796 434.926 
710.204 434.368 613.281 338.006 529.81 434.733 
710.166 434.384 613.439 337.794 529.963 434.668 
710.153 434.399 613.315 337.953 530.017 434.733 
710.159 434.429 613.118 337.974 529.992 434.824 
710.159 434.438 612.807 338.295 529.902 435.112 
710.145 434.444 612.715 338.325 529.86 435.216 
710.142 434.461 612.539 338.357 529.546 435.176 
710.152 434.459 612.353 338.464 529.465 435.574 
710.149 434.688 612.174 338.546 529.465 435.706 
710.158 434.707 612.106 338.603 529.475 435.783 
710.256 434.49 611.962 338.717 529.318 436.068 
710.271 434.504 611.868 338.758 529.3 436.152 
710.275 434.5 611.765 338.809 529.343 436.431 
710.265 434.507 611.62 338.901 529.32 436.313 
710.149 434.723 611.579 338.92 529.346 436.337 
710.136 434.706 611.52 338.918 529.294 436.311 
710.132 434.457 611.441 338.912 529.244 436.361 
710.087 434.453 611.32 338.929 529.18 436.581 
710.076 434.456 611.25 338.95 529.081 436.526 
710.063 434.455 611.114 338.973 529.016 436.587 
710.067 434.436 611.05 338.974 528.901 436.577 
710.065 434.448 610.948 339.005 528.749 436.535 
710.071 434.464 610.752 339.143 528.512 436.642 
710.067 434.488 610.531 339.351 528.362 436.7 
710.013 434.712 610.402 339.412 528.07 436.535 
709.981 434.73 610.246 339.487 527.665 436.418 
709.962 434.717 610.085 339.566 527.444 436.604 
709.939 434.738 609.858 339.581 527.3 436.657 
709.929 434.77 609.73 339.633 527.037 436.819 
709.937 434.76 609.647 339.648 526.813 436.774 
709.933 434.772 609.451 339.825 526.406 436.557 
709.902 434.79 609.077 340.012 525.413 436.422 
709.903 434.812 608.68 340.227 524.698 436.378 
709.878 434.815 608.195 340.65 523.781 436.513 
709.766 434.807 607.33 341.132 522.497 436.511 
709.683 434.826 607.009 341.376 522.101 436.711 
709.595 434.847 606.709 341.429 521.642 436.69 
709.541 434.85 606.335 341.658 520.87 436.728 
709.519 434.861 606.252 341.704 520.684 436.655 
709.503 434.824 605.835 341.888 520.034 436.464 
709.51 434.837 605.46 342.187 519.555 436.494 
709.541 434.845 604.767 342.714 518.263 436.465 
709.539 434.875 604.474 342.92 517.805 436.486 
709.529 434.928 603.972 343.148 516.765 436.569 
709.501 435.084 603.098 343.881 515.346 436.679 
709.481 435.085 602.819 344.04 514.812 436.692 
709.438 435.108 602.334 344.42 514.301 436.617 
709.373 435.111 601.848 344.676 513.379 436.819 
709.35 435.125 601.695 344.704 513.101 436.761 
709.321 435.123 601.456 344.846 512.619 436.527 
709.329 435.108 600.877 345.333 511.55 436.484 
709.342 435.112 600.626 345.512 511.154 436.572 
709.344 435.126 600.109 345.893 510.294 436.511 
709.349 435.153 599.227 346.38 508.94 436.438 
709.346 435.162 598.824 346.695 508.378 436.546 
709.341 435.183 598.435 347.03 507.736 436.767 
709.27 435.17 597.855 347.281 506.689 436.347 
709.263 435.173 597.621 347.497 506.376 436.619 
709.221 435.18 597.345 347.662 505.854 436.497 
709.196 435.147 596.699 348.028 504.771 436.503 
709.184 435.149 596.489 348.218 504.355 436.573 
709.199 435.157 596.034 348.595 503.59 436.485 
709.189 435.166 595.335 349.195 502.36 436.478 
709.178 435.166 595.089 349.382 501.867 436.518 
709.158 435.162 594.703 349.724 500.943 436.152 
709.071 435.019 594.039 350.169 500.104 436.179 
709.057 435.02 593.867 350.309 499.648 436.258 
709.014 435.049 593.57 350.612 499.187 436.282 
709.018 435.032 593.105 350.924 498.265 436.266 
708.994 435.055 592.934 351.072 497.774 435.869 
709.013 435.048 592.6 351.371 497.138 435.936 
709.023 435.085 591.742 352.158 495.483 435.455 
709.014 435.09 591.41 352.504 494.793 435.578 
709.017 435.121 590.881 352.904 493.871 435.58 
709.003 435.149 590.052 353.585 492.331 435.424 
708.969 435.151 589.674 353.875 491.842 435.624 
708.944 435.153 589.227 354.182 491.093 435.657 
708.875 435.123 588.703 354.612 490.055 435.349 
708.87 435.124 588.52 354.783 489.67 435.365 
708.881 435.137 588.188 355.127 489.02 435.305 
708.853 435.134 587.636 355.711 487.8 435.318 
708.883 435.133 587.364 356.033 487.326 435.11 
708.882 435.127 587.051 356.309 486.844 434.913 
708.896 435.14 586.524 356.82 485.985 435.105 
708.843 435.15 586.37 356.973 485.649 434.965 
708.839 435.112 586.103 357.189 485.208 434.837 
708.815 435.116 585.662 357.562 484.125 434.665 
708.794 435.123 585.391 357.864 483.683 434.68 
708.799 435.126 585.041 358.175 483.037 434.491 
708.808 435.244 584.324 358.844 481.65 434.236 
708.796 435.138 584.065 359.105 481.25 434.193 
708.794 435.258 583.601 359.476 480.413 434.003 
708.748 435.26 583.031 360.131 479.204 433.838 
708.731 435.242 582.833 360.316 478.795 433.826 
708.686 435.251 582.457 360.707 478.294 433.712 
708.695 435.255 581.614 361.19 476.911 433.109 
708.668 435.291 581.509 361.58 476.41 432.905 
708.667 435.279 581.065 362.007 475.555 433.023 
708.677 435.289 580.302 362.955 473.989 432.776 
708.655 435.312 580.038 363.27 473.438 432.696 
708.645 435.312 579.47 363.857 472.66 432.721 
708.621 435.3 578.696 364.702 471.092 432.222 
708.624 435.308 578.446 365.058 470.495 432.246 
708.521 435.377 578.036 365.552 469.808 432.238 
708.518 435.392 577.229 366.389 468.489 431.894 
708.523 435.381 577.016 366.648 468.118 431.919 
708.514 435.41 576.7 367.088 467.346 431.829 
708.516 435.436 576.078 367.975 466.068 431.249 
708.497 435.434 575.771 368.308 465.508 431.328 
708.512 435.464 575.287 368.891 464.738 431.286 
708.501 435.482 574.611 369.791 463.459 430.981 
708.49 435.488 574.389 370.15 463.0 430.987 
708.471 435.518 573.987 370.569 462.454 430.992 
708.437 435.537 573.273 371.428 461.159 430.524 
708.45 435.536 573.028 371.792 460.782 430.561 
708.424 435.525 572.705 372.207 460.074 430.663 
708.425 435.524 572.044 373.109 459.133 430.563 
708.397 435.52 571.826 373.394 458.459 430.335 
708.393 435.525 571.208 373.884 457.918 430.184 
708.388 435.466 570.698 374.992 456.736 429.857 
708.36 435.433 570.407 375.359 456.249 429.925 
708.349 435.425 570.023 376.019 455.646 429.95 
708.266 435.365 569.378 377.184 454.462 430.053 
708.268 435.346 569.182 377.52 454.154 430.163 
708.233 435.321 568.825 377.903 453.483 430.214 
708.173 435.3 568.295 378.803 452.549 430.011 
708.162 435.287 568.117 379.138 452.303 429.881 
708.146 435.262 567.836 379.604 451.715 429.841 
708.135 435.25 567.235 380.632 450.756 429.677 
708.108 435.238 566.933 381.087 450.403 429.718 
708.083 435.264 566.539 381.672 449.683 429.763 
708.051 435.329 566.054 382.621 448.903 429.985 
707.994 435.362 565.88 383.058 448.432 429.92 
708.002 435.37 565.545 383.684 447.899 430.03 
707.988 435.366 564.97 384.789 447.042 429.939 
707.997 435.372 564.817 385.147 446.769 430.011 
707.975 435.246 564.53 385.854 446.142 430.083 
707.909 435.246 564.003 386.913 445.272 429.918 
707.959 435.404 563.835 387.379 445.008 429.811 
707.927 435.268 563.562 387.978 444.494 429.935 
707.9 435.259 562.966 389.01 443.779 430.183 
707.875 435.277 562.779 389.381 443.501 430.268 
707.848 435.27 562.449 390.071 442.849 430.19 
707.81 435.266 562.084 390.881 442.213 430.443 
707.775 435.262 561.956 391.268 442.016 430.547 
707.775 435.27 561.667 391.928 441.732 430.84 
707.694 435.508 561.12 393.01 441.107 431.509 
707.693 435.509 560.947 393.429 440.805 431.549 
707.654 435.531 560.658 394.216 440.427 431.895 
707.552 435.531 560.185 395.321 439.699 432.409 
707.519 435.423 559.956 395.745 439.474 432.573 
707.417 435.252 559.399 396.22 439.047 432.861 
707.373 435.247 559.282 397.18 438.669 433.541 
707.365 435.259 559.178 397.477 438.536 433.652 
707.373 435.248 559.129 397.887 438.291 433.862 
707.396 435.248 559.001 398.475 437.823 433.71 
707.392 435.244 558.87 398.83 437.654 433.918 
707.381 435.255 558.736 399.333 437.44 434.166 
707.373 435.276 558.531 399.917 436.96 434.69 
707.386 435.263 558.379 400.318 436.824 434.778 
707.376 435.259 558.259 400.771 436.654 434.967 
707.369 435.269 557.788 401.388 436.282 435.233 
707.354 435.277 557.776 401.491 436.203 435.294 
707.337 435.289 557.699 401.714 436.078 435.34 
707.337 435.291 557.854 402.077 435.955 435.429 
707.325 435.282 557.678 402.602 435.743 435.651 
707.318 435.269 557.57 402.926 435.586 435.71 
707.294 435.277 557.447 403.327 435.251 435.722 
707.292 435.278 557.208 404.576 434.6 436.566 
707.282 435.286 557.104 404.874 434.496 436.767 
707.296 435.276 556.949 405.588 434.171 437.045 
707.28 435.287 556.371 406.849 433.574 437.407 
707.285 435.274 556.272 407.328 433.238 437.678 
707.266 435.291 556.287 408.016 432.92 438.075 
707.212 435.308 556.119 408.874 432.529 438.446 
707.165 435.331 556.062 409.04 432.441 438.485 
707.131 435.341 556.006 409.117 432.366 438.528 
707.108 435.319 555.972 409.034 432.363 438.585 
707.114 435.321 555.974 408.979 432.386 438.603 
707.135 435.434 556.005 408.933 432.408 438.544 
707.185 435.481 556.058 409.016 432.46 438.466 
707.2 435.606 556.095 409.076 432.459 438.494 
707.224 435.637 556.1 409.114 432.488 438.566 
707.239 435.684 556.076 408.929 432.529 438.595 
707.239 435.702 556.07 408.787 432.569 438.581 
707.237 435.706 555.793 408.356 432.693 438.439 
707.218 435.763 556.056 407.909 432.833 438.289 
707.211 435.764 556.063 407.79 432.95 438.419 
707.209 435.76 556.111 407.623 432.995 438.375 
707.19 435.732 556.114 407.638 432.873 438.196 
707.204 435.763 556.114 407.657 432.89 438.233 
707.196 435.772 556.114 407.637 432.998 438.408 
707.228 435.794 556.17 407.556 433.046 438.313 
707.237 435.808 556.174 407.499 433.061 438.254 
707.234 435.795 556.19 407.366 433.082 438.246 
707.24 435.828 556.177 407.074 433.133 438.188 
707.215 435.809 556.183 406.982 433.142 438.144 
707.213 435.823 556.185 406.867 433.178 438.165 
707.218 435.825 555.975 406.588 433.369 438.172 
707.2 435.835 556.003 406.319 433.401 438.122 
707.211 435.832 556.039 406.12 433.517 438.018 
707.204 435.82 556.121 405.555 433.764 437.805 
707.207 435.824 556.17 405.302 433.868 437.726 
707.219 435.832 556.227 404.885 434.024 437.635 
707.185 435.85 556.683 404.14 434.322 437.497 
707.197 435.847 556.748 403.915 434.405 437.216 
707.193 435.86 556.809 403.563 434.615 437.02 
707.213 435.848 556.977 402.898 434.879 436.713 
707.209 435.842 557.032 402.678 434.964 436.551 
707.205 435.843 557.161 402.267 435.093 436.417 
707.214 435.842 557.25 401.665 435.464 436.196 
707.227 435.824 557.323 401.479 435.585 436.059 
707.232 435.821 557.411 401.116 435.748 435.696 
707.214 435.804 557.594 400.528 436.038 435.74 
707.194 435.794 557.606 400.354 436.127 435.675 
707.181 435.765 557.663 400.091 436.225 435.594 
707.155 435.777 557.681 399.612 436.405 435.483 
707.129 435.77 557.696 399.476 436.462 435.445 
707.102 435.734 557.707 399.158 436.658 435.445 
707.086 435.778 557.669 398.609 436.864 435.288 
707.096 435.78 557.71 398.429 436.968 435.101 
707.108 435.78 557.835 398.115 437.144 434.953 
707.117 435.813 558.281 397.557 437.485 434.717 
707.125 435.803 558.341 397.339 437.599 434.647 
707.138 435.814 558.482 396.959 437.846 434.374 
707.152 435.835 558.836 395.802 438.379 434.262 
707.156 435.857 559.004 395.3 438.641 434.107 
707.148 435.835 559.339 394.248 439.376 433.829 
707.118 435.82 560.057 392.607 440.221 432.98 
707.136 435.824 560.315 391.977 440.641 432.775 
707.136 435.804 560.685 390.954 441.54 432.643 
707.163 435.8 561.318 389.305 442.415 432.091 
707.156 435.811 561.597 388.66 442.946 431.667 
707.174 435.816 561.995 387.943 443.479 431.46 
707.217 435.817 562.424 386.799 444.345 431.455 
707.239 435.844 562.584 386.443 444.572 431.408 
707.215 435.813 562.779 385.997 445.068 431.273 
707.242 435.829 563.125 384.929 445.63 430.995 
707.229 435.83 563.24 384.567 445.995 430.943 
707.184 435.82 563.554 383.841 446.766 431.194 
707.114 435.809 564.173 382.427 447.76 430.801 
707.089 435.771 564.408 381.793 448.408 430.599 
707.044 435.753 564.71 380.776 449.287 430.831 
707.031 435.738 565.608 379.276 450.782 430.875 
707.012 435.738 565.846 378.758 451.199 430.881 
707.03 435.699 566.23 378.075 452.081 430.829 
707.048 435.699 566.776 377.259 452.978 430.754 
707.059 435.713 567.011 376.897 453.618 430.899 
707.07 435.717 567.37 376.398 454.252 430.942 
707.093 435.736 567.979 375.328 455.481 430.924 
707.097 435.757 568.208 374.918 455.893 430.878 
707.112 435.762 568.605 374.219 456.721 431.188 
707.124 435.775 569.39 373.07 458.057 431.02 
707.143 435.79 569.622 372.71 458.596 431.174 
707.144 435.776 570.007 372.13 459.329 431.012 
707.155 435.76 570.551 371.289 460.359 431.019 
707.138 435.768 570.791 370.958 460.822 430.822 
707.145 435.771 571.236 370.624 461.525 430.936 
707.116 435.779 571.94 369.707 462.8 431.031 
707.123 435.764 572.229 369.301 463.318 430.921 
707.121 435.755 572.885 368.515 464.432 431.144 
707.116 435.739 573.796 367.29 466.258 431.071 
707.13 435.754 574.262 366.611 466.938 430.995 
707.15 435.746 574.942 366.033 468.14 430.811 
707.209 435.764 575.934 364.928 470.024 430.868 
707.21 435.762 576.438 364.446 470.574 431.033 
707.238 435.766 576.97 363.783 471.694 431.232 
707.266 435.765 577.794 362.966 473.261 431.149 
707.246 435.77 578.188 362.502 473.905 431.221 
707.241 435.76 578.702 361.978 474.88 431.099 
707.209 435.75 579.685 360.962 476.584 430.926 
707.214 435.761 580.151 360.477 477.416 431.408 
707.213 435.751 580.881 359.766 478.634 431.248 
707.236 435.769 582.154 358.385 480.947 431.433 
707.262 435.761 582.786 357.774 482.149 431.359 
707.311 435.821 583.79 356.971 483.798 431.437 
707.378 435.839 585.495 355.516 486.79 431.637 
707.394 435.847 586.217 354.886 487.983 431.745 
707.425 435.85 587.305 353.877 489.904 431.794 
707.524 435.987 589.195 352.386 493.103 431.951 
707.509 435.818 589.967 351.74 494.298 431.931 
707.579 435.804 590.91 351.173 495.997 432.242 
707.749 436.076 592.335 350.041 498.247 432.249 
707.813 436.081 592.725 349.744 499.186 432.285 
707.874 436.079 593.463 349.334 500.135 432.405 
707.907 436.1 594.111 348.908 501.526 432.881 
707.91 436.129 594.28 348.79 501.988 432.868 
707.928 436.115 594.548 348.561 502.485 432.928 
707.899 436.109 594.745 348.441 503.017 432.976 
707.893 436.099 594.858 348.389 503.194 433.032 
707.863 436.099 594.987 348.29 503.549 433.07 
707.832 436.07 595.434 347.855 504.537 433.387 
707.826 436.045 595.667 347.741 504.849 433.341 
707.793 435.927 596.086 347.544 505.474 433.234 
707.839 435.872 596.909 346.907 506.953 433.407 
707.866 435.837 597.233 346.643 507.567 433.232 
707.903 435.795 597.833 346.275 508.313 433.07 
708.0 435.49 598.661 345.735 509.883 433.003 
708.049 435.47 599.041 345.504 510.328 432.957 
708.079 435.408 599.601 345.211 511.316 432.955 
708.137 435.218 600.422 344.66 512.693 433.07 
708.134 435.169 600.702 344.471 513.142 432.878 
708.158 435.093 601.298 344.031 513.988 433.117 
708.267 435.04 602.2 343.704 515.329 432.932 
708.287 435.037 602.479 343.554 515.784 433.074 
708.398 434.905 602.958 343.225 516.632 433.177 
708.489 434.876 604.067 342.684 518.105 432.71 
708.578 434.845 604.519 342.448 518.79 432.796 
708.631 434.804 605.395 341.988 520.025 432.734 
708.749 434.677 607.051 341.077 522.097 432.548 
708.822 434.63 607.629 340.756 522.693 432.383 
709.053 434.599 608.433 340.439 523.71 431.958 
709.502 434.367 609.328 340.006 524.633 431.841 
709.704 434.317 609.659 340.019 524.94 431.786 
709.908 434.403 610.012 339.901 525.263 431.835 
710.008 434.425 610.394 339.727 526.129 432.024 
709.984 434.426 610.519 339.692 526.403 432.242 
709.946 434.426 610.688 339.619 526.717 432.228 
709.932 434.39 610.855 339.573 526.671 432.061 
709.962 434.395 610.91 339.568 526.68 432.091 
709.962 434.447 610.968 339.609 526.787 432.211 
709.863 434.667 611.294 339.478 527.256 432.317 
709.814 434.681 611.595 339.383 527.679 432.436 
709.839 434.679 612.081 339.14 528.573 432.291 
709.92 434.689 613.212 338.564 529.702 431.821 
709.988 434.707 613.642 338.286 530.196 431.675 
710.13 434.729 614.031 338.078 530.485 431.519 
710.41 434.525 614.256 338.069 530.907 431.627 
710.44 434.548 614.274 338.095 531.024 431.726 
710.44 434.561 614.281 338.119 531.145 431.865 
710.399 434.534 614.128 338.155 530.929 432.036 
710.401 434.53 613.959 338.228 530.671 431.943 
710.41 434.516 613.366 338.542 530.338 432.412 
710.442 434.486 612.05 339.157 529.654 433.684 
710.423 434.484 611.715 339.304 529.487 433.955 
710.381 434.48 611.275 339.494 529.371 434.26 
710.158 434.422 611.357 339.463 529.565 434.219 
710.119 434.375 611.592 339.374 529.64 434.091 
710.105 434.301 611.736 339.166 529.856 433.673 
710.171 434.246 611.763 339.13 530.007 433.661 
710.191 434.252 611.741 339.193 530.051 433.706 
710.2 434.279 611.745 339.238 530.103 433.814 
710.125 434.317 611.977 339.078 530.219 433.656 
710.125 434.318 612.119 338.983 530.34 433.506 
710.104 434.352 612.466 338.73 530.503 433.122 
710.137 434.376 612.907 338.624 530.887 433.014 
710.152 434.401 613.125 338.534 531.105 433.017 
710.22 434.421 613.276 338.433 531.24 432.747 
710.268 434.444 613.269 338.518 531.253 432.673 
710.285 434.453 613.153 338.464 531.19 432.753 
710.282 434.702 612.965 338.712 531.068 433.151 
710.394 434.496 612.41 338.994 530.63 433.816 
710.378 434.474 612.125 339.229 530.482 434.08 
710.275 434.709 611.844 339.372 530.134 434.152 
710.229 434.71 611.492 339.455 529.831 434.423 
710.202 434.486 611.232 339.563 529.56 434.627 
710.168 434.469 611.0 339.58 529.299 434.691 
710.149 434.384 610.636 339.672 528.798 434.511 
710.135 434.354 610.477 339.715 528.491 434.467 
710.132 434.347 610.06 340.042 527.715 434.171 
710.216 434.439 609.334 340.343 526.66 434.739 
710.23 434.478 609.06 340.487 526.373 434.926 
710.151 434.503 608.716 340.676 526.061 435.367 
710.078 434.479 608.464 340.677 525.899 435.458 
710.026 434.448 608.497 340.669 525.773 435.377 
709.989 434.443 608.424 340.713 525.404 434.808 
709.945 434.474 608.07 340.883 524.122 434.052 
709.904 434.714 607.75 341.062 523.477 434.022 
709.898 434.747 607.166 341.457 522.025 433.723 
709.87 434.78 605.987 342.184 520.05 433.831 
709.827 434.809 605.167 342.678 518.604 434.015 
709.746 434.82 604.288 343.133 517.352 434.341 
709.59 434.802 603.394 343.768 516.007 434.341 
709.512 434.814 602.904 343.998 514.999 434.143 
709.436 434.881 602.389 344.392 514.223 434.016 
709.413 434.878 601.81 344.708 513.043 433.589 
709.426 434.878 601.343 345.004 512.046 433.552 
709.474 434.806 600.784 345.5 511.204 433.62 
709.449 434.845 600.028 345.989 509.872 433.69 
709.483 434.802 599.571 346.309 509.153 433.901 
709.44 434.866 599.099 346.712 508.17 433.9 
709.401 434.902 598.212 347.476 506.66 433.668 
709.35 434.922 597.779 347.672 506.105 433.521 
709.357 434.884 597.289 347.929 505.228 433.58 
709.312 435.074 596.576 348.485 504.004 433.481 
709.312 435.104 596.242 348.711 503.479 433.666 
709.279 435.126 595.783 348.969 502.883 433.575 
709.247 435.157 595.414 349.256 502.075 433.139 
709.236 435.164 595.076 349.447 501.286 432.994 
709.246 435.192 594.686 349.792 500.68 432.979 
709.292 435.225 593.965 350.36 499.215 432.841 
709.297 435.246 593.721 350.595 498.784 432.747 
709.303 435.26 593.236 351.046 498.018 432.794 
709.28 435.274 592.633 351.419 497.073 432.578 
709.262 435.266 592.46 351.57 496.827 432.372 
709.218 435.258 592.104 351.778 496.141 432.36 
709.124 435.09 591.833 351.974 495.683 432.432 
709.082 435.088 591.272 352.305 494.576 432.329 
709.074 435.09 590.876 352.578 494.167 432.27 
709.054 435.081 590.51 352.897 493.24 432.072 
709.052 435.098 589.736 353.6 491.977 431.87 
709.03 435.12 589.454 353.865 491.27 431.904 
709.026 435.097 588.973 354.353 490.564 431.691 
708.999 435.103 588.381 354.856 489.237 431.782 
708.982 435.085 587.967 355.183 488.833 431.726 
708.935 435.094 587.645 355.455 488.062 431.367 
708.899 435.072 587.078 356.02 487.062 431.248 
708.893 435.075 586.864 356.22 486.63 431.1 
708.886 435.039 586.518 356.539 485.867 431.134 
708.892 435.019 585.795 357.145 484.712 430.982 
708.927 435.04 585.601 357.313 484.323 430.839 
708.952 435.059 585.144 357.593 483.806 430.846 
709.086 435.014 584.724 357.967 482.794 430.554 
709.171 435.176 584.474 358.104 482.499 430.352 
709.236 435.185 584.162 358.404 482.147 430.46 
709.337 435.214 583.806 358.819 481.318 430.338 
709.38 435.201 583.637 359.01 480.991 430.261 
709.427 435.223 583.305 359.425 480.341 430.031 
709.44 435.253 582.687 360.017 479.233 429.925 
709.44 435.268 582.382 360.381 478.758 429.94 
709.416 435.291 582.025 360.732 477.894 429.754 
709.415 435.438 581.331 361.464 476.726 429.616 
709.377 435.307 581.063 361.663 476.16 429.639 
709.344 435.277 580.602 362.094 475.492 429.606 
709.201 435.076 579.951 362.756 474.235 429.218 
709.175 435.076 579.655 363.128 473.807 429.328 
709.146 435.06 579.287 363.501 473.173 428.957 
709.131 435.044 578.641 364.343 471.941 428.923 
709.125 435.01 578.459 364.526 471.675 428.937 
709.107 434.953 578.082 364.736 471.192 428.956 
709.068 434.863 577.534 365.411 470.187 428.958 
709.042 434.831 577.345 365.646 469.79 428.698 
709.014 434.819 577.061 366.037 469.202 428.459 
709.023 434.72 576.529 366.8 468.283 428.381 
709.011 434.711 576.324 367.193 467.899 428.28 
709.009 434.665 575.919 367.641 467.293 428.298 
708.98 434.627 575.352 368.218 466.364 428.278 
708.971 434.617 575.105 368.526 466.093 428.299 
708.975 434.587 574.862 368.862 465.495 428.247 
708.943 434.564 574.183 369.633 464.327 427.776 
708.926 434.567 573.949 369.992 463.778 427.809 
708.912 434.573 573.497 370.598 463.285 427.898 
708.892 434.621 572.916 371.314 462.124 427.855 
708.892 434.616 572.633 371.634 461.795 427.848 
708.864 434.592 572.158 372.186 461.15 427.746 
708.839 434.664 571.692 372.825 460.268 427.685 
708.816 434.651 571.529 373.067 460.062 427.737 
708.806 434.663 571.35 373.335 459.733 427.844 
708.76 434.704 571.047 373.787 459.326 427.844 
708.78 434.688 570.96 373.915 459.047 427.858 
708.767 434.713 570.742 374.142 458.743 427.523 
708.77 434.806 570.407 374.8 458.165 427.526 
708.791 434.828 570.274 375.015 457.992 427.543 
708.786 434.874 570.053 375.438 457.613 427.687 
708.836 434.944 569.55 376.129 456.777 427.535 
708.845 434.965 569.374 376.425 456.388 427.494 
708.802 435.02 568.886 377.12 455.714 427.355 
708.772 435.166 568.093 378.26 454.462 427.411 
708.74 435.193 567.849 378.706 454.006 427.575 
708.719 435.245 567.373 379.5 453.09 427.622 
708.68 435.284 566.643 380.677 451.944 428.009 
708.66 435.313 566.329 381.015 451.475 427.943 
708.586 435.332 565.959 381.86 450.816 427.713 
708.543 435.369 565.304 382.887 449.757 427.904 
708.54 435.358 565.094 383.382 449.417 428.09 
708.525 435.397 564.804 383.93 448.725 427.908 
708.494 435.407 564.146 385.18 447.598 428.247 
708.477 435.4 563.758 385.877 447.175 428.42 
708.433 435.478 563.219 387.008 446.051 428.546 
708.424 435.5 562.348 389.104 444.746 429.443 
708.397 435.502 561.98 389.914 444.114 429.999 
708.366 435.532 561.341 391.037 443.302 430.256 
708.182 435.881 560.448 392.451 442.1 430.978 
708.073 435.883 560.191 392.883 441.8 431.274 
707.964 435.916 559.862 393.408 441.419 431.508 
707.812 435.879 559.164 394.018 440.735 431.806 
707.795 435.86 559.112 394.225 440.552 431.977 
707.785 435.854 559.174 394.507 440.386 432.1 
707.819 435.867 558.988 395.241 440.146 432.328 
707.814 435.87 558.917 395.577 439.975 432.479 
707.848 435.872 558.806 396.095 439.749 432.627 
707.869 435.891 558.478 397.187 439.031 433.218 
707.857 435.88 558.279 397.617 438.764 433.407 
707.84 435.879 558.122 398.119 438.32 433.586 
707.771 435.87 557.482 398.781 437.916 433.916 
707.75 435.861 557.586 399.118 437.78 433.999 
707.658 435.67 557.482 399.522 437.555 434.125 
707.629 435.663 557.359 400.176 437.014 434.273 
707.64 435.655 557.3 400.545 436.849 434.297 
707.636 435.648 557.063 401.426 436.411 434.358 
707.652 435.645 556.667 403.316 435.474 434.586 
707.665 435.687 556.362 404.343 434.854 434.707 
707.641 435.671 555.825 405.753 434.215 435.233 
707.607 435.713 555.48 408.434 432.94 436.105 
707.581 435.889 555.01 409.285 432.545 436.478 
707.556 435.728 554.767 410.297 432.076 436.474 
707.481 435.694 554.818 411.098 431.709 436.584 
707.513 435.876 554.817 411.081 431.707 436.591 
707.521 435.891 554.901 410.789 431.787 436.717 
707.539 435.857 554.935 410.248 432.023 436.247 
707.555 435.843 554.966 410.137 432.056 436.166 
707.541 435.861 554.767 410.037 432.081 436.103 
707.514 435.855 554.771 410.099 432.18 436.677 
707.468 435.676 554.724 410.062 432.165 436.805 
707.472 435.697 554.733 409.761 432.126 437.167 
707.434 435.721 554.866 408.747 432.457 437.461 
707.405 435.7 555.041 407.982 432.757 437.352 
707.392 435.749 555.182 406.768 433.31 437.361 
707.354 435.732 555.562 404.902 434.025 436.676 
707.36 435.746 555.735 404.247 434.402 436.685 
707.348 435.751 556.085 403.054 434.863 436.407 
707.293 435.746 556.247 401.528 435.777 435.924 
707.293 435.755 556.667 400.954 435.986 435.57 
707.286 435.751 556.94 399.956 436.453 435.14 
707.297 435.771 557.457 398.19 437.416 434.297 
707.278 435.788 557.693 397.359 437.815 434.039 
707.271 435.781 558.105 396.146 438.512 433.529 
707.211 435.759 558.898 394.048 439.819 432.811 
707.237 435.786 559.228 393.158 440.215 432.526 
707.265 435.789 559.675 391.943 441.19 432.02 
707.339 435.783 560.717 389.623 442.644 431.391 
707.414 435.967 561.078 388.791 443.385 430.972 
707.454 435.973 561.74 387.299 444.233 430.34 
707.485 435.978 562.881 385.234 446.085 429.731 
707.478 435.992 563.383 384.316 446.794 429.339 
707.46 435.972 564.023 383.092 447.765 428.846 
707.432 435.963 565.028 381.006 449.407 428.28 
707.424 435.948 565.319 380.251 450.206 428.301 
707.415 435.968 565.617 379.191 451.092 428.505 
707.391 435.965 566.584 377.841 452.417 428.151 
707.415 435.976 566.834 377.395 452.997 428.369 
707.411 435.967 567.139 376.82 453.539 428.297 
707.394 435.779 567.537 376.238 454.245 428.307 
707.382 435.762 567.608 376.114 454.415 428.458 
707.342 435.768 567.742 375.842 454.584 428.556 
707.32 435.75 567.846 375.473 454.986 428.858 
707.303 435.748 567.901 375.352 455.178 428.933 
707.272 435.746 567.944 375.175 455.515 428.925 
707.211 435.735 568.121 374.761 455.992 429.001 
707.197 435.755 568.212 374.551 456.272 429.297 
707.179 435.736 568.394 373.95 456.65 429.328 
707.123 435.711 568.773 373.121 457.482 429.208 
707.12 435.718 568.965 372.818 457.942 429.585 
707.101 435.71 569.182 372.388 458.487 429.626 
707.102 435.704 569.718 371.633 459.415 429.616 
707.086 435.695 570.011 371.159 460.196 429.767 
707.071 435.696 570.439 370.452 461.002 429.614 
707.055 435.701 571.315 369.446 462.522 429.66 
707.049 435.69 571.628 369.025 463.135 429.676 
707.065 435.689 572.19 368.242 464.282 429.764 
707.046 435.651 572.906 367.433 465.579 429.999 
707.036 435.66 573.515 366.719 466.574 429.93 
707.019 435.649 574.111 365.989 467.518 429.782 
707.027 435.635 574.794 365.245 468.724 429.863 
707.026 435.634 575.24 364.795 469.658 430.02 
707.026 435.623 575.678 364.248 470.276 430.006 
707.028 435.63 576.216 363.739 471.493 430.238 
707.005 435.625 576.756 363.095 472.22 430.279 
706.984 435.64 577.134 362.604 473.254 430.356 
706.982 435.641 577.977 361.865 474.641 430.256 
706.981 435.64 578.582 361.063 475.574 430.21 
707.004 435.648 579.288 360.289 476.946 430.347 
707.037 435.663 580.322 359.426 478.647 430.43 
707.066 435.65 581.008 358.72 480.03 430.445 
707.093 435.647 581.935 358.008 481.461 430.342 
707.122 435.638 583.038 356.893 483.364 430.38 
707.128 435.515 583.825 356.165 484.938 430.739 
707.137 435.484 584.739 355.355 486.201 430.487 
707.107 435.428 585.737 354.408 488.078 430.732 
707.104 435.341 586.539 353.878 489.383 430.781 
707.137 435.253 587.128 353.341 490.515 431.03 
707.121 435.08 587.797 352.791 491.927 431.103 
707.117 435.039 587.973 352.647 492.315 431.166 
707.116 435.026 588.255 352.526 492.721 431.26 
707.134 435.047 588.521 352.33 493.364 431.67 
707.138 435.054 588.581 352.29 493.662 431.752 
707.126 435.044 588.708 352.198 493.942 431.957 
707.114 435.046 589.063 351.896 494.88 432.175 
707.114 435.057 589.371 351.594 495.486 432.119 
707.11 435.092 589.923 351.225 496.37 432.337 
707.106 435.056 590.896 350.358 498.227 432.399 
707.114 435.03 591.402 350.078 498.981 432.281 
707.139 434.974 592.029 349.642 500.093 432.488 
707.213 434.909 593.096 349.024 501.781 432.309 
707.232 434.861 593.457 348.731 502.435 432.46 
707.274 434.554 593.842 348.463 503.014 432.347 
707.331 434.145 594.245 348.228 503.963 432.615 
707.321 434.081 594.441 348.062 504.281 432.626 
707.283 433.853 594.827 347.952 504.68 432.645 
707.219 433.677 595.291 347.54 505.746 432.805 
707.145 433.662 595.451 347.398 506.111 432.869 
707.124 433.639 595.811 347.165 506.607 432.789 
707.22 433.744 596.787 346.569 508.122 432.692 
707.245 433.795 597.23 346.236 508.79 432.518 
707.376 433.891 598.066 345.862 510.003 432.387 
707.573 433.947 599.322 345.115 511.881 432.238 
707.751 433.955 600.474 344.452 513.615 432.206 
707.826 433.933 601.752 343.785 515.336 432.154 
708.02 434.034 603.724 342.645 518.168 431.713 
708.115 434.028 604.139 342.503 518.651 431.624 
708.456 433.928 605.458 341.849 520.54 431.338 
708.761 433.733 606.346 341.414 521.815 431.373 
709.035 433.445 607.185 341.037 523.305 431.673 
709.101 433.417 607.379 340.997 523.587 431.589 
709.199 433.378 607.488 341.002 523.812 431.505 
709.237 433.385 607.487 341.046 523.776 431.644 
709.228 433.395 607.459 341.055 523.769 431.667 
709.194 433.377 607.448 341.091 523.787 431.696 
709.109 433.353 607.614 340.907 523.884 431.426 
709.1 433.35 607.704 340.839 523.915 431.33 
709.081 433.326 607.897 340.759 524.154 431.26 
709.066 433.389 608.732 340.367 525.435 431.544 
709.065 433.397 609.235 339.924 526.012 431.273 
709.123 433.422 610.023 339.552 526.909 430.867 
709.269 433.455 611.047 339.026 527.938 430.546 
709.37 433.434 611.174 338.962 528.103 430.46 
709.505 433.418 611.108 339.013 528.06 430.572 
709.612 433.503 610.594 339.404 527.818 431.139 
709.456 433.525 610.139 339.673 527.622 431.681 
709.395 433.461 609.948 339.772 527.5 431.895 
709.266 433.413 609.435 339.973 527.151 432.154 
709.212 433.365 608.907 340.054 526.671 432.389 
709.211 433.349 608.648 340.196 526.295 432.566 
709.227 433.363 608.024 340.507 525.749 432.896 
709.237 433.375 607.655 340.696 525.408 433.169 
709.273 433.392 607.545 340.758 525.333 433.266 
709.27 433.408 607.466 340.799 525.341 433.35 
709.267 433.405 607.463 340.798 525.373 433.252 
709.282 433.424 607.488 340.766 525.38 433.242 
709.296 433.415 607.366 340.804 525.292 433.254 
709.271 433.435 607.056 340.837 525.045 433.582 
709.279 433.459 606.96 340.912 524.873 433.652 
709.273 433.491 606.648 341.127 524.363 433.79 
709.29 433.735 606.354 341.188 524.09 433.945 
709.275 433.77 606.212 341.279 523.909 433.96 
709.23 433.878 606.031 341.348 523.558 433.885 
709.266 434.019 605.24 341.678 522.249 433.911 
709.25 434.031 605.144 341.826 522.088 433.931 
709.22 434.089 604.623 342.0 521.315 434.083 
709.215 434.236 604.173 342.364 520.499 433.767 
709.08 434.564 603.541 342.614 519.473 433.889 
709.065 434.58 603.407 342.688 519.035 433.647 
708.957 434.596 602.667 343.094 517.89 433.54 
708.934 434.658 602.103 343.402 516.913 433.707 
708.872 434.724 600.978 344.013 515.105 433.54 
708.857 434.769 600.534 344.343 514.479 433.69 
708.867 434.796 600.018 344.732 513.306 433.481 
708.858 434.819 598.942 345.462 511.303 433.342 
708.805 434.815 598.54 345.769 510.37 433.417 
708.819 434.822 597.733 346.265 509.078 433.098 
708.777 434.87 596.584 347.266 506.598 432.939 
708.778 434.875 596.039 347.674 505.871 432.923 
708.758 434.975 595.387 348.095 504.549 432.74 
708.709 435.078 594.385 348.758 502.941 432.678 
708.694 435.102 594.017 349.007 502.338 432.478 
708.649 435.099 593.589 349.251 501.469 432.5 
708.621 435.129 592.965 349.72 500.094 432.453 
708.634 435.125 592.665 349.962 499.376 432.053 
708.621 435.14 592.111 350.525 498.316 432.111 
708.703 435.262 591.034 351.261 496.287 431.802 
708.695 435.275 590.654 351.651 495.718 431.875 
708.692 435.3 590.099 352.156 494.652 432.024 
708.663 435.316 589.322 352.779 493.455 431.848 
708.649 435.314 589.096 352.892 492.924 431.849 
708.604 435.389 588.699 353.167 492.256 431.456 
708.586 435.396 587.96 353.8 490.669 431.272 
708.594 435.379 587.615 354.114 489.973 431.261 
708.549 435.413 587.006 354.806 488.737 430.903 
708.623 435.432 585.9 355.825 486.931 430.82 
708.567 435.45 585.513 356.214 486.207 430.835 
708.564 435.48 585.005 356.658 485.237 430.866 
708.556 435.488 584.127 357.454 483.613 430.487 
708.552 435.516 583.822 357.745 482.903 430.564 
708.549 435.488 583.237 358.273 482.103 430.319 
708.525 435.482 582.395 359.138 480.466 430.085 
708.526 435.492 582.123 359.437 479.982 430.183 
708.521 435.517 581.638 360.01 479.073 430.131 
708.525 435.513 580.749 360.897 477.32 429.818 
708.533 435.518 580.383 361.401 476.588 429.484 
708.541 435.534 579.756 362.292 475.148 429.403 
708.541 435.523 578.475 363.635 472.959 429.085 
708.528 435.505 577.932 364.227 472.154 429.22 
708.509 435.539 577.307 364.862 471.266 429.102 
708.428 435.524 576.586 365.619 469.966 428.969 
708.404 435.532 576.332 365.941 469.59 428.933 
708.38 435.537 575.879 366.478 468.782 428.683 
708.365 435.506 575.09 367.507 467.093 428.301 
708.397 435.52 574.688 368.089 466.527 428.155 
708.416 435.516 573.953 368.908 465.427 428.247 
708.418 435.53 572.958 370.133 463.742 428.208 
708.394 435.54 572.587 370.555 463.178 428.255 
708.372 435.554 571.942 371.222 462.178 428.033 
708.369 435.542 571.154 372.305 460.86 428.038 
708.349 435.516 570.845 372.801 460.141 427.849 
708.336 435.508 570.241 373.581 459.213 427.883 
708.335 435.493 569.47 374.694 458.038 428.032 
708.376 435.511 568.798 375.655 456.872 427.77 
708.377 435.489 568.201 376.609 455.96 427.904 
708.411 435.474 567.07 378.231 454.139 427.862 
708.432 435.472 566.6 379.047 453.231 427.775 
708.439 435.44 565.951 380.145 452.262 427.933 
708.416 435.422 564.893 381.946 450.449 428.106 
708.4 435.396 564.457 382.672 449.603 428.098 
708.364 435.381 563.81 383.878 448.379 427.961 
708.24 435.347 562.573 386.144 446.412 428.386 
708.186 435.341 562.069 387.1 445.694 428.908 
708.101 435.346 561.192 388.73 444.393 429.744 
707.902 435.222 559.721 391.54 442.271 430.804 
707.865 435.237 559.293 392.512 441.555 431.332 
707.803 435.265 558.736 394.128 440.552 431.987 
707.711 435.263 557.815 396.247 439.088 432.922 
707.652 435.396 557.544 396.963 438.57 433.305 
707.621 435.368 557.225 398.14 437.895 433.774 
707.617 435.395 556.667 399.874 437.039 434.208 
707.613 435.396 556.55 400.353 436.581 434.681 
707.633 435.42 556.393 401.092 436.259 434.951 
707.639 435.401 556.156 402.485 435.675 435.49 
707.633 435.412 556.03 403.018 435.405 435.658 
707.64 435.418 555.577 403.933 435.085 435.865 
707.628 435.415 555.441 405.261 434.294 436.156 
707.615 435.437 555.361 405.839 434.112 436.291 
707.6 435.416 555.234 406.517 433.723 436.337 
707.604 435.431 554.958 408.161 432.993 436.629 
707.614 435.432 554.772 408.957 432.747 436.721 
707.61 435.53 554.62 409.853 432.216 436.7 
707.615 435.437 554.254 411.878 431.567 437.092 
707.602 435.43 554.127 412.701 431.122 437.047 
707.585 435.445 553.941 413.73 430.677 437.135 
707.565 435.439 553.689 415.788 429.975 437.064 
707.535 435.44 553.23 416.574 429.764 437.056 
707.557 435.433 553.304 417.503 429.304 437.058 
707.519 435.559 553.244 418.715 428.911 436.93 
707.512 435.546 552.949 419.476 428.698 436.884 
707.522 435.586 553.073 420.183 428.523 436.93 
707.477 435.424 553.079 420.904 428.377 436.863 
707.497 435.441 553.07 421.453 428.169 436.613 
707.497 435.461 552.991 421.946 428.107 436.401 
707.595 435.751 553.016 422.602 428.048 436.331 
707.562 435.609 553.007 422.93 428.026 436.322 
707.495 435.456 553.039 423.193 428.004 436.333 
707.553 435.614 553.035 423.362 427.961 436.359 
707.515 435.464 553.051 423.478 427.977 436.344 
707.583 435.579 553.065 423.603 427.977 436.251 
707.512 435.41 553.051 424.432 427.867 436.018 
707.576 435.572 552.813 424.748 427.852 436.019 
707.517 435.418 553.064 425.074 427.686 436.222 
707.557 435.615 552.81 425.02 427.642 436.5 
707.499 435.426 552.702 424.959 427.578 436.787 
707.481 435.43 552.759 425.014 427.519 436.636 
707.543 435.581 552.828 425.173 427.564 436.511 
707.555 435.588 552.838 425.429 427.561 436.549 
707.514 435.44 552.827 425.592 427.548 436.577 
707.543 435.582 552.834 425.714 427.561 436.505 
707.599 435.614 552.824 425.765 427.58 436.493 
707.609 435.615 552.875 425.888 427.602 436.451 
707.651 435.741 552.884 426.053 427.655 436.296 
707.661 435.737 552.868 426.069 427.677 436.32 
707.641 435.749 552.851 426.074 427.656 436.411 
707.626 435.609 552.85 426.028 427.554 436.684 
707.613 435.604 552.843 425.947 427.541 436.781 
707.644 435.749 552.888 425.734 427.54 436.941 
707.635 435.754 552.835 425.145 427.677 437.17 
707.547 435.62 552.904 424.73 427.792 437.625 
707.514 435.625 552.907 424.305 427.838 437.726 
707.464 435.636 553.017 422.936 428.048 438.034 
707.473 435.648 553.025 422.182 428.125 438.343 
707.446 435.666 553.039 420.645 428.491 438.752 
707.354 435.681 553.114 417.177 429.469 438.779 
707.299 435.612 553.133 416.049 429.901 438.477 
707.266 435.612 553.437 414.137 430.419 438.104 
707.257 435.532 553.979 410.755 431.925 437.988 
707.233 435.62 554.115 410.046 432.185 437.914 
707.212 435.598 554.628 407.555 433.475 437.429 
707.184 435.523 555.096 405.766 434.24 436.544 
707.225 435.521 556.009 402.523 436.026 435.836 
707.268 435.539 556.22 401.271 436.745 435.648 
707.286 435.559 557.147 399.538 437.666 434.739 
707.325 435.701 558.224 396.655 439.457 433.714 
707.378 435.706 558.668 395.585 440.026 433.325 
707.399 435.728 559.334 394.2 441.105 432.534 
707.432 435.766 560.425 391.417 442.879 431.986 
707.424 435.767 560.852 390.38 443.547 431.492 
707.443 435.782 561.545 388.872 444.751 431.244 
707.452 435.79 562.564 386.618 446.451 430.535 
707.46 435.755 562.965 385.851 446.986 430.196 
707.475 435.774 563.613 384.826 447.953 429.87 
707.451 435.749 564.553 382.881 449.763 429.676 
707.445 435.758 564.91 382.063 450.49 429.483 
707.431 435.714 565.459 380.887 451.712 429.372 
707.448 435.668 566.552 379.015 453.598 429.349 
707.446 435.661 566.943 378.406 454.305 429.564 
707.439 435.522 567.494 377.452 455.393 429.435 
707.459 435.518 568.298 376.299 456.84 429.637 
707.476 435.494 568.598 375.728 457.438 429.64 
707.476 435.519 569.066 375.104 458.181 429.759 
707.479 435.641 569.712 374.118 459.632 430.038 
707.477 435.625 570.023 373.559 460.16 429.941 
707.477 435.657 570.523 372.895 461.012 429.82 
707.453 435.65 571.3 371.584 462.746 430.0 
707.408 435.473 571.691 370.951 463.305 429.884 
707.444 435.625 572.282 370.111 464.547 429.839 
707.41 435.51 573.425 368.577 466.549 429.734 
707.345 435.322 573.946 367.92 467.549 429.876 
707.347 435.278 574.707 367.046 468.648 429.641 
707.337 435.485 575.821 365.354 471.114 429.673 
707.336 435.464 576.573 364.806 471.945 429.841 
707.345 435.464 577.198 363.907 473.307 429.678 
707.367 435.424 578.354 362.708 475.336 429.633 
707.361 435.413 578.796 362.178 476.276 429.672 
707.356 435.449 579.441 361.296 477.363 429.931 
707.362 435.458 580.667 360.108 479.525 430.154 
707.362 435.463 581.188 359.582 480.432 429.987 
707.369 435.466 582.025 358.842 481.947 429.938 
707.404 435.477 583.472 357.378 484.355 430.306 
707.427 435.499 583.98 356.94 485.393 430.162 
707.541 435.385 584.891 356.24 486.795 430.451 
707.653 435.424 585.973 355.19 488.77 430.6 
707.666 435.434 586.41 354.797 489.514 430.758 
707.753 435.28 586.934 354.549 490.384 430.863 
707.764 435.257 587.509 354.118 491.248 430.951 
707.722 435.432 587.686 354.021 491.593 430.923 
707.697 435.422 588.048 353.812 492.277 431.192 
707.581 435.511 588.585 353.35 493.233 431.397 
707.581 435.5 588.808 353.149 493.841 431.368 
707.555 435.484 589.213 352.808 494.593 431.705 
707.584 435.485 590.176 351.956 496.211 431.578 
707.659 435.372 590.611 351.481 497.093 431.577 
707.744 435.25 591.297 351.082 498.115 431.551 
707.825 435.239 592.48 350.141 500.209 431.393 
707.846 435.219 592.991 349.617 501.056 431.356 
707.881 435.218 593.615 349.114 502.376 431.416 
707.874 435.172 594.915 347.96 504.473 431.323 
707.88 435.156 595.466 347.684 505.261 431.222 
707.873 435.128 596.256 347.084 506.715 431.269 
707.891 435.024 597.563 346.028 509.04 431.263 
707.91 434.98 598.2 345.777 510.047 431.073 
707.957 434.924 599.133 345.156 511.663 431.077 
708.249 434.732 600.886 344.132 514.042 430.92 
708.326 434.665 601.586 343.734 515.006 430.633 
708.489 434.566 602.616 343.308 516.372 430.569 
708.892 434.358 604.168 342.616 518.273 430.192 
709.057 434.058 604.65 342.389 518.865 430.053 
709.172 434.013 605.375 341.985 520.063 430.151 
709.269 433.991 606.286 341.394 521.449 429.992 
709.287 434.004 606.561 341.338 521.912 429.951 
709.283 433.993 606.719 341.142 522.516 430.207 
709.211 433.973 606.856 341.041 523.51 430.734 
709.166 433.937 606.877 340.934 523.753 430.848 
709.082 433.893 606.96 340.876 524.008 430.895 
708.969 433.856 607.402 340.65 524.553 430.867 
708.963 433.853 607.535 340.57 524.694 430.838 
708.976 433.84 607.717 340.447 524.772 430.627 
709.106 433.843 607.851 340.499 524.427 430.198 
709.174 433.858 607.715 340.494 524.343 430.253 
709.257 433.9 607.563 340.683 524.331 430.488 
709.256 433.98 607.412 340.855 524.347 431.109 
709.227 433.996 607.453 340.837 524.456 430.977 
709.172 433.994 607.667 340.719 524.837 430.921 
709.099 433.953 608.34 340.377 525.911 430.846 
709.069 433.943 608.684 340.09 526.293 430.784 
709.056 433.91 609.026 339.879 526.837 430.552 
709.159 433.886 609.097 339.85 526.635 430.399 
709.216 433.904 608.923 339.96 526.514 430.555 
709.272 433.946 608.575 340.268 526.333 431.091 
709.271 433.991 607.997 340.685 526.231 431.938 
709.251 433.99 607.865 340.744 526.179 432.027 
709.199 433.974 607.842 340.702 526.178 432.023 
709.095 433.9 607.86 340.588 526.234 431.879 
709.082 433.879 607.796 340.567 526.223 431.896 
709.066 433.854 607.599 340.621 526.09 432.038 
709.073 433.811 607.148 340.878 525.554 432.288 
709.095 433.804 606.885 341.08 525.235 432.186 
709.132 433.803 606.516 341.188 524.843 432.692 
709.224 433.823 605.933 341.575 524.305 433.06 
709.232 433.85 605.75 341.689 524.107 433.224 
709.282 433.929 605.535 341.909 523.887 433.486 
709.336 434.023 605.356 342.018 523.71 433.636 
709.375 434.049 605.259 342.066 523.64 433.744 
709.407 434.207 605.198 342.076 523.406 433.606 
709.339 434.075 604.915 342.097 522.7 433.599 
709.379 434.268 604.762 342.179 522.326 433.56 
709.359 434.29 604.434 342.405 521.716 433.666 
709.322 434.346 603.545 342.982 520.049 433.736 
709.31 434.346 603.11 343.338 519.141 433.675 
709.303 434.357 602.467 343.711 517.919 433.526 
709.306 434.385 601.196 344.523 515.564 433.366 
709.292 434.362 600.68 345.059 514.787 433.462 
709.276 434.368 600.08 345.399 513.485 433.337 
709.254 434.391 598.878 346.272 511.42 433.07 
709.237 434.381 598.43 346.51 510.517 432.99 
709.164 434.512 597.674 346.951 509.108 432.963 
709.128 434.532 596.026 347.974 506.336 432.578 
709.132 434.537 595.441 348.501 505.021 432.499 
709.095 434.549 594.382 349.294 503.216 432.62 
709.028 434.61 592.856 350.571 500.453 432.058 
709.002 434.621 592.405 350.918 499.515 432.279 
708.939 434.623 591.721 351.36 498.364 432.219 
708.863 434.608 590.849 352.126 496.742 431.978 
708.838 434.622 590.576 352.362 496.038 432.024 
708.84 434.617 590.123 352.819 494.924 431.661 
708.867 434.618 589.029 353.722 493.049 431.475 
708.887 434.631 588.683 354.061 492.344 431.292 
708.876 434.673 588.139 354.604 491.289 431.397 
708.832 434.619 587.26 355.494 489.679 431.205 
708.831 434.665 587.044 355.759 489.213 431.039 
708.82 434.688 586.67 356.141 488.405 430.841 
708.821 434.735 585.704 356.963 486.425 430.595 
708.823 434.734 585.286 357.434 485.559 430.303 
708.832 434.777 584.651 358.1 484.33 430.319 
708.894 434.874 583.595 359.3 482.322 429.969 
708.889 434.952 583.177 359.672 481.705 430.115 
708.888 434.971 582.685 360.147 480.645 430.032 
708.875 434.963 581.999 360.804 479.365 429.732 
708.87 434.972 581.517 361.412 478.493 429.438 
708.868 434.948 581.023 361.88 477.379 429.307 
708.851 434.877 580.094 362.887 475.844 429.492 
708.853 434.853 579.734 363.352 475.321 429.354 
708.808 434.853 579.264 363.79 474.356 429.132 
708.817 434.869 578.767 364.375 473.706 429.018 
708.775 434.852 578.267 364.906 472.633 428.88 
708.767 434.87 577.93 365.293 472.165 428.977 
708.805 434.879 577.588 365.695 471.458 428.746 
708.858 434.974 576.766 366.818 469.847 428.343 
708.866 434.996 576.427 367.318 469.187 428.332 
708.893 435.028 575.824 368.019 468.256 428.331 
708.935 435.119 574.904 369.131 466.615 428.231 
708.973 435.115 574.576 369.659 466.142 428.311 
708.957 435.144 574.154 370.117 465.39 428.361 
708.903 435.162 573.402 371.049 464.034 428.017 
708.893 435.149 573.328 371.189 463.853 428.006 
708.838 435.163 573.022 371.571 463.431 427.973 
708.806 435.132 572.61 372.146 462.831 427.883 
708.805 435.164 572.023 372.954 461.842 427.758 
708.799 435.149 571.832 373.294 461.378 427.532 
708.806 435.166 571.223 374.254 460.162 427.57 
708.832 435.149 570.559 375.165 459.051 427.261 
708.802 435.137 569.973 375.901 458.194 427.337 
708.739 435.135 569.429 376.704 457.27 427.012 
708.677 435.15 568.646 377.923 456.035 426.949 
708.587 435.224 568.228 378.446 455.367 426.998 
708.509 435.325 567.38 379.844 453.796 426.856 
708.393 435.345 566.344 381.33 452.364 426.977 
708.384 435.337 565.875 382.304 451.294 426.895 
708.38 435.339 564.554 384.687 449.285 427.153 
708.401 435.373 563.019 387.68 447.153 428.526 
708.4 435.377 562.321 389.401 445.945 429.077 
708.282 435.386 560.865 392.682 443.745 430.296 
708.191 435.416 559.585 395.943 441.75 431.52 
708.155 435.435 558.964 397.385 441.041 432.127 
708.073 435.45 558.145 399.953 439.544 433.397 
707.972 435.458 557.377 401.794 438.332 433.979 
707.945 435.447 557.138 402.506 438.026 434.186 
707.921 435.452 556.843 403.596 437.504 434.537 
707.942 435.429 556.706 404.295 437.181 434.674 
707.9 435.416 556.644 404.681 436.944 434.697 
707.926 435.408 556.459 405.419 436.636 434.861 
707.963 435.382 556.2 406.669 436.161 435.224 
707.933 435.242 556.115 407.399 435.915 435.39 
707.902 435.248 555.622 409.5 435.009 436.07 
707.867 435.231 555.115 411.625 434.11 436.412 
707.85 435.241 554.942 412.628 433.616 436.547 
707.778 435.232 554.305 414.576 432.748 436.957 
707.762 435.224 554.187 416.351 432.143 437.307 
707.761 435.235 554.045 417.084 431.916 437.371 
707.765 435.229 553.938 418.195 431.412 437.243 
707.811 435.218 553.886 419.467 431.172 437.291 
707.805 435.197 553.924 419.886 430.952 437.209 
707.855 435.236 553.58 420.698 430.778 437.29 
707.929 435.403 553.61 421.796 430.57 437.429 
707.961 435.423 553.853 422.168 430.412 437.606 
707.985 435.47 553.823 422.609 430.289 437.751 
707.964 435.505 553.802 422.688 430.221 437.866 
707.894 435.747 553.8 422.738 430.205 437.917 
707.862 435.734 553.774 422.86 430.159 437.955 
707.832 435.756 553.757 422.951 430.155 438.062 
707.821 435.758 553.74 422.963 430.147 438.111 
707.783 435.746 553.705 423.006 430.074 438.113 
707.779 435.774 553.681 423.117 430.022 438.126 
707.771 435.759 553.654 423.175 430.008 438.128 
707.78 435.747 553.655 423.271 429.97 438.164 
707.787 435.745 553.667 423.313 429.973 438.214 
707.814 435.742 553.673 423.311 429.968 438.226 
707.827 435.753 553.692 423.348 429.975 438.243 
707.836 435.763 553.701 423.385 429.969 438.234 
707.857 435.761 553.713 423.382 429.985 438.223 
707.877 435.795 553.714 423.388 429.995 438.195 
707.899 435.786 553.723 423.383 429.999 438.179 
707.886 435.802 553.712 423.405 429.989 438.201 
707.889 435.789 553.704 423.434 429.961 438.209 
707.938 435.825 553.676 423.571 429.915 438.27 
707.927 435.805 553.668 423.588 429.845 438.241 
707.915 435.801 553.666 423.641 429.792 438.293 
707.939 435.832 553.657 423.652 429.771 438.304 
707.954 435.814 553.664 423.665 429.773 438.356 
707.992 435.819 553.661 423.666 429.757 438.436 
708.021 435.832 553.667 423.682 429.767 438.457 
708.047 435.943 553.678 423.683 429.766 438.452 
708.107 435.96 553.669 423.712 429.757 438.465 
708.207 435.98 553.67 423.711 429.762 438.472 
708.212 436.002 553.655 423.717 429.738 438.491 
708.282 436.036 553.655 423.749 429.665 438.529 
708.298 436.081 553.663 423.803 429.638 438.567 
708.324 436.112 553.662 423.836 429.632 438.557 
