670.64 359.916 541.266 314.865 443.721 358.903 
670.647 359.924 541.216 314.908 443.693 358.878 
670.668 359.983 541.196 314.966 443.61 358.834 
670.664 359.992 541.163 315.104 443.506 358.672 
670.655 360.0 541.15 315.126 443.357 358.695 
670.65 359.986 541.137 315.138 443.253 358.73 
670.617 359.923 541.118 315.249 443.025 358.816 
670.623 359.906 541.103 315.323 442.859 358.884 
670.648 359.975 541.083 315.494 442.819 359.005 
670.663 360.116 540.925 315.711 442.768 359.03 
670.682 360.151 540.912 315.758 442.772 359.04 
670.698 360.177 540.891 315.786 442.762 359.079 
670.726 360.228 540.886 315.766 442.802 359.16 
670.727 360.231 540.913 315.703 442.861 359.155 
670.713 360.224 540.888 315.619 443.143 359.137 
670.726 360.143 541.219 314.96 443.589 358.973 
670.682 360.189 541.259 314.75 443.718 358.887 
670.653 360.14 541.367 314.327 443.892 358.773 
670.641 360.011 541.409 313.926 444.205 358.584 
670.641 359.998 541.424 313.888 444.233 358.555 
670.61 359.925 541.484 313.746 444.416 358.435 
670.581 359.885 541.69 313.339 444.894 358.158 
670.57 359.864 541.72 313.13 444.981 358.108 
670.497 359.906 541.932 312.594 445.388 357.839 
670.494 359.912 542.267 311.872 445.884 357.618 
670.581 359.872 542.67 310.83 446.75 357.317 
670.585 359.878 542.767 310.507 446.97 357.24 
670.61 359.871 542.964 310.166 447.385 357.195 
670.623 359.844 543.382 309.715 448.133 357.263 
670.623 359.809 543.462 309.628 448.291 357.31 
670.673 359.751 543.648 309.326 448.587 357.331 
670.66 359.695 543.909 308.84 449.338 357.295 
670.657 359.687 544.071 308.488 449.653 357.225 
670.639 359.67 544.424 307.876 450.131 357.084 
670.618 359.653 545.089 306.592 451.569 356.877 
670.624 359.628 545.432 305.953 452.229 356.727 
670.629 359.621 545.922 305.117 453.03 356.611 
670.67 359.575 546.925 303.59 454.801 356.589 
670.687 359.556 547.258 303.043 455.643 356.577 
670.705 359.532 547.745 302.429 456.517 356.623 
670.742 359.396 548.596 301.421 457.96 356.891 
670.747 359.385 548.902 301.117 458.522 357.101 
670.794 359.357 549.193 300.74 459.269 357.193 
670.758 359.356 549.753 300.009 460.463 357.326 
670.771 359.386 550.049 299.663 460.84 357.35 
670.756 359.374 550.51 299.16 461.762 357.389 
670.743 359.407 551.188 298.159 463.205 357.564 
670.736 359.41 551.566 297.78 463.708 357.701 
670.744 359.419 552.043 297.188 464.749 357.683 
670.789 359.441 553.01 296.147 466.29 357.639 
670.826 359.518 553.297 295.778 466.912 357.625 
670.868 359.435 553.874 295.235 467.96 357.777 
670.932 359.426 554.699 294.421 469.474 357.939 
670.944 359.427 554.976 294.18 469.967 357.969 
671.031 359.511 555.428 293.765 470.906 357.893 
671.009 359.557 556.351 292.859 472.621 357.92 
671.018 359.559 556.693 292.444 473.207 358.035 
671.003 359.588 557.363 291.846 474.419 358.192 
671.028 359.597 558.347 290.824 476.209 358.284 
671.049 359.602 558.717 290.54 477.138 358.211 
671.079 359.614 559.291 289.913 478.175 358.401 
671.153 359.618 560.199 289.268 479.96 358.599 
671.166 359.626 560.463 289.069 480.489 358.632 
671.209 359.663 560.911 288.71 481.357 358.837 
671.228 359.677 561.559 288.326 482.554 358.814 
671.234 359.701 561.798 288.211 483.023 358.844 
671.243 359.711 562.109 288.023 483.615 359.023 
671.254 359.773 562.777 287.509 484.853 359.088 
671.271 359.775 563.098 287.251 485.31 359.093 
671.281 359.792 563.437 286.907 486.143 359.338 
671.31 359.79 564.063 286.378 487.579 359.465 
671.335 359.766 564.36 286.171 488.084 359.475 
671.348 359.762 564.793 285.883 488.803 359.492 
671.409 359.696 565.435 285.342 490.167 359.472 
671.408 359.606 565.702 285.182 490.685 359.574 
671.419 359.557 566.19 284.807 491.278 359.617 
671.42 359.514 566.704 284.42 492.504 359.734 
671.43 359.496 566.96 284.195 492.815 359.737 
671.45 359.45 567.284 283.95 493.279 359.695 
671.464 359.41 567.872 283.586 494.217 359.669 
671.482 359.397 568.05 283.47 494.501 359.611 
671.488 359.397 568.39 283.338 494.994 359.561 
671.519 359.37 569.02 282.975 495.851 359.585 
671.498 359.345 569.235 282.852 496.349 359.49 
671.505 359.311 569.676 282.58 497.165 359.592 
671.567 359.235 570.516 282.151 498.599 359.657 
671.558 359.181 570.927 281.889 499.074 359.639 
671.572 359.12 571.49 281.681 500.098 359.598 
671.695 358.891 572.526 281.245 501.791 359.685 
671.751 358.864 573.099 280.963 502.281 359.705 
671.851 358.785 573.629 280.822 503.221 359.738 
672.03 358.562 574.368 280.656 504.468 359.892 
672.14 358.499 574.972 280.603 505.184 359.938 
672.24 358.437 575.467 280.613 506.11 359.955 
672.374 358.343 576.276 280.644 507.355 360.153 
672.491 358.312 576.539 280.711 507.744 360.19 
672.557 358.176 576.959 280.793 508.329 360.379 
672.674 358.089 577.623 281.011 509.294 360.444 
672.695 358.039 577.906 281.091 509.643 360.487 
672.727 357.964 578.468 281.123 510.333 360.455 
672.719 357.894 579.426 281.136 511.257 360.434 
672.737 357.886 579.742 281.111 511.66 360.569 
672.789 357.842 580.162 281.078 512.247 360.523 
673.007 357.815 580.742 281.074 512.669 360.714 
673.078 357.701 580.82 281.107 512.801 360.89 
673.15 357.675 580.905 281.17 512.896 361.002 
673.158 357.59 581.057 281.221 513.183 361.113 
673.157 357.541 581.147 281.214 513.437 361.112 
673.173 357.434 581.342 281.137 513.818 361.043 
673.173 357.262 581.771 280.868 514.347 361.045 
673.212 357.049 581.943 280.784 514.592 361.147 
673.285 356.987 582.193 280.635 514.838 361.239 
673.49 356.877 582.299 280.639 515.039 361.488 
673.549 356.836 582.304 280.659 515.024 361.54 
673.647 356.84 582.326 280.682 515.043 361.523 
673.646 356.841 582.445 280.677 515.186 361.469 
673.653 356.837 582.629 280.6 515.397 361.383 
673.674 356.841 582.954 280.406 515.651 361.375 
673.756 356.834 583.433 280.275 516.021 361.374 
673.852 356.825 583.602 280.231 516.121 361.368 
673.946 356.828 583.761 280.252 516.418 361.381 
674.085 356.85 583.678 280.533 516.482 361.558 
674.108 356.875 583.487 280.727 516.251 361.759 
674.122 356.924 583.127 281.059 516.28 362.005 
674.115 357.036 582.883 281.45 516.346 362.405 
674.104 357.042 582.864 281.518 516.298 362.457 
674.081 357.016 582.841 281.623 516.246 362.517 
673.992 356.965 582.837 281.617 516.278 362.568 
673.985 356.981 582.907 281.482 516.3 362.546 
673.989 356.99 582.945 281.403 516.273 362.522 
673.959 356.978 582.86 281.277 516.301 362.511 
673.95 356.984 582.835 281.212 516.349 362.484 
673.923 356.982 582.819 281.024 516.369 362.383 
673.894 356.95 582.85 280.693 516.298 362.178 
673.88 356.96 582.852 280.626 516.325 362.16 
673.875 356.96 582.905 280.458 516.44 362.05 
673.824 356.954 583.254 280.251 516.393 361.817 
673.862 356.953 583.395 280.073 516.502 361.645 
673.849 356.958 583.703 279.797 516.499 361.528 
673.816 356.971 583.834 279.569 516.632 361.545 
673.805 356.994 583.729 279.709 516.685 361.591 
673.81 357.026 583.553 279.85 516.668 361.615 
673.81 357.057 583.292 280.286 516.619 361.87 
673.797 357.064 583.211 280.381 516.596 362.014 
673.795 357.068 583.056 280.548 516.331 362.202 
673.803 357.075 582.896 280.76 516.3 362.562 
673.804 357.253 582.74 280.969 516.313 362.673 
673.812 357.278 582.683 281.072 516.329 362.738 
673.89 357.276 582.558 281.137 516.224 363.045 
673.904 357.285 582.472 281.121 516.218 363.151 
673.907 357.276 582.38 281.126 516.284 363.408 
673.899 357.269 582.25 281.136 516.251 363.287 
673.804 357.284 582.213 281.122 516.276 363.286 
673.793 357.258 582.157 281.061 516.225 363.242 
673.786 357.069 582.082 280.98 516.187 363.29 
673.748 357.053 581.972 280.95 516.151 363.455 
673.738 357.053 581.908 280.943 516.064 363.486 
673.726 357.048 581.784 280.951 516.013 363.54 
673.73 357.036 581.725 280.959 515.913 363.559 
673.729 357.042 581.635 281.003 515.779 363.566 
673.734 357.062 581.464 281.175 515.583 363.68 
673.73 357.085 581.277 281.409 515.458 363.741 
673.687 357.25 581.164 281.515 515.196 363.763 
673.658 357.303 581.028 281.65 514.832 363.695 
673.641 357.313 580.887 281.786 514.655 363.814 
673.621 357.344 580.683 281.899 514.535 363.88 
673.612 357.371 580.569 281.97 514.321 364.03 
673.619 357.378 580.494 281.993 514.12 363.987 
673.616 357.388 580.325 282.116 513.745 363.851 
673.589 357.396 579.996 282.328 512.865 363.78 
673.59 357.417 579.647 282.578 512.23 363.69 
673.568 357.438 579.23 282.953 511.438 363.786 
673.47 357.471 578.472 283.478 510.314 363.817 
673.398 357.482 578.193 283.656 509.982 363.914 
673.321 357.549 577.923 283.743 509.579 363.93 
673.274 357.553 577.596 283.929 508.903 363.912 
673.255 357.56 577.523 283.975 508.732 363.849 
673.241 357.528 577.155 284.224 508.149 363.767 
673.247 357.537 576.833 284.55 507.725 363.709 
673.274 357.549 576.236 285.066 506.585 363.627 
673.273 357.573 575.983 285.303 506.183 363.621 
673.264 357.625 575.543 285.63 505.281 363.71 
673.241 357.794 574.795 286.356 504.049 363.816 
673.224 357.799 574.552 286.521 503.586 363.892 
673.187 357.822 574.134 286.857 503.128 363.806 
673.129 357.843 573.71 287.166 502.333 363.874 
673.11 357.852 573.573 287.213 502.085 363.852 
673.084 357.862 573.363 287.326 501.65 363.826 
673.091 357.858 572.865 287.7 500.698 363.667 
673.103 357.861 572.647 287.837 500.353 363.647 
673.104 357.873 572.199 288.117 499.59 363.569 
673.109 357.911 571.426 288.525 498.389 363.467 
673.106 357.92 571.077 288.732 497.9 363.459 
673.102 357.935 570.744 288.983 497.347 363.475 
673.039 357.944 570.227 289.107 496.402 363.372 
673.034 357.941 570.027 289.246 496.148 363.492 
672.997 357.945 569.784 289.314 495.676 363.388 
672.975 357.923 569.215 289.512 494.719 363.315 
672.965 357.922 569.034 289.616 494.356 363.308 
672.978 357.931 568.645 289.909 493.681 363.314 
672.969 357.937 568.043 290.281 492.586 363.143 
672.96 357.938 567.831 290.41 492.153 363.128 
672.942 357.943 567.501 290.658 491.317 363.022 
672.862 357.942 566.927 291.06 490.573 362.926 
672.85 357.948 566.779 291.163 490.178 362.949 
672.813 357.932 566.528 291.38 489.773 362.95 
672.815 357.963 566.126 291.654 488.958 362.9 
672.796 357.946 565.98 291.776 488.498 362.76 
672.811 357.99 565.697 292.04 487.936 362.703 
672.821 358.019 564.972 292.719 486.444 362.501 
672.812 358.038 564.694 293.011 485.844 362.519 
672.815 358.074 564.24 293.325 485.029 362.477 
672.803 358.118 563.531 293.858 483.66 362.383 
672.773 358.124 563.21 294.159 483.246 362.483 
672.751 358.13 562.823 294.373 482.585 362.43 
672.691 358.138 562.375 294.701 481.653 362.383 
672.686 358.136 562.22 294.809 481.315 362.378 
672.696 358.119 561.94 295.012 480.731 362.273 
672.671 358.146 561.475 295.406 479.658 362.283 
672.697 358.139 561.25 295.62 479.231 362.264 
672.697 358.133 560.982 295.781 478.779 362.043 
672.71 358.114 560.537 296.158 478.03 362.047 
672.663 358.156 560.407 296.242 477.719 361.943 
672.659 358.132 560.178 296.383 477.322 361.903 
672.638 358.134 559.802 296.638 476.357 361.86 
672.62 358.151 559.575 296.829 475.965 361.824 
672.625 358.146 559.279 297.064 475.375 361.686 
672.634 358.264 558.675 297.599 474.132 361.573 
672.621 358.179 558.459 297.815 473.768 361.476 
672.621 358.283 558.065 298.136 473.011 361.347 
672.581 358.29 557.596 298.676 471.937 361.334 
672.566 358.282 557.429 298.816 471.569 361.263 
672.527 358.294 557.117 299.14 471.111 361.141 
672.534 358.308 556.396 299.747 469.837 360.842 
672.512 358.327 556.322 299.895 469.371 360.676 
672.51 358.337 555.951 300.253 468.621 360.665 
672.519 358.351 555.331 301.043 467.227 360.658 
672.5 358.374 555.115 301.31 466.723 360.508 
672.491 358.378 554.647 301.845 466.033 360.456 
672.47 358.379 554.009 302.544 464.608 360.255 
672.472 358.391 553.81 302.863 464.079 360.219 
672.385 358.42 553.478 303.292 463.471 360.216 
672.383 358.42 552.816 304.098 462.275 360.057 
672.387 358.424 552.643 304.317 461.944 360.006 
672.379 358.444 552.394 304.759 461.246 359.884 
672.381 358.477 551.904 305.583 460.071 359.676 
672.364 358.484 551.653 305.897 459.579 359.676 
672.377 358.514 551.265 306.478 458.897 359.673 
672.367 358.552 550.727 307.308 457.741 359.551 
672.358 358.572 550.557 307.653 457.332 359.521 
672.342 358.603 550.228 308.041 456.844 359.467 
672.312 358.632 549.654 308.841 455.662 359.304 
672.323 358.636 549.461 309.11 455.33 359.305 
672.3 358.627 549.203 309.487 454.707 359.284 
672.302 358.613 548.677 310.234 453.862 359.201 
672.277 358.608 548.502 310.452 453.253 359.184 
672.274 358.603 547.992 311.042 452.746 358.969 
672.269 358.555 547.608 311.701 451.654 358.663 
672.244 358.525 547.374 311.997 451.225 358.654 
672.235 358.493 547.079 312.527 450.686 358.601 
672.163 358.419 546.588 313.418 449.655 358.719 
672.164 358.404 546.439 313.7 449.393 358.771 
672.134 358.368 546.151 314.076 448.812 358.875 
672.083 358.303 545.746 314.814 447.976 358.865 
672.074 358.279 545.613 315.1 447.736 358.712 
672.059 358.259 545.398 315.496 447.199 358.588 
672.049 358.25 544.942 316.371 446.338 358.537 
672.026 358.266 544.708 316.759 446.033 358.59 
672.004 358.301 544.406 317.332 445.41 358.713 
671.977 358.366 544.049 318.173 444.74 358.814 
671.927 358.4 543.932 318.584 444.322 358.828 
671.934 358.434 543.682 319.124 443.857 358.851 
671.922 358.408 543.264 320.18 443.106 358.971 
671.929 358.44 543.157 320.512 442.874 359.03 
671.908 358.381 542.961 321.144 442.336 359.154 
671.85 358.366 542.579 322.109 441.562 359.188 
671.897 358.471 542.469 322.518 441.315 359.11 
671.866 358.405 542.276 323.062 440.873 359.186 
671.842 358.408 541.833 324.029 440.262 359.292 
671.821 358.414 541.697 324.353 440.025 359.332 
671.797 358.421 541.462 324.999 439.467 359.542 
671.764 358.422 541.204 325.701 438.937 359.737 
671.734 358.395 541.121 325.997 438.773 359.797 
671.734 358.434 540.918 326.55 438.548 359.922 
671.667 358.596 540.517 327.412 438.074 360.365 
671.666 358.603 540.397 327.749 437.821 360.471 
671.633 358.623 540.204 328.392 437.529 360.716 
671.544 358.623 539.876 329.341 436.965 361.225 
671.514 358.505 539.708 329.703 436.789 361.365 
671.421 358.481 539.264 330.362 436.45 361.598 
671.383 358.47 539.234 331.027 436.2 362.078 
671.377 358.461 539.168 331.315 436.1 362.185 
671.383 358.457 539.16 331.667 435.916 362.398 
671.403 358.454 539.098 332.221 435.518 362.596 
671.4 358.446 539.015 332.579 435.394 362.744 
671.391 358.454 538.942 333.071 435.243 362.976 
671.384 358.477 538.811 333.606 434.894 363.434 
671.395 358.477 538.71 333.939 434.787 363.508 
671.385 358.481 538.643 334.347 434.662 363.663 
671.38 358.488 538.288 335.072 434.378 363.956 
671.366 358.504 538.286 335.164 434.315 363.988 
671.352 358.517 538.237 335.365 434.212 364.03 
671.352 358.522 538.4 335.547 434.117 364.127 
671.342 358.502 538.29 336.019 433.965 364.344 
671.335 358.503 538.221 336.297 433.838 364.42 
671.315 358.501 538.149 336.699 433.563 364.601 
671.313 358.505 538.043 337.741 433.098 365.233 
671.305 358.503 537.976 337.985 433.033 365.381 
671.316 358.499 537.9 338.594 432.783 365.599 
671.303 358.512 537.505 339.831 432.312 365.952 
671.307 358.509 537.458 340.232 432.048 366.12 
671.291 358.519 537.52 340.619 431.819 366.423 
671.244 358.532 537.444 341.334 431.537 366.822 
671.203 358.557 537.408 341.477 431.465 366.855 
671.174 358.57 537.365 341.543 431.407 366.907 
671.153 358.589 537.328 341.474 431.419 367.007 
671.158 358.591 537.325 341.433 431.441 367.021 
671.177 358.713 537.349 341.403 431.451 366.964 
671.22 358.784 537.404 341.495 431.488 366.918 
671.234 358.911 537.442 341.544 431.492 366.949 
671.255 358.953 537.45 341.587 431.529 367.013 
671.268 359.025 537.415 341.463 431.569 367.036 
671.268 359.053 537.397 341.345 431.602 367.023 
671.266 359.076 537.126 341.19 431.697 366.951 
671.25 359.13 537.312 340.647 431.8 366.832 
671.243 359.135 537.309 340.558 431.905 366.797 
671.242 359.131 537.338 340.441 431.94 366.778 
671.225 359.102 537.342 340.462 431.829 366.813 
671.238 359.12 537.344 340.483 431.848 366.833 
671.231 359.14 537.341 340.451 431.948 366.804 
671.258 359.179 537.383 340.363 431.969 366.668 
671.266 359.191 537.381 340.308 431.975 366.624 
671.263 359.197 537.383 340.186 431.989 366.591 
671.268 359.234 537.346 339.933 432.026 366.538 
671.246 359.223 537.344 339.857 432.028 366.509 
671.245 359.223 537.336 339.754 432.063 366.524 
671.25 359.234 537.134 339.675 432.233 366.535 
671.234 359.235 537.135 339.442 432.254 366.493 
671.243 359.229 537.149 339.261 432.34 366.395 
671.238 359.218 537.176 338.842 432.533 366.254 
671.24 359.221 537.197 338.621 432.617 366.218 
671.251 359.223 537.213 338.284 432.74 366.123 
671.221 359.238 537.543 337.438 432.975 365.929 
671.232 359.247 537.581 337.235 433.013 365.736 
671.229 359.262 537.604 336.929 433.172 365.578 
671.245 359.252 537.695 336.355 433.37 365.394 
671.242 359.243 537.726 336.167 433.426 365.288 
671.239 359.243 537.806 335.842 433.521 365.183 
671.247 359.229 537.836 335.369 433.82 365.019 
671.257 359.225 537.884 335.201 433.911 364.934 
671.262 359.211 537.93 334.859 434.013 364.699 
671.246 359.188 538.04 334.342 434.253 364.546 
671.229 359.171 538.036 334.188 434.32 364.468 
671.218 359.138 538.063 333.951 434.393 364.383 
671.196 359.138 538.038 333.538 434.532 364.246 
671.173 359.133 538.039 333.41 434.577 364.212 
671.149 359.103 538.021 333.135 434.738 364.107 
671.136 359.133 537.946 332.801 434.898 363.976 
671.145 359.146 537.968 332.65 434.967 363.853 
671.154 359.155 538.052 332.376 435.108 363.773 
671.163 359.181 538.394 331.751 435.38 363.606 
671.17 359.179 538.429 331.581 435.47 363.549 
671.18 359.191 538.523 331.27 435.656 363.368 
671.193 359.218 538.74 330.297 436.094 363.121 
671.197 359.234 538.848 329.874 436.304 362.991 
671.189 359.22 539.057 328.994 436.915 362.756 
671.163 359.196 539.557 327.549 437.564 362.215 
671.179 359.19 539.736 327.047 437.91 362.066 
671.179 359.175 539.98 326.188 438.664 361.751 
671.203 359.16 540.407 324.797 439.369 361.359 
671.197 359.17 540.604 324.27 439.794 361.121 
671.213 359.169 540.896 323.595 440.241 360.981 
671.25 359.163 541.184 322.627 440.979 360.722 
671.269 359.18 541.297 322.31 441.174 360.689 
671.248 359.167 541.433 321.899 441.601 360.636 
671.272 359.192 541.649 320.902 442.066 360.449 
671.26 359.194 541.719 320.555 442.378 360.378 
671.221 359.169 541.931 319.763 443.057 360.239 
671.161 359.142 542.357 318.337 443.892 359.991 
671.138 359.103 542.513 317.749 444.44 359.835 
671.1 359.071 542.696 316.81 445.211 359.682 
671.089 359.025 543.372 315.392 446.531 359.632 
671.073 358.999 543.542 314.933 446.902 359.641 
671.089 358.947 543.831 314.356 447.676 359.604 
671.105 358.917 544.258 313.698 448.474 359.671 
671.115 358.921 544.442 313.438 449.05 359.713 
671.125 358.926 544.73 313.118 449.614 359.716 
671.144 358.982 545.195 312.289 450.715 359.857 
671.147 359.017 545.368 311.936 451.076 359.841 
671.16 359.045 545.669 311.35 451.829 359.901 
671.169 359.093 546.278 310.265 452.991 359.791 
671.185 359.124 546.455 309.902 453.471 359.76 
671.187 359.102 546.753 309.34 454.103 359.667 
671.196 359.07 547.172 308.542 455.007 359.604 
671.182 359.071 547.362 308.254 455.396 359.491 
671.188 359.056 547.733 307.871 456.019 359.449 
671.164 359.031 548.292 307.013 457.154 359.483 
671.17 359.015 548.519 306.627 457.604 359.451 
671.168 358.997 549.044 305.828 458.6 359.47 
671.164 358.992 549.763 304.635 460.191 359.274 
671.176 358.995 550.13 304.022 460.779 359.173 
671.193 359.005 550.694 303.375 461.821 359.047 
671.244 359.025 551.498 302.259 463.474 358.901 
671.246 359.025 551.913 301.754 463.981 359.039 
671.269 359.042 552.342 301.155 464.985 359.096 
671.294 359.037 553.025 300.423 466.364 359.08 
671.277 359.035 553.347 300.051 466.932 359.048 
671.273 359.015 553.771 299.558 467.787 359.025 
671.245 359.004 554.59 298.774 469.281 358.999 
671.249 359.002 554.977 298.374 470.049 359.13 
671.248 358.998 555.586 297.77 471.119 359.147 
671.269 359.004 556.639 296.619 473.176 359.221 
671.291 359.007 557.17 296.132 474.225 359.127 
671.335 359.005 558.021 295.402 475.688 359.176 
671.394 359.02 559.466 294.181 478.345 359.265 
671.408 359.034 560.08 293.718 479.402 359.274 
671.435 359.034 561.001 292.945 481.111 359.418 
671.524 359.106 562.62 291.782 483.939 359.43 
671.507 359.001 563.28 291.324 484.992 359.436 
671.567 358.993 564.103 290.894 486.517 359.601 
671.722 359.077 565.33 290.115 488.511 359.747 
671.778 359.069 565.667 289.925 489.348 359.844 
671.83 359.086 566.315 289.654 490.198 359.955 
671.859 359.122 566.882 289.43 491.47 360.289 
671.862 359.141 567.03 289.375 491.873 360.253 
671.877 359.137 567.263 289.294 492.325 360.392 
671.852 359.125 567.438 289.312 492.805 360.505 
671.847 359.118 567.54 289.306 492.967 360.561 
671.821 359.115 567.652 289.252 493.285 360.611 
671.794 359.059 568.029 288.88 494.172 360.662 
671.789 359.027 568.233 288.74 494.444 360.655 
671.76 358.901 568.597 288.444 494.984 360.592 
671.799 358.816 569.301 287.787 496.287 360.525 
671.823 358.778 569.576 287.475 496.814 360.449 
671.855 358.72 570.092 286.971 497.455 360.331 
671.934 358.489 570.806 286.316 498.814 360.079 
671.978 358.424 571.135 286.039 499.202 360.054 
672.004 358.348 571.624 285.688 500.065 359.981 
672.054 358.109 572.336 285.179 501.283 360.003 
672.051 358.026 572.581 285.039 501.666 359.951 
672.072 357.937 573.097 284.669 502.417 359.911 
672.166 357.873 573.9 284.358 503.591 359.934 
672.184 357.87 574.146 284.243 504.008 360.082 
672.279 357.747 574.564 283.989 504.752 360.004 
672.358 357.705 575.545 283.554 506.009 359.75 
672.435 357.675 575.945 283.401 506.608 359.647 
672.48 357.624 576.719 283.058 507.688 359.603 
672.582 357.485 578.181 282.354 509.487 359.383 
672.645 357.434 578.692 282.145 509.999 359.318 
672.849 357.268 579.411 281.962 510.867 359.176 
673.237 357.021 580.211 281.83 511.673 359.167 
673.412 356.971 580.517 281.882 511.943 359.208 
673.592 356.981 580.839 281.958 512.239 359.354 
673.679 357.011 581.187 282.122 513.026 359.618 
673.658 357.022 581.304 282.259 513.289 359.813 
673.625 357.022 581.46 282.403 513.567 359.85 
673.612 356.998 581.622 282.791 513.516 359.802 
673.638 357.007 581.675 282.896 513.529 359.852 
673.639 357.057 581.735 283.052 513.638 359.984 
673.554 357.287 582.031 283.139 514.057 360.036 
673.512 357.294 582.303 283.107 514.433 360.027 
673.533 357.305 582.737 283.059 515.21 359.986 
673.604 357.287 583.739 282.621 516.172 359.835 
673.664 357.287 584.118 282.467 516.599 359.809 
673.788 357.271 584.463 282.321 516.846 359.808 
674.025 357.274 584.669 282.343 517.231 359.942 
674.051 357.299 584.689 282.393 517.343 360.023 
674.051 357.322 584.697 282.447 517.459 360.095 
674.015 357.313 584.559 282.474 517.279 360.14 
674.016 357.301 584.408 282.504 517.056 360.24 
674.024 357.291 583.881 282.656 516.808 360.627 
674.051 357.274 582.71 283.062 516.323 361.579 
674.035 357.269 582.408 283.06 516.203 361.807 
673.999 357.251 582.013 283.088 516.123 361.945 
673.809 357.02 582.079 282.811 516.283 361.81 
673.775 356.969 582.285 282.585 516.335 361.706 
673.763 356.879 582.399 282.251 516.487 361.391 
673.82 356.808 582.416 282.035 516.616 361.344 
673.837 356.815 582.399 282.032 516.657 361.341 
673.845 356.839 582.403 282.008 516.707 361.355 
673.78 356.888 582.604 281.803 516.791 361.181 
673.78 356.892 582.727 281.706 516.883 361.056 
673.762 356.925 583.03 281.477 516.991 360.763 
673.79 356.965 583.427 281.353 517.3 360.408 
673.804 356.995 583.623 281.317 517.484 360.282 
673.863 357.011 583.758 281.34 517.573 360.011 
673.905 357.039 583.762 281.623 517.573 359.875 
673.919 357.051 583.656 281.715 517.527 359.969 
673.92 357.237 583.503 282.039 517.46 360.333 
674.011 357.248 583.015 282.427 517.149 361.038 
673.996 357.235 582.768 282.629 517.048 361.32 
673.914 357.249 582.522 282.784 516.765 361.609 
673.874 357.245 582.205 282.876 516.526 361.839 
673.847 357.089 581.971 282.902 516.305 361.971 
673.818 357.069 581.759 282.886 516.082 362.016 
673.801 356.96 581.429 282.908 515.633 361.993 
673.789 356.923 581.287 282.972 515.362 361.982 
673.787 356.899 580.926 283.275 514.663 361.9 
673.86 356.997 580.281 283.564 513.787 362.291 
673.872 357.048 580.038 283.649 513.555 362.462 
673.804 357.08 579.733 283.754 513.319 362.763 
673.74 357.058 579.501 283.703 513.186 362.837 
673.695 357.036 579.528 283.62 513.068 362.777 
673.662 357.036 579.462 283.581 512.699 362.449 
673.623 357.11 579.149 283.719 511.495 361.764 
673.591 357.281 578.866 283.864 510.921 361.67 
673.586 357.325 578.358 284.256 509.622 361.507 
673.562 357.364 577.33 284.97 507.911 361.772 
673.525 357.404 576.612 285.397 506.667 362.017 
673.454 357.431 575.837 285.798 505.606 362.363 
673.317 357.454 575.061 286.34 504.424 362.345 
673.249 357.51 574.628 286.514 503.522 362.249 
673.185 357.507 574.181 286.805 502.813 361.945 
673.165 357.506 573.676 287.138 501.736 361.642 
673.177 357.505 573.269 287.409 500.859 361.654 
673.217 357.457 572.792 287.858 500.127 361.728 
673.197 357.432 572.137 288.362 498.969 361.854 
673.225 357.45 571.742 288.647 498.353 361.934 
673.189 357.447 571.339 289.019 497.489 361.935 
673.155 357.525 570.581 289.675 496.135 361.735 
673.111 357.557 570.202 289.92 495.631 361.595 
673.114 357.601 569.773 290.145 494.862 361.601 
673.077 357.803 569.16 290.629 493.781 361.588 
673.076 357.845 568.872 290.828 493.333 361.668 
673.048 357.876 568.475 291.134 492.803 361.642 
673.02 357.912 568.156 291.342 492.056 361.42 
673.011 357.926 567.861 291.514 491.338 361.205 
673.019 357.947 567.529 291.796 490.795 361.08 
673.06 357.98 566.909 292.192 489.503 361.122 
673.064 358.006 566.701 292.341 489.109 361.003 
673.069 358.029 566.291 292.728 488.435 360.979 
673.049 358.047 565.765 292.97 487.578 360.787 
673.033 358.037 565.616 293.05 487.352 360.788 
672.995 358.042 565.304 293.173 486.741 360.707 
672.908 358.021 565.069 293.297 486.341 360.703 
672.872 358.021 564.58 293.552 485.352 360.596 
672.864 358.032 564.24 293.796 484.984 360.536 
672.847 358.025 563.928 294.035 484.149 360.417 
672.845 358.046 563.272 294.573 483.013 360.239 
672.827 358.061 563.033 294.766 482.39 360.221 
672.823 358.057 562.628 295.113 481.753 360.16 
672.8 358.043 562.122 295.471 480.586 360.149 
672.784 358.036 561.771 295.786 480.222 360.078 
672.745 357.993 561.496 295.964 479.511 359.903 
672.714 357.971 561.018 296.359 478.607 359.71 
672.709 357.962 560.836 296.469 478.217 359.677 
672.702 357.917 560.541 296.674 477.545 359.674 
672.708 357.901 559.924 297.067 476.513 359.597 
672.738 357.922 559.759 297.18 476.15 359.449 
672.759 357.947 559.364 297.416 475.692 359.425 
672.875 357.94 559.006 297.652 474.775 359.296 
672.953 357.952 558.788 297.764 474.494 359.163 
673.01 357.956 558.525 297.954 474.188 359.168 
673.099 357.968 558.231 298.29 473.439 359.029 
673.136 357.957 558.092 298.434 473.141 358.973 
673.177 357.981 557.821 298.78 472.553 358.925 
673.188 358.026 557.308 299.379 471.551 358.715 
673.188 358.048 557.057 299.659 471.131 358.706 
673.167 358.078 556.761 299.991 470.353 358.634 
673.168 358.187 556.189 300.66 469.314 358.612 
673.132 358.115 555.961 300.842 468.819 358.651 
673.103 358.103 555.579 301.281 468.22 358.584 
672.974 358.063 555.038 301.811 467.074 358.39 
672.951 358.062 554.797 302.112 466.699 358.375 
672.925 358.051 554.49 302.392 466.104 358.171 
672.913 358.041 553.964 302.991 465.015 358.188 
672.907 358.008 553.812 303.106 464.776 358.14 
672.891 357.958 553.488 303.313 464.345 358.097 
672.856 357.864 553.04 303.797 463.454 358.063 
672.834 357.824 552.885 303.97 463.086 358.016 
672.81 357.759 552.657 304.261 462.536 357.813 
672.818 357.644 552.231 304.836 461.707 357.687 
672.808 357.624 552.075 305.136 461.362 357.669 
672.806 357.586 551.741 305.475 460.826 357.668 
672.78 357.547 551.274 305.975 460.006 357.697 
672.772 357.537 551.072 306.181 459.764 357.664 
672.775 357.515 550.876 306.403 459.222 357.565 
672.746 357.498 550.317 306.957 458.15 357.385 
672.732 357.506 550.131 307.191 457.663 357.355 
672.72 357.525 549.766 307.595 457.229 357.342 
672.702 357.582 549.289 308.036 456.183 357.187 
672.702 357.576 549.055 308.217 455.888 357.143 
672.678 357.566 548.667 308.618 455.309 357.118 
672.657 357.613 548.287 308.966 454.508 356.955 
672.636 357.61 548.157 309.111 454.329 356.964 
672.628 357.634 548.013 309.269 454.042 356.956 
672.589 357.657 547.771 309.542 453.67 356.845 
672.605 357.659 547.702 309.638 453.422 356.837 
672.594 357.688 547.525 309.863 453.127 356.727 
672.597 357.802 547.277 310.46 452.631 356.877 
672.616 357.828 547.175 310.661 452.478 356.883 
672.611 357.914 547.012 311.058 452.154 356.928 
672.653 358.064 546.621 311.778 451.401 356.871 
672.66 358.1 546.488 312.063 451.051 356.842 
672.623 358.163 546.108 312.724 450.452 356.886 
672.598 358.321 545.496 313.886 449.353 356.951 
672.57 358.364 545.314 314.3 448.967 357.064 
672.553 358.419 544.954 315.045 448.179 357.268 
672.518 358.491 544.399 316.153 447.206 357.508 
672.501 358.516 544.15 316.542 446.793 357.556 
672.437 358.546 543.886 317.238 446.196 357.525 
672.399 358.594 543.386 318.198 445.278 357.647 
672.396 358.596 543.241 318.656 444.996 357.745 
672.384 358.629 543.028 319.16 444.388 357.872 
672.356 358.658 542.548 320.342 443.428 358.085 
672.341 358.66 542.259 320.965 443.074 358.204 
672.306 358.684 541.873 321.985 442.125 358.587 
672.297 358.706 541.273 323.854 441.084 359.273 
672.274 358.71 541.014 324.585 440.605 359.783 
672.247 358.747 540.538 325.567 439.943 360.195 
672.093 359.0 539.866 326.908 438.977 360.78 
671.999 359.012 539.676 327.321 438.75 361.016 
671.904 359.045 539.429 327.809 438.448 361.233 
671.769 359.119 538.872 328.621 437.901 361.627 
671.754 359.115 538.844 328.813 437.757 361.725 
671.745 359.114 538.918 328.941 437.625 361.814 
671.775 359.119 538.816 329.601 437.439 361.953 
671.77 359.118 538.783 329.904 437.306 362.057 
671.8 359.117 538.726 330.314 437.126 362.172 
671.818 359.133 538.53 331.294 436.577 362.702 
671.808 359.123 538.388 331.623 436.366 362.85 
671.794 359.127 538.29 332.045 436.009 363.092 
671.734 359.112 537.789 332.851 435.693 363.33 
671.715 359.101 537.902 332.961 435.585 363.405 
671.632 358.973 537.846 333.328 435.405 363.524 
671.607 358.957 537.795 333.944 434.961 363.764 
671.617 358.956 537.776 334.286 434.822 363.814 
671.613 358.949 537.646 335.116 434.448 363.909 
671.627 358.954 537.462 336.817 433.67 364.26 
671.638 358.991 537.284 337.775 433.156 364.505 
671.618 358.983 536.944 339.262 432.675 365.02 
671.588 359.028 536.867 341.48 431.691 365.92 
671.569 359.136 536.537 342.448 431.407 366.339 
671.544 359.056 536.416 343.418 431.024 366.605 
671.477 359.087 536.522 343.926 430.718 366.718 
671.507 359.205 536.519 343.91 430.718 366.727 
671.515 359.22 536.57 343.688 430.803 366.806 
671.53 359.189 536.55 343.193 430.946 366.422 
671.544 359.178 536.567 343.077 430.962 366.342 
671.532 359.175 536.391 343.154 430.973 366.269 
671.509 359.151 536.398 343.166 431.115 366.514 
671.466 359.054 536.353 343.15 431.118 366.611 
671.469 359.074 536.332 342.829 431.131 366.878 
671.437 359.095 536.349 341.745 431.465 367.123 
671.411 359.085 536.434 341.01 431.722 367.091 
671.4 359.143 536.456 340.027 432.198 366.986 
671.367 359.134 536.631 338.437 432.739 366.476 
671.372 359.139 536.729 337.896 433.054 366.318 
671.362 359.142 536.937 336.903 433.421 366.083 
671.315 359.13 536.963 335.864 434.162 365.687 
671.314 359.129 537.278 335.192 434.304 365.456 
671.309 359.142 537.436 334.372 434.666 365.181 
671.318 359.173 537.749 332.943 435.415 364.624 
671.301 359.191 537.89 332.28 435.718 364.285 
671.295 359.193 538.155 331.282 436.26 363.827 
671.243 359.175 538.681 329.488 437.309 363.174 
671.266 359.195 538.902 328.761 437.618 362.928 
671.29 359.193 539.198 327.74 438.407 362.466 
671.355 359.187 539.926 325.647 439.599 361.88 
671.423 359.281 540.177 324.909 440.194 361.495 
671.458 359.27 540.643 323.633 440.867 361.055 
671.485 359.268 541.484 321.713 442.402 360.355 
671.48 359.285 541.854 320.873 442.987 360.122 
671.463 359.283 542.325 319.81 443.771 359.629 
671.438 359.281 543.043 317.836 445.147 359.143 
671.431 359.28 543.239 317.128 445.836 358.972 
671.424 359.29 543.422 316.281 446.629 358.959 
671.403 359.31 544.164 314.822 447.769 358.793 
671.423 359.304 544.349 314.365 448.281 358.685 
671.421 359.283 544.575 313.858 448.753 358.645 
671.403 359.149 544.884 313.31 449.387 358.722 
671.392 359.13 544.938 313.222 449.562 358.896 
671.358 359.116 545.038 313.024 449.729 359.017 
671.339 359.084 545.104 312.753 450.111 359.139 
671.324 359.089 545.143 312.658 450.294 359.231 
671.297 359.084 545.168 312.521 450.594 359.256 
671.244 359.078 545.292 312.143 451.026 359.317 
671.233 359.089 545.357 311.957 451.299 359.438 
671.216 359.093 545.471 311.433 451.64 359.477 
671.167 359.085 545.745 310.716 452.372 359.499 
671.164 359.086 545.892 310.425 452.808 359.614 
671.148 359.074 546.052 310.044 453.294 359.632 
671.149 359.06 546.468 309.282 454.113 359.616 
671.135 359.045 546.693 308.829 454.808 359.599 
671.122 359.048 547.018 308.166 455.503 359.49 
671.109 359.044 547.723 307.168 456.852 359.519 
671.103 359.027 547.97 306.76 457.38 359.381 
671.117 359.0 548.41 305.995 458.401 359.405 
671.101 358.947 548.99 305.214 459.566 359.493 
671.093 358.933 549.477 304.458 460.434 359.41 
671.078 358.92 549.958 303.805 461.262 359.405 
671.085 358.902 550.516 303.142 462.326 359.358 
671.085 358.898 550.882 302.701 463.171 359.482 
671.084 358.885 551.238 302.28 463.719 359.513 
671.086 358.884 551.689 301.901 464.814 359.62 
671.066 358.884 552.129 301.378 465.462 359.654 
671.049 358.891 552.436 301.005 466.378 359.65 
671.047 358.897 553.144 300.374 467.592 359.58 
671.045 358.908 553.634 299.742 468.423 359.679 
671.065 358.926 554.216 299.101 469.631 359.578 
671.094 358.945 555.086 298.295 471.142 359.638 
671.119 358.942 555.655 297.674 472.361 359.625 
671.142 358.931 556.441 296.998 473.608 359.496 
671.168 358.91 557.359 296.02 475.293 359.547 
671.172 358.773 558.022 295.437 476.705 359.634 
671.18 358.727 558.791 294.695 477.806 359.608 
671.158 358.468 559.632 293.947 479.478 359.677 
671.155 358.356 560.324 293.488 480.635 359.728 
671.184 358.241 560.824 293.087 481.656 359.865 
671.169 358.047 561.396 292.712 482.914 359.984 
671.165 358.008 561.549 292.654 483.266 360.07 
671.165 357.976 561.8 292.622 483.642 360.231 
671.18 357.995 562.036 292.636 484.252 360.539 
671.184 357.998 562.09 292.658 484.525 360.631 
671.173 358.001 562.202 292.643 484.8 360.848 
671.162 358.014 562.505 292.437 485.642 360.935 
671.163 358.031 562.764 292.168 486.173 360.924 
671.159 358.065 563.235 291.708 486.966 360.991 
671.155 358.042 564.054 290.82 488.592 360.856 
671.161 358.015 564.492 290.473 489.25 360.844 
671.183 357.943 565.029 289.988 490.241 360.885 
671.251 357.716 565.952 289.256 491.714 360.813 
671.267 357.634 566.258 288.93 492.292 360.778 
671.302 357.298 566.59 288.656 492.796 360.762 
671.348 356.88 566.939 288.41 493.658 360.959 
671.339 356.776 567.106 288.228 493.942 361.011 
671.305 356.524 567.448 288.072 494.297 361.05 
671.249 356.271 567.845 287.77 495.243 361.071 
671.187 356.192 567.982 287.668 495.565 361.037 
671.168 356.16 568.295 287.473 495.996 361.013 
671.251 356.34 569.147 286.984 497.313 360.87 
671.272 356.438 569.531 286.757 497.878 360.675 
671.387 356.532 570.268 286.369 498.927 360.507 
671.559 356.559 571.367 285.756 500.565 360.405 
671.714 356.564 572.376 285.15 502.076 360.243 
671.779 356.54 573.498 284.519 503.58 360.14 
671.953 356.482 575.227 283.504 506.024 359.75 
672.035 356.466 575.595 283.276 506.439 359.671 
672.33 356.353 576.757 282.605 508.071 359.427 
672.591 356.285 577.541 282.149 509.198 359.49 
672.827 355.993 578.283 281.745 510.528 359.605 
672.884 355.956 578.457 281.662 510.763 359.459 
672.969 355.903 578.557 281.653 510.952 359.389 
673.004 355.851 578.559 281.711 510.925 359.366 
672.996 355.848 578.535 281.739 510.921 359.376 
672.966 355.841 578.528 281.801 510.938 359.393 
672.893 355.814 578.672 281.777 511.001 359.225 
672.884 355.812 578.752 281.766 511.022 359.188 
672.867 355.838 578.925 281.747 511.228 359.167 
672.853 355.918 579.668 281.477 512.374 359.288 
672.853 355.935 580.102 281.152 512.862 359.172 
672.903 355.97 580.804 280.899 513.618 358.938 
673.031 355.972 581.711 280.469 514.499 358.776 
673.119 355.943 581.823 280.433 514.641 358.796 
673.236 355.925 581.767 280.495 514.62 358.96 
673.329 356.031 581.323 280.928 514.464 359.458 
673.194 356.049 580.925 281.246 514.343 359.886 
673.141 355.968 580.757 281.356 514.257 360.074 
673.028 355.94 580.301 281.588 513.977 360.312 
672.981 355.854 579.824 281.746 513.587 360.627 
672.98 355.831 579.596 281.857 513.273 360.768 
672.995 355.842 579.043 282.131 512.836 361.194 
673.004 355.852 578.719 282.35 512.562 361.389 
673.035 355.874 578.623 282.424 512.504 361.453 
673.032 355.907 578.553 282.463 512.519 361.52 
673.028 355.94 578.551 282.493 512.539 361.453 
673.041 355.957 578.572 282.451 512.542 361.42 
673.054 355.956 578.464 282.535 512.464 361.402 
673.032 355.979 578.186 282.689 512.275 361.605 
673.039 355.997 578.104 282.789 512.132 361.681 
673.034 356.034 577.835 283.098 511.705 361.899 
673.05 356.301 577.573 283.256 511.48 362.023 
673.037 356.361 577.451 283.4 511.323 362.024 
672.999 356.483 577.291 283.515 511.006 361.946 
673.029 356.684 576.593 283.956 509.855 361.913 
673.015 356.707 576.515 284.072 509.716 361.922 
672.989 356.793 576.049 284.256 509.052 362.049 
672.986 356.951 575.662 284.576 508.312 361.907 
672.872 357.223 575.103 284.894 507.413 361.854 
672.86 357.246 574.985 284.964 507.011 361.754 
672.762 357.408 574.336 285.347 506.0 361.742 
672.742 357.49 573.842 285.66 505.151 361.77 
672.688 357.576 572.859 286.33 503.551 361.704 
672.676 357.624 572.474 286.597 503.005 361.676 
672.685 357.655 572.031 286.992 501.957 361.572 
672.677 357.666 571.102 287.773 500.186 361.512 
672.631 357.662 570.758 288.074 499.37 361.507 
672.643 357.674 570.058 288.603 498.205 361.315 
672.607 357.705 569.081 289.552 496.012 361.232 
672.608 357.728 568.611 289.878 495.371 361.229 
672.592 357.841 568.047 290.32 494.193 361.135 
672.549 357.968 567.181 290.924 492.769 361.046 
672.536 357.999 566.862 291.114 492.227 361.011 
672.495 358.054 566.491 291.386 491.461 360.992 
672.472 358.087 565.953 291.745 490.24 360.885 
672.483 358.079 565.697 291.957 489.577 360.711 
672.471 358.105 565.231 292.39 488.636 360.592 
672.542 358.275 564.303 293.058 486.825 360.454 
672.536 358.297 563.984 293.375 486.328 360.465 
672.533 358.337 563.512 293.73 485.404 360.561 
672.507 358.368 562.847 294.2 484.334 360.472 
672.495 358.367 562.649 294.294 483.861 360.412 
672.457 358.394 562.307 294.534 483.234 360.161 
672.443 358.386 561.676 294.971 481.815 360.013 
672.448 358.392 561.383 295.189 481.194 359.934 
672.41 358.418 560.878 295.747 480.078 359.807 
672.474 358.454 559.945 296.56 478.47 359.669 
672.426 358.481 559.62 296.837 477.83 359.648 
672.423 358.509 559.189 297.163 476.978 359.679 
672.416 358.531 558.448 297.786 475.516 359.535 
672.413 358.548 558.191 298.011 474.893 359.528 
672.409 358.535 557.698 298.451 474.152 359.27 
672.389 358.536 556.997 299.139 472.688 359.159 
672.39 358.541 556.773 299.398 472.264 359.146 
672.385 358.566 556.375 299.864 471.448 359.027 
672.389 358.567 555.637 300.664 469.881 358.971 
672.396 358.575 555.343 301.092 469.203 358.794 
672.403 358.585 554.839 301.747 467.931 358.827 
672.403 358.571 553.78 302.885 465.968 358.665 
672.391 358.572 553.332 303.355 465.261 358.655 
672.376 358.588 552.814 303.862 464.462 358.567 
672.304 358.593 552.223 304.567 463.307 358.559 
672.284 358.596 552.017 304.816 462.968 358.513 
672.263 358.591 551.648 305.252 462.219 358.267 
672.25 358.552 551.013 306.09 460.693 358.107 
672.278 358.557 550.693 306.541 460.169 357.939 
672.295 358.552 550.092 307.215 459.202 357.967 
672.297 358.594 549.285 308.158 457.703 357.893 
672.275 358.61 548.983 308.505 457.206 357.897 
672.257 358.617 548.454 309.098 456.314 357.919 
672.253 358.61 547.828 309.985 455.139 357.837 
672.236 358.583 547.59 310.407 454.486 357.755 
672.225 358.563 547.104 311.019 453.678 357.872 
672.224 358.551 546.5 311.975 452.636 357.799 
672.26 358.558 545.97 312.748 451.594 357.813 
672.26 358.552 545.507 313.496 450.788 357.775 
672.29 358.529 544.625 314.965 449.167 357.721 
672.308 358.516 544.268 315.627 448.367 357.798 
672.314 358.487 543.776 316.588 447.529 357.929 
672.294 358.46 542.979 318.216 445.956 358.163 
672.279 358.438 542.649 318.851 445.212 358.218 
672.248 358.435 542.171 319.926 444.128 358.278 
672.141 358.386 541.257 321.975 442.463 358.823 
672.094 358.356 540.889 322.824 441.889 359.171 
672.021 358.354 540.247 324.328 440.854 359.896 
671.845 358.319 539.178 326.898 439.146 361.01 
671.813 358.336 538.881 327.781 438.599 361.576 
671.759 358.359 538.525 329.204 437.799 362.095 
671.679 358.365 537.893 331.165 436.656 363.071 
671.632 358.411 537.716 331.834 436.249 363.375 
671.604 358.396 537.536 332.894 435.725 363.828 
671.601 358.402 537.198 334.525 435.051 364.383 
671.598 358.412 537.138 334.98 434.709 364.743 
671.616 358.421 537.067 335.704 434.463 364.977 
671.62 358.421 536.983 336.998 434.024 365.436 
671.615 358.433 536.922 337.531 433.824 365.705 
671.622 358.43 536.613 338.579 433.578 365.946 
671.61 358.438 536.606 339.682 432.944 366.395 
671.599 358.45 536.586 340.179 432.801 366.495 
671.586 358.444 536.534 340.806 432.473 366.607 
671.589 358.47 536.435 342.254 431.87 366.851 
671.598 358.48 536.339 342.925 431.666 366.932 
671.595 358.591 536.285 343.736 431.217 367.112 
671.599 358.492 536.141 345.522 430.691 367.362 
671.588 358.487 536.1 346.218 430.303 367.425 
671.573 358.494 536.03 347.17 429.928 367.539 
671.555 358.495 535.991 348.999 429.323 367.691 
671.529 358.505 535.668 349.919 429.136 367.694 
671.548 358.495 535.815 350.743 428.731 367.697 
671.516 358.63 535.865 351.711 428.385 367.751 
671.51 358.636 535.685 352.604 428.201 367.798 
671.519 358.67 535.849 353.082 428.057 367.869 
671.474 358.668 535.923 353.789 427.927 367.893 
671.492 358.691 535.964 354.289 427.734 367.904 
671.491 358.716 535.938 354.724 427.656 367.792 
671.584 358.797 536.019 355.312 427.605 367.826 
671.553 358.728 536.041 355.619 427.588 367.851 
671.49 358.704 536.092 355.827 427.572 367.87 
671.546 358.723 536.103 355.984 427.537 367.895 
671.508 358.72 536.128 356.086 427.548 367.871 
671.571 358.702 536.151 356.189 427.535 367.795 
671.504 358.675 536.21 356.884 427.4 367.563 
671.565 358.684 536.038 357.325 427.387 367.562 
671.509 358.679 536.277 357.426 427.271 367.741 
671.549 358.717 536.061 357.593 427.275 368.005 
671.493 358.689 535.965 357.612 427.259 368.234 
671.477 358.686 536.021 357.684 427.201 368.243 
671.537 358.688 536.099 357.903 427.239 368.275 
671.547 358.693 536.134 358.171 427.248 368.352 
671.506 358.699 536.14 358.349 427.242 368.391 
671.533 358.818 536.158 358.477 427.242 368.322 
671.584 358.739 536.153 358.516 427.252 368.267 
671.593 358.735 536.205 358.56 427.262 368.205 
671.633 358.814 536.227 358.688 427.271 367.947 
671.641 358.808 536.215 358.709 427.292 367.95 
671.624 358.808 536.2 358.699 427.285 368.011 
671.608 358.736 536.195 358.667 427.236 368.26 
671.597 358.738 536.182 358.599 427.242 368.364 
671.626 358.815 536.204 358.428 427.265 368.511 
671.619 358.821 536.105 357.911 427.428 368.774 
671.537 358.854 536.121 357.403 427.579 369.024 
671.509 358.855 536.085 357.02 427.637 369.131 
671.466 358.865 536.058 355.753 427.868 369.401 
671.474 358.863 535.997 355.075 427.981 369.661 
671.451 358.879 535.871 353.675 428.356 369.949 
671.37 358.915 535.626 350.578 429.178 369.598 
671.32 358.917 535.541 349.55 429.493 369.15 
671.292 358.914 535.633 347.771 429.883 368.727 
671.284 358.787 535.808 344.725 431.148 368.228 
671.264 358.897 535.867 344.122 431.366 368.161 
671.245 358.879 536.102 341.968 432.409 367.528 
671.221 358.788 536.362 340.455 432.963 366.815 
671.257 358.749 536.902 337.874 434.443 366.254 
671.294 358.753 536.993 337.04 435.046 366.046 
671.31 358.783 537.666 335.521 435.749 365.435 
671.346 358.899 538.387 333.254 437.184 364.545 
671.392 358.911 538.697 332.447 437.643 364.31 
671.41 358.944 539.174 331.31 438.505 363.808 
671.439 358.994 539.919 329.094 439.984 363.232 
671.431 359.01 540.215 328.25 440.519 362.931 
671.448 359.033 540.704 326.935 441.532 362.562 
671.456 359.033 541.431 325.112 442.926 361.86 
671.463 359.014 541.727 324.485 443.355 361.592 
671.476 359.01 542.22 323.578 444.166 361.313 
671.455 358.958 542.902 321.962 445.712 360.886 
671.451 358.938 543.156 321.298 446.33 360.736 
671.439 358.877 543.553 320.353 447.381 360.496 
671.456 358.698 544.383 318.814 449.044 360.455 
671.455 358.678 544.685 318.303 449.678 360.448 
671.448 358.532 545.105 317.565 450.627 360.386 
671.466 358.509 545.738 316.674 451.929 360.509 
671.479 358.505 545.965 316.262 452.459 360.525 
671.48 358.516 546.337 315.779 453.132 360.63 
671.484 358.652 546.845 315.058 454.431 360.668 
671.481 358.647 547.081 314.613 454.891 360.643 
671.482 358.675 547.475 313.995 455.632 360.583 
671.461 358.684 548.067 312.822 457.162 360.487 
671.416 358.654 548.368 312.269 457.643 360.409 
671.452 358.662 548.829 311.463 458.725 360.265 
671.423 358.515 549.726 309.897 460.459 359.964 
671.361 358.47 550.142 309.284 461.349 359.966 
671.363 358.42 550.753 308.387 462.294 359.811 
671.362 358.324 551.624 306.88 464.459 359.661 
671.362 358.295 552.251 306.18 465.193 359.585 
671.37 358.276 552.744 305.353 466.378 359.473 
671.389 358.234 553.691 304.181 468.145 359.225 
671.384 358.23 554.051 303.742 468.969 359.142 
671.38 358.249 554.567 302.978 469.95 359.251 
671.385 358.262 555.586 301.934 471.872 359.285 
671.385 358.275 556.019 301.516 472.662 359.251 
671.391 358.284 556.723 300.882 473.987 359.145 
671.421 358.303 557.93 299.739 476.139 359.266 
671.441 358.319 558.359 299.375 477.051 359.287 
671.536 358.355 559.135 298.789 478.313 359.439 
671.633 358.392 560.043 297.945 480.077 359.608 
671.646 358.393 560.412 297.648 480.743 359.648 
671.717 358.323 560.871 297.434 481.521 359.721 
671.727 358.287 561.367 297.191 482.309 359.976 
671.695 358.355 561.523 297.159 482.614 360.008 
671.673 358.338 561.841 297.072 483.237 360.115 
671.576 358.29 562.297 296.715 484.102 360.269 
671.576 358.281 562.485 296.536 484.636 360.272 
671.553 358.266 562.826 296.19 485.323 360.39 
671.578 358.277 563.63 295.179 486.732 360.263 
671.639 358.309 563.989 294.689 487.503 360.184 
671.71 358.27 564.574 294.054 488.391 360.055 
671.78 358.265 565.565 292.735 490.196 359.656 
671.798 358.254 565.986 292.092 490.939 359.638 
671.828 358.24 566.51 291.399 492.087 359.422 
671.822 358.183 567.596 289.912 493.904 359.096 
671.827 358.151 568.072 289.452 494.587 359.011 
671.822 358.085 568.741 288.647 495.86 358.888 
671.839 357.931 569.848 287.317 497.891 358.674 
671.854 357.871 570.405 286.899 498.756 358.493 
671.895 357.793 571.211 286.203 500.161 358.263 
672.149 357.515 572.737 285.055 502.216 357.818 
672.216 357.428 573.347 284.617 503.04 357.631 
672.357 357.299 574.257 284.077 504.22 357.352 
672.709 356.93 575.628 283.333 505.849 356.952 
672.848 356.723 576.054 283.103 506.361 356.906 
672.948 356.678 576.689 282.681 507.423 356.929 
673.031 356.655 577.482 282.055 508.622 356.719 
673.048 356.652 577.728 281.929 509.023 356.645 
673.044 356.644 577.859 281.701 509.562 356.606 
672.981 356.631 577.975 281.547 510.483 356.935 
672.942 356.602 577.987 281.424 510.708 357.024 
672.869 356.519 578.058 281.347 510.938 357.065 
672.772 356.445 578.449 281.16 511.407 356.937 
672.766 356.441 578.568 281.132 511.528 356.912 
672.778 356.41 578.729 281.11 511.582 356.815 
672.891 356.411 578.859 281.303 511.252 356.697 
672.95 356.442 578.738 281.407 511.187 356.794 
673.021 356.539 578.612 281.61 511.204 357.043 
673.02 356.665 578.487 281.83 511.268 357.411 
672.995 356.68 578.523 281.821 511.353 357.331 
672.947 356.686 578.712 281.733 511.671 357.114 
672.883 356.632 579.306 281.384 512.614 357.118 
672.858 356.573 579.604 281.164 512.948 357.13 
672.848 356.513 579.905 281.003 513.412 357.05 
672.937 356.476 579.968 280.983 513.221 356.935 
672.986 356.509 579.816 281.085 513.13 357.072 
673.035 356.587 579.516 281.342 513.021 357.489 
673.034 356.652 579.014 281.735 513.003 358.02 
673.016 356.651 578.896 281.764 512.964 358.075 
672.971 356.637 578.872 281.71 512.964 358.078 
672.881 356.522 578.88 281.59 513.003 358.028 
672.869 356.488 578.82 281.583 512.996 358.052 
672.856 356.442 578.644 281.676 512.893 358.18 
672.863 356.362 578.25 281.98 512.463 358.628 
672.882 356.341 578.023 282.189 512.188 358.76 
672.915 356.312 577.698 282.486 511.897 359.241 
672.995 356.316 577.198 283.089 511.47 359.675 
673.003 356.345 577.04 283.275 511.312 359.809 
673.046 356.443 576.862 283.591 511.14 359.97 
673.092 356.596 576.707 283.752 511.0 360.101 
673.126 356.657 576.622 283.829 510.951 360.223 
673.156 356.772 576.568 283.871 510.746 360.306 
673.093 356.737 576.315 284.054 510.123 360.28 
673.131 356.853 576.181 284.16 509.795 360.304 
673.114 356.887 575.897 284.399 509.269 360.385 
673.083 356.938 575.129 285.095 507.816 360.505 
673.072 356.945 574.753 285.392 507.019 360.551 
673.066 356.959 574.193 285.799 505.934 360.501 
673.069 356.987 573.088 286.604 503.857 360.495 
673.057 356.965 572.652 287.036 503.183 360.566 
673.042 356.983 572.125 287.317 502.034 360.579 
673.024 356.987 571.086 288.046 500.197 360.445 
673.008 356.985 570.692 288.224 499.389 360.321 
672.947 357.079 570.03 288.569 498.139 360.191 
672.916 357.106 568.595 289.438 495.653 359.801 
672.92 357.111 568.097 289.87 494.49 359.775 
672.887 357.134 567.186 290.534 492.907 359.788 
672.829 357.196 565.879 291.499 490.434 359.597 
672.807 357.211 565.492 291.797 489.627 359.71 
672.751 357.222 564.9 292.164 488.606 359.663 
672.685 357.204 564.16 292.82 487.159 359.563 
672.664 357.209 563.928 293.022 486.547 359.646 
672.666 357.195 563.548 293.411 485.538 359.497 
672.689 357.214 562.618 294.221 483.86 359.304 
672.707 357.223 562.328 294.526 483.225 359.231 
672.698 357.26 561.875 295.032 482.298 359.229 
672.655 357.365 561.144 295.903 480.876 359.284 
672.655 357.404 560.968 296.15 480.447 359.171 
672.646 357.447 560.657 296.483 479.723 359.129 
672.646 357.508 559.842 297.27 477.959 359.061 
672.648 357.518 559.495 297.609 477.173 358.958 
672.656 357.571 558.966 298.172 476.085 358.902 
672.71 357.686 558.093 299.094 474.287 358.784 
672.706 357.791 557.742 299.424 473.747 358.767 
672.705 357.814 557.328 299.763 472.807 358.76 
672.693 357.81 556.75 300.203 471.643 358.546 
672.689 357.812 556.355 300.632 470.844 358.372 
672.688 357.791 555.938 300.944 469.849 358.313 
672.672 357.699 555.167 301.672 468.493 358.229 
672.674 357.673 554.872 301.996 468.022 358.193 
672.635 357.657 554.479 302.34 467.146 358.059 
672.644 357.665 554.072 302.806 466.555 357.933 
672.607 357.644 553.661 303.303 465.594 357.873 
672.6 357.661 553.39 303.709 465.189 357.912 
672.633 357.675 553.112 304.066 464.55 357.876 
672.678 357.809 552.456 305.047 463.092 357.714 
672.685 357.838 552.189 305.474 462.505 357.682 
672.71 357.883 551.7 306.118 461.666 357.533 
672.746 357.991 550.956 307.085 460.214 357.576 
672.777 358.054 550.7 307.524 459.801 357.593 
672.763 358.084 550.357 307.952 459.136 357.581 
672.717 358.095 549.757 308.873 457.918 357.544 
672.708 358.089 549.703 309.003 457.755 357.524 
672.662 358.045 549.461 309.409 457.375 357.469 
672.634 358.022 549.137 309.955 456.831 357.384 
672.634 358.04 548.676 310.743 455.945 357.34 
672.628 358.032 548.532 311.044 455.52 357.299 
672.634 358.051 548.062 311.917 454.446 357.308 
672.655 358.088 547.539 312.722 453.437 357.197 
672.628 358.095 547.073 313.422 452.678 357.162 
672.572 358.146 546.649 314.114 451.824 356.968 
672.519 358.168 546.045 315.19 450.734 357.033 
672.442 358.198 545.715 315.719 450.146 357.046 
672.377 358.263 545.07 316.965 448.756 357.129 
672.276 358.288 544.267 318.365 447.502 357.22 
672.268 358.284 543.928 319.224 446.564 357.355 
672.264 358.297 542.947 321.379 444.838 357.751 
672.282 358.323 541.829 324.077 443.128 358.838 
672.281 358.363 541.35 325.583 442.146 359.419 
672.178 358.385 540.336 328.572 440.382 360.597 
672.099 358.427 539.475 331.44 438.794 361.697 
672.068 358.452 539.051 332.783 438.251 362.206 
671.997 358.47 538.545 335.025 437.108 363.317 
671.91 358.481 538.022 336.629 436.125 363.864 
671.886 358.472 537.871 337.241 435.876 363.976 
671.865 358.477 537.697 338.068 435.456 364.199 
671.883 358.472 537.632 338.606 435.18 364.235 
671.846 358.433 537.61 338.921 434.97 364.226 
671.87 358.41 537.507 339.508 434.717 364.324 
671.901 358.367 537.383 340.529 434.359 364.721 
671.873 358.279 537.37 341.13 434.164 364.844 
671.847 358.263 537.117 342.972 433.445 365.302 
671.816 358.256 536.854 344.795 432.721 365.773 
671.802 358.256 536.788 345.663 432.313 365.972 
671.739 358.248 536.411 347.633 431.61 366.349 
671.725 358.248 536.452 348.988 431.144 366.806 
671.725 358.252 536.392 349.639 430.961 366.93 
671.728 358.237 536.403 350.741 430.533 367.127 
671.768 358.232 536.472 351.91 430.345 367.305 
671.762 358.222 536.546 352.34 430.16 367.419 
671.806 358.254 536.327 353.289 430.036 367.644 
671.872 358.407 536.459 354.383 429.899 367.987 
671.899 358.465 536.697 354.579 429.802 368.281 
671.92 358.529 536.713 355.022 429.724 368.487 
671.902 358.57 536.704 355.133 429.686 368.628 
671.846 358.731 536.708 355.192 429.679 368.668 
671.817 358.736 536.697 355.333 429.649 368.746 
671.791 358.742 536.691 355.411 429.665 368.87 
671.782 358.747 536.676 355.408 429.665 368.911 
671.749 358.751 536.648 355.424 429.6 368.905 
671.746 358.767 536.635 355.506 429.555 368.903 
671.738 358.763 536.616 355.548 429.542 368.899 
671.746 358.745 536.624 355.612 429.514 368.932 
671.752 358.735 536.638 355.648 429.526 368.998 
671.775 358.737 536.644 355.651 429.524 369.009 
671.787 358.746 536.664 355.686 429.535 369.048 
671.795 358.76 536.674 355.703 429.53 369.05 
671.812 358.767 536.684 355.693 429.541 369.03 
671.83 358.806 536.685 355.688 429.543 368.983 
671.849 358.817 536.692 355.681 429.544 368.961 
671.838 358.829 536.685 355.695 429.537 368.98 
671.839 358.836 536.681 355.729 429.516 369.003 
671.883 358.867 536.669 355.864 429.488 369.086 
671.872 358.859 536.663 355.885 429.431 369.138 
671.862 358.856 536.667 355.935 429.393 369.193 
671.883 358.875 536.659 355.936 429.378 369.211 
671.896 358.869 536.666 355.943 429.385 369.24 
671.929 358.884 536.664 355.94 429.386 369.335 
671.954 358.902 536.671 355.957 429.396 369.341 
671.978 358.988 536.68 355.959 429.396 369.347 
672.03 359.026 536.675 355.986 429.391 369.372 
672.117 359.06 536.676 355.999 429.395 369.366 
672.121 359.083 536.664 356.015 429.376 369.374 
672.181 359.133 536.668 356.06 429.318 369.419 
672.196 359.188 536.681 356.116 429.3 369.455 
672.218 359.216 536.683 356.15 429.296 369.46 
