719.493 445.895 609.595 402.569 523.244 439.144 
719.499 445.899 609.55 402.625 523.222 439.122 
719.517 445.936 609.529 402.698 523.156 439.103 
719.513 445.941 609.492 402.828 523.082 438.968 
719.505 445.949 609.48 402.856 522.952 438.954 
719.5 445.939 609.468 402.863 522.859 438.93 
719.473 445.896 609.446 402.928 522.655 438.891 
719.479 445.883 609.428 402.971 522.507 438.918 
719.499 445.932 609.401 403.077 522.462 439.001 
719.508 446.078 609.252 403.175 522.417 439.041 
719.524 446.101 609.238 403.205 522.42 439.057 
719.537 446.125 609.218 403.22 522.408 439.089 
719.56 446.161 609.216 403.193 522.434 439.147 
719.561 446.164 609.242 403.134 522.485 439.15 
719.549 446.152 609.226 402.969 522.727 439.151 
719.564 446.055 609.548 402.511 523.123 439.076 
719.523 446.126 609.596 402.338 523.241 439.018 
719.499 446.09 609.714 402.016 523.4 438.951 
719.492 445.957 609.774 401.691 523.686 438.922 
719.492 445.953 609.789 401.666 523.712 438.905 
719.466 445.903 609.849 401.577 523.88 438.825 
719.443 445.877 610.05 401.277 524.313 438.647 
719.433 445.861 610.088 401.096 524.391 438.601 
719.366 445.956 610.301 400.6 524.762 438.379 
719.364 445.963 610.63 400.087 525.205 438.273 
719.443 445.858 611.037 399.219 525.971 438.081 
719.446 445.861 611.139 398.944 526.165 438.006 
719.469 445.852 611.327 398.625 526.522 437.922 
719.481 445.835 611.71 398.193 527.153 438.009 
719.481 445.803 611.783 398.096 527.284 438.024 
719.526 445.808 611.96 397.817 527.533 437.99 
719.516 445.761 612.211 397.381 528.177 437.996 
719.513 445.765 612.369 397.074 528.452 437.929 
719.498 445.748 612.706 396.544 528.87 437.758 
719.48 445.738 613.349 395.437 530.116 437.679 
719.486 445.717 613.678 394.897 530.691 437.514 
719.491 445.711 614.145 394.178 531.383 437.377 
719.528 445.673 615.089 392.877 532.896 437.399 
719.543 445.662 615.404 392.377 533.616 437.452 
719.56 445.641 615.854 391.848 534.357 437.471 
719.596 445.533 616.636 390.946 535.563 437.62 
719.601 445.522 616.913 390.67 536.026 437.79 
719.643 445.499 617.182 390.319 536.655 437.881 
719.612 445.501 617.701 389.618 537.662 437.923 
719.622 445.526 617.972 389.297 537.981 437.912 
719.609 445.516 618.393 388.885 538.765 437.953 
719.596 445.541 619.027 387.974 539.982 438.096 
719.591 445.543 619.369 387.66 540.399 438.193 
719.597 445.545 619.808 387.16 541.29 438.203 
719.637 445.567 620.689 386.244 542.609 438.112 
719.667 445.635 620.954 385.917 543.143 438.156 
719.706 445.559 621.474 385.462 544.025 438.308 
719.763 445.555 622.221 384.711 545.305 438.444 
719.774 445.556 622.47 384.482 545.724 438.461 
719.848 445.634 622.876 384.074 546.532 438.4 
719.827 445.673 623.71 383.267 547.997 438.519 
719.835 445.673 624.024 382.902 548.489 438.602 
719.821 445.697 624.626 382.346 549.513 438.767 
719.843 445.701 625.517 381.441 551.035 438.811 
719.861 445.705 625.848 381.178 551.836 438.789 
719.888 445.715 626.369 380.622 552.708 438.989 
719.953 445.717 627.175 380.025 554.22 439.201 
719.963 445.726 627.409 379.835 554.67 439.258 
720.0 445.779 627.809 379.483 555.397 439.428 
720.016 445.792 628.379 379.064 556.424 439.492 
720.021 445.816 628.589 378.948 556.823 439.48 
720.029 445.823 628.863 378.744 557.316 439.621 
720.037 445.859 629.457 378.279 558.37 439.702 
720.052 445.858 629.743 378.047 558.762 439.741 
720.06 445.872 630.049 377.745 559.456 439.954 
720.086 445.868 630.608 377.277 560.677 440.141 
720.108 445.84 630.871 377.096 561.109 440.16 
720.121 445.841 631.254 376.89 561.723 440.161 
720.175 445.8 631.828 376.424 562.894 440.243 
720.177 445.733 632.063 376.296 563.331 440.341 
720.188 445.697 632.496 375.98 563.835 440.365 
720.19 445.673 632.952 375.643 564.878 440.574 
720.199 445.659 633.182 375.434 565.145 440.558 
720.218 445.624 633.47 375.22 565.545 440.483 
720.231 445.598 633.987 374.888 566.351 440.511 
720.248 445.588 634.144 374.781 566.599 440.449 
720.253 445.591 634.439 374.678 567.026 440.436 
720.281 445.569 634.992 374.339 567.758 440.426 
720.263 445.55 635.181 374.221 568.193 440.401 
720.27 445.53 635.569 373.975 568.885 440.563 
720.326 445.493 636.304 373.579 570.111 440.653 
720.319 445.452 636.665 373.315 570.52 440.646 
720.333 445.408 637.154 373.092 571.401 440.587 
720.447 445.263 638.054 372.651 572.848 440.735 
720.497 445.248 638.555 372.415 573.266 440.736 
720.587 445.189 639.011 372.237 574.07 440.702 
720.752 444.976 639.646 372.009 575.13 440.906 
720.85 444.931 640.16 371.898 575.741 440.909 
720.939 444.88 640.579 371.828 576.535 440.953 
721.06 444.804 641.264 371.68 577.59 441.171 
721.164 444.783 641.484 371.667 577.921 441.153 
721.225 444.676 641.836 371.621 578.411 441.381 
721.331 444.614 642.388 371.618 579.234 441.374 
721.351 444.589 642.624 371.605 579.531 441.43 
721.38 444.529 643.099 371.543 580.126 441.385 
721.375 444.494 643.912 371.379 580.922 441.403 
721.391 444.484 644.181 371.302 581.259 441.585 
721.438 444.454 644.539 371.198 581.766 441.491 
721.63 444.47 645.031 371.125 582.115 441.576 
721.695 444.377 645.096 371.137 582.216 441.717 
721.76 444.359 645.165 371.175 582.289 441.781 
721.769 444.299 645.291 371.199 582.528 441.874 
721.769 444.259 645.368 371.182 582.746 441.886 
721.786 444.19 645.538 371.091 583.08 441.902 
721.79 444.056 645.915 370.836 583.534 441.911 
721.831 443.856 646.065 370.773 583.738 442.014 
721.896 443.816 646.284 370.678 583.943 442.088 
722.08 443.755 646.374 370.687 584.098 442.261 
722.132 443.725 646.378 370.704 584.082 442.303 
722.218 443.752 646.395 370.723 584.099 442.307 
722.217 443.757 646.497 370.706 584.226 442.281 
722.224 443.748 646.657 370.632 584.413 442.172 
722.241 443.756 646.942 370.435 584.632 442.151 
722.314 443.755 647.355 370.306 584.95 442.113 
722.399 443.749 647.501 370.253 585.036 442.093 
722.481 443.753 647.635 370.239 585.291 442.154 
722.603 443.776 647.551 370.415 585.334 442.346 
722.623 443.794 647.379 370.549 585.121 442.45 
722.634 443.832 647.057 370.753 585.129 442.672 
722.626 443.874 646.83 371.023 585.158 443.049 
722.616 443.879 646.811 371.061 585.113 443.083 
722.597 443.854 646.786 371.133 585.064 443.119 
722.519 443.861 646.784 371.125 585.088 443.156 
722.512 443.874 646.849 371.021 585.109 443.141 
722.515 443.882 646.886 370.985 585.087 443.118 
722.489 443.87 646.819 370.941 585.112 443.121 
722.481 443.876 646.802 370.916 585.155 443.111 
722.458 443.873 646.797 370.802 585.179 443.027 
722.433 443.842 646.84 370.633 585.133 442.834 
722.42 443.852 646.845 370.605 585.157 442.832 
722.416 443.857 646.898 370.5 585.264 442.825 
722.371 443.855 647.205 370.379 585.24 442.611 
722.404 443.851 647.333 370.23 585.346 442.457 
722.393 443.855 647.608 370.054 585.351 442.332 
722.363 443.866 647.73 369.872 585.464 442.32 
722.353 443.883 647.634 369.994 585.507 442.367 
722.357 443.909 647.478 370.063 585.49 442.41 
722.356 443.927 647.235 370.38 585.43 442.634 
722.345 443.932 647.162 370.434 585.4 442.739 
722.343 443.94 647.022 370.52 585.159 442.808 
722.35 443.943 646.875 370.655 585.107 443.122 
722.345 444.112 646.733 370.78 585.11 443.223 
722.351 444.131 646.68 370.847 585.12 443.282 
722.422 444.054 646.57 370.917 585.008 443.528 
722.433 444.063 646.498 370.924 584.996 443.609 
722.437 444.058 646.419 370.943 585.034 443.832 
722.43 444.057 646.309 370.979 585.015 443.732 
722.345 444.139 646.278 370.979 585.036 443.74 
722.335 444.12 646.233 370.949 584.996 443.709 
722.335 443.939 646.174 370.908 584.959 443.748 
722.301 443.929 646.081 370.898 584.917 443.905 
722.293 443.93 646.028 370.901 584.839 443.898 
722.283 443.926 645.922 370.912 584.792 443.945 
722.286 443.914 645.872 370.915 584.705 443.948 
722.285 443.921 645.793 370.945 584.588 443.933 
722.289 443.937 645.639 371.072 584.412 444.021 
722.285 443.957 645.469 371.255 584.3 444.068 
722.242 444.116 645.368 371.325 584.073 444.013 
722.216 444.147 645.246 371.412 583.764 443.93 
722.2 444.147 645.119 371.502 583.603 444.049 
722.182 444.169 644.94 371.556 583.495 444.097 
722.173 444.193 644.84 371.606 583.3 444.221 
722.18 444.193 644.776 371.621 583.131 444.18 
722.176 444.202 644.626 371.741 582.817 444.028 
722.152 444.212 644.336 371.902 582.064 443.925 
722.153 444.23 644.027 372.092 581.525 443.85 
722.133 444.241 643.654 372.414 580.836 443.926 
722.046 444.252 642.984 372.823 579.867 443.912 
721.982 444.262 642.738 372.991 579.575 444.022 
721.912 444.3 642.505 373.045 579.227 444.013 
721.871 444.301 642.217 373.21 578.647 444.001 
721.854 444.308 642.153 373.248 578.505 443.94 
721.843 444.28 641.828 373.424 578.009 443.819 
721.848 444.289 641.538 373.68 577.649 443.792 
721.871 444.298 641.004 374.104 576.674 443.715 
721.87 444.32 640.777 374.286 576.33 443.71 
721.861 444.365 640.387 374.514 575.547 443.76 
721.836 444.501 639.714 375.109 574.48 443.82 
721.82 444.504 639.499 375.24 574.077 443.85 
721.787 444.523 639.126 375.529 573.689 443.771 
721.736 444.532 638.75 375.759 573.001 443.856 
721.719 444.541 638.631 375.789 572.789 443.819 
721.696 444.545 638.448 375.89 572.417 443.713 
721.702 444.538 638.005 376.235 571.611 443.599 
721.712 444.541 637.813 376.36 571.316 443.612 
721.714 444.552 637.417 376.623 570.667 443.534 
721.717 444.58 636.739 376.978 569.643 443.43 
721.714 444.587 636.432 377.185 569.224 443.454 
721.71 444.602 636.136 377.419 568.748 443.526 
721.655 444.6 635.691 377.559 567.944 443.305 
721.65 444.599 635.513 377.7 567.717 443.453 
721.618 444.603 635.303 377.788 567.319 443.348 
721.599 444.58 634.809 378.004 566.503 443.293 
721.59 444.58 634.65 378.12 566.193 443.305 
721.601 444.588 634.304 378.388 565.612 443.261 
721.593 444.594 633.773 378.772 564.686 443.15 
721.585 444.593 633.586 378.897 564.316 443.146 
721.569 444.594 633.292 379.132 563.606 442.945 
721.5 444.54 632.783 379.473 562.975 442.892 
721.489 444.543 632.652 379.569 562.635 442.921 
721.457 444.546 632.427 379.778 562.287 442.92 
721.458 444.554 632.071 380.012 561.592 442.871 
721.441 444.554 631.94 380.121 561.207 442.652 
721.454 444.573 631.685 380.349 560.73 442.635 
721.461 444.6 631.032 380.942 559.465 442.331 
721.453 444.612 630.78 381.2 558.949 442.369 
721.455 444.64 630.377 381.485 558.254 442.33 
721.443 444.671 629.746 381.971 557.087 442.197 
721.417 444.674 629.457 382.212 556.725 442.306 
721.397 444.677 629.116 382.417 556.163 442.276 
721.344 444.669 628.718 382.72 555.367 442.122 
721.34 444.668 628.58 382.831 555.077 442.118 
721.349 444.665 628.331 383.046 554.586 442.032 
721.327 444.676 627.914 383.437 553.666 442.016 
721.35 444.673 627.71 383.651 553.3 441.923 
721.349 444.668 627.474 383.822 552.93 441.736 
721.361 444.663 627.075 384.178 552.29 441.788 
721.319 444.687 626.96 384.271 552.031 441.681 
721.316 444.661 626.758 384.412 551.694 441.607 
721.298 444.663 626.424 384.661 550.871 441.503 
721.282 444.673 626.22 384.856 550.538 441.481 
721.286 444.672 625.955 385.075 550.044 441.334 
721.29 444.772 625.412 385.559 548.988 441.16 
721.282 444.692 625.217 385.751 548.685 441.089 
721.279 444.786 624.864 386.03 548.047 440.942 
721.243 444.789 624.435 386.514 547.127 440.852 
721.23 444.778 624.285 386.644 546.818 440.805 
721.196 444.786 624.001 386.933 546.436 440.695 
721.202 444.794 623.354 387.379 545.369 440.307 
721.181 444.816 623.283 387.59 544.984 440.144 
721.18 444.816 622.947 387.907 544.344 440.163 
721.187 444.827 622.375 388.612 543.151 440.038 
721.17 444.846 622.176 388.848 542.733 439.927 
721.162 444.848 621.747 389.305 542.148 439.895 
721.143 444.844 621.165 389.929 540.944 439.587 
721.145 444.852 620.977 390.205 540.495 439.566 
721.067 444.889 620.67 390.58 539.976 439.547 
721.065 444.894 620.06 391.251 538.965 439.32 
721.069 444.892 619.901 391.445 538.687 439.297 
721.061 444.912 619.663 391.808 538.101 439.19 
721.062 444.937 619.198 392.509 537.112 438.857 
721.047 444.94 618.967 392.773 536.693 438.873 
721.058 444.965 618.602 393.251 536.11 438.841 
721.048 444.99 618.096 393.959 535.131 438.646 
721.039 445.002 617.931 394.248 534.785 438.625 
721.025 445.027 617.628 394.576 534.373 438.589 
720.997 445.047 617.093 395.254 533.375 438.317 
721.007 445.049 616.912 395.51 533.092 438.322 
720.987 445.04 616.67 395.833 532.562 438.335 
720.989 445.033 616.178 396.502 531.847 438.239 
720.968 445.029 616.017 396.706 531.328 438.135 
720.965 445.028 615.547 397.151 530.914 437.967 
720.962 444.983 615.18 397.857 530.008 437.679 
720.941 444.956 614.964 398.126 529.643 437.689 
720.934 444.937 614.681 398.61 529.188 437.66 
720.872 444.878 614.21 399.443 528.298 437.729 
720.873 444.864 614.066 399.696 528.07 437.786 
720.848 444.837 613.798 400.006 527.565 437.84 
720.805 444.797 613.408 400.672 526.851 437.743 
720.797 444.78 613.278 400.926 526.66 437.619 
720.785 444.761 613.071 401.278 526.213 437.533 
720.776 444.752 612.629 402.055 525.482 437.43 
720.755 444.755 612.406 402.398 525.217 437.462 
720.735 444.781 612.114 402.874 524.674 437.522 
720.709 444.835 611.759 403.608 524.094 437.634 
720.665 444.862 611.633 403.959 523.736 437.607 
720.67 444.882 611.388 404.435 523.338 437.647 
720.66 444.867 610.966 405.326 522.686 437.654 
720.666 444.885 610.856 405.611 522.483 437.702 
720.649 444.811 610.649 406.161 522.012 437.774 
720.598 444.802 610.264 406.993 521.347 437.713 
720.636 444.911 610.145 407.354 521.143 437.632 
720.611 444.829 609.947 407.823 520.76 437.702 
720.59 444.827 609.509 408.645 520.231 437.827 
720.571 444.836 609.374 408.929 520.025 437.87 
720.55 444.836 609.133 409.48 519.528 437.929 
720.521 444.835 608.869 410.1 519.058 438.1 
720.495 444.819 608.78 410.379 518.914 438.162 
720.494 444.841 608.572 410.875 518.712 438.32 
720.431 445.003 608.176 411.666 518.269 438.758 
720.43 445.007 608.053 411.974 518.043 438.817 
720.4 445.023 607.848 412.559 517.772 439.05 
720.322 445.022 607.509 413.401 517.245 439.462 
720.299 444.925 607.343 413.722 517.082 439.583 
720.218 444.85 606.922 414.196 516.772 439.789 
720.185 444.841 606.855 414.858 516.517 440.253 
720.179 444.841 606.781 415.101 516.421 440.341 
720.186 444.836 606.752 415.415 516.245 440.513 
720.203 444.834 606.664 415.889 515.885 440.544 
720.2 444.829 606.57 416.185 515.767 440.686 
720.192 444.837 606.477 416.598 515.616 440.881 
720.186 444.855 606.332 417.06 515.277 441.278 
720.195 444.851 606.224 417.361 515.178 441.342 
720.187 444.851 606.141 417.716 515.058 441.48 
720.182 444.858 605.792 418.275 514.789 441.707 
720.169 444.868 605.784 418.356 514.732 441.743 
720.156 444.878 605.729 418.53 514.64 441.777 
720.156 444.882 605.858 418.752 514.551 441.853 
720.148 444.868 605.734 419.162 514.401 442.031 
720.142 444.864 605.658 419.41 514.285 442.085 
720.124 444.866 605.571 419.744 514.032 442.17 
720.122 444.868 605.415 420.687 513.579 442.76 
720.115 444.869 605.341 420.909 513.51 442.901 
720.125 444.865 605.238 421.454 513.277 443.097 
720.113 444.874 604.821 422.487 512.842 443.384 
720.117 444.868 604.755 422.849 512.601 443.554 
720.102 444.879 604.785 423.283 512.379 443.834 
720.061 444.89 604.674 423.93 512.101 444.149 
720.024 444.909 604.634 424.057 512.036 444.177 
719.998 444.919 604.594 424.115 511.982 444.216 
719.979 444.92 604.566 424.051 511.982 444.284 
719.984 444.921 604.566 424.012 512.0 444.298 
719.997 445.021 604.588 423.982 512.014 444.25 
720.033 445.073 604.63 424.057 512.05 444.201 
720.042 445.18 604.66 424.102 512.05 444.226 
720.059 445.212 604.664 424.137 512.075 444.283 
720.069 445.264 604.641 424.011 512.108 444.305 
720.068 445.284 604.633 423.903 512.137 444.295 
720.066 445.297 604.41 423.667 512.224 444.212 
720.05 445.343 604.604 423.252 512.323 444.105 
720.045 445.346 604.607 423.167 512.417 444.137 
720.044 445.342 604.64 423.052 512.449 444.112 
720.03 445.318 604.642 423.068 512.349 444.064 
720.04 445.338 604.642 423.084 512.364 444.087 
720.033 445.351 604.642 423.062 512.453 444.137 
720.056 445.378 604.683 422.992 512.484 444.039 
720.063 445.389 604.685 422.945 512.493 443.997 
720.061 445.387 604.695 422.839 512.509 443.979 
720.064 445.417 604.679 422.613 512.545 443.934 
720.045 445.405 604.682 422.544 512.55 443.904 
720.044 445.41 604.681 422.453 512.578 443.92 
720.048 445.416 604.513 422.31 512.722 443.932 
720.034 445.42 604.528 422.103 512.744 443.894 
720.042 445.416 604.552 421.945 512.827 443.812 
720.038 445.406 604.602 421.543 513.003 443.674 
720.039 445.409 604.634 421.347 513.078 443.631 
720.049 445.413 604.669 421.037 513.192 443.556 
720.023 445.426 605.005 420.374 513.411 443.42 
720.032 445.429 605.05 420.197 513.461 443.229 
720.028 445.441 605.089 419.926 513.611 443.088 
720.043 445.433 605.203 419.415 513.796 442.896 
720.041 445.426 605.241 419.247 513.853 442.789 
720.038 445.426 605.331 418.947 513.944 442.693 
720.045 445.42 605.386 418.505 514.214 442.543 
720.055 445.411 605.438 418.36 514.299 442.457 
720.059 445.404 605.498 418.067 514.406 442.218 
720.046 445.386 605.626 417.612 514.627 442.166 
720.031 445.374 605.632 417.476 514.692 442.108 
720.022 445.347 605.67 417.269 514.762 442.04 
720.003 445.351 605.674 416.9 514.893 441.939 
719.983 445.345 605.683 416.79 514.934 441.91 
719.963 445.317 605.685 416.544 515.082 441.863 
719.95 445.347 605.642 416.186 515.231 441.749 
719.957 445.354 605.67 416.049 515.301 441.625 
719.965 445.359 605.759 415.808 515.428 441.538 
719.972 445.383 606.091 415.318 515.675 441.381 
719.979 445.379 606.132 415.159 515.757 441.331 
719.988 445.389 606.231 414.877 515.932 441.152 
719.998 445.41 606.478 414.002 516.329 441.005 
720.001 445.426 606.596 413.622 516.52 440.892 
719.995 445.411 606.83 412.829 517.063 440.696 
719.973 445.393 607.347 411.563 517.664 440.151 
719.986 445.392 607.531 411.101 517.972 440.015 
719.987 445.378 607.793 410.329 518.645 439.836 
720.008 445.369 608.244 409.082 519.282 439.47 
720.002 445.378 608.445 408.603 519.664 439.215 
720.016 445.38 608.736 408.031 520.057 439.085 
720.05 445.378 609.042 407.165 520.712 438.977 
720.066 445.397 609.157 406.888 520.882 438.949 
720.048 445.379 609.298 406.536 521.251 438.886 
720.068 445.397 609.544 405.682 521.663 438.709 
720.057 445.398 609.625 405.387 521.936 438.664 
720.024 445.382 609.855 404.755 522.531 438.703 
719.971 445.363 610.306 403.577 523.264 438.465 
719.953 445.33 610.475 403.073 523.745 438.332 
719.92 445.307 610.688 402.264 524.42 438.36 
719.911 445.279 611.351 401.065 525.551 438.382 
719.898 445.266 611.524 400.664 525.867 438.398 
719.913 445.227 611.805 400.149 526.53 438.38 
719.928 445.213 612.208 399.552 527.205 438.404 
719.937 445.221 612.381 399.301 527.694 438.49 
719.945 445.225 612.645 398.974 528.175 438.519 
719.961 445.259 613.091 398.204 529.102 438.606 
719.963 445.284 613.259 397.892 529.411 438.591 
719.973 445.299 613.551 397.367 530.05 438.748 
719.98 445.327 614.135 396.451 531.052 438.663 
719.994 445.348 614.307 396.153 531.466 438.714 
719.995 445.332 614.594 395.683 532.013 438.627 
720.005 445.311 614.999 395.01 532.791 438.621 
719.992 445.315 615.177 394.757 533.133 438.506 
719.998 445.308 615.516 394.463 533.669 438.541 
719.977 445.298 616.042 393.737 534.636 438.618 
719.983 445.286 616.258 393.412 535.023 438.574 
719.982 445.274 616.752 392.761 535.873 438.687 
719.978 445.266 617.434 391.768 537.25 438.605 
719.988 445.272 617.782 391.24 537.761 438.544 
720.003 445.275 618.299 390.737 538.662 438.442 
720.048 445.292 619.048 389.826 540.087 438.432 
720.049 445.292 619.43 389.421 540.509 438.569 
720.069 445.302 619.829 388.906 541.363 438.691 
720.091 445.3 620.452 388.278 542.543 438.686 
720.076 445.3 620.747 387.941 543.033 438.71 
720.073 445.287 621.136 387.526 543.764 438.676 
720.049 445.277 621.876 386.803 545.044 438.637 
720.053 445.28 622.228 386.446 545.692 438.89 
720.052 445.275 622.78 385.914 546.604 438.866 
720.07 445.284 623.74 384.89 548.358 439.016 
720.089 445.284 624.218 384.448 549.263 438.97 
720.128 445.305 624.982 383.829 550.511 439.056 
720.179 445.32 626.277 382.752 552.778 439.233 
720.191 445.33 626.824 382.317 553.683 439.301 
720.215 445.332 627.649 381.602 555.135 439.428 
720.291 445.418 629.088 380.542 557.556 439.557 
720.279 445.307 629.674 380.103 558.458 439.578 
720.332 445.299 630.395 379.71 559.751 439.803 
720.466 445.441 631.479 378.953 561.449 439.923 
720.515 445.441 631.776 378.761 562.158 440.002 
720.56 445.45 632.34 378.496 562.878 440.119 
720.585 445.475 632.833 378.246 563.944 440.478 
720.587 445.495 632.962 378.179 564.292 440.466 
720.6 445.488 633.164 378.061 564.669 440.565 
720.578 445.48 633.312 378.029 565.071 440.647 
720.574 445.472 633.398 378.009 565.206 440.698 
720.552 445.47 633.496 377.949 565.475 440.743 
720.529 445.432 633.837 377.622 566.233 440.901 
720.525 445.408 634.017 377.519 566.467 440.888 
720.503 445.303 634.342 377.316 566.935 440.833 
720.54 445.244 634.975 376.788 568.059 440.893 
720.562 445.213 635.224 376.55 568.516 440.808 
720.592 445.171 635.69 376.19 569.075 440.709 
720.668 444.951 636.33 375.7 570.26 440.597 
720.708 444.914 636.624 375.492 570.595 440.578 
720.733 444.855 637.057 375.23 571.341 440.563 
720.783 444.673 637.688 374.803 572.385 440.644 
720.783 444.615 637.904 374.673 572.718 440.559 
720.804 444.545 638.36 374.347 573.366 440.643 
720.888 444.497 639.058 374.098 574.371 440.617 
720.904 444.495 639.272 373.993 574.718 440.748 
720.991 444.391 639.64 373.761 575.364 440.766 
721.061 444.362 640.495 373.378 576.461 440.508 
721.13 444.338 640.843 373.227 576.983 440.504 
721.171 444.3 641.517 372.912 577.914 440.486 
721.265 444.189 642.793 372.275 579.475 440.358 
721.322 444.149 643.237 372.069 579.919 440.28 
721.505 444.063 643.857 371.88 580.674 440.082 
721.853 443.87 644.543 371.673 581.366 440.055 
722.008 443.832 644.8 371.708 581.595 440.062 
722.166 443.872 645.069 371.706 581.839 440.156 
722.241 443.897 645.356 371.724 582.497 440.369 
722.223 443.902 645.449 371.777 582.709 440.546 
722.194 443.901 645.575 371.82 582.946 440.566 
722.183 443.876 645.693 371.986 582.905 440.482 
722.206 443.883 645.733 372.034 582.912 440.517 
722.205 443.926 645.777 372.122 582.996 440.626 
722.125 444.114 646.024 372.12 583.353 440.698 
722.087 444.122 646.256 372.075 583.677 440.745 
722.105 444.127 646.627 371.97 584.348 440.693 
722.169 444.123 647.501 371.573 585.185 440.476 
722.221 444.131 647.83 371.405 585.554 440.422 
722.331 444.134 648.13 371.266 585.766 440.372 
722.54 444.069 648.304 371.277 586.087 440.484 
722.563 444.09 648.318 371.31 586.178 440.56 
722.562 444.105 648.323 371.344 586.273 440.647 
722.531 444.091 648.205 371.368 586.116 440.726 
722.532 444.083 648.074 371.406 585.916 440.735 
722.54 444.074 647.619 371.583 585.676 441.082 
722.564 444.056 646.604 371.978 585.194 441.979 
722.549 444.052 646.347 372.026 585.074 442.182 
722.518 444.041 646.011 372.102 584.996 442.355 
722.356 443.903 646.08 371.963 585.143 442.279 
722.327 443.861 646.266 371.829 585.196 442.185 
722.319 443.791 646.38 371.599 585.349 441.889 
722.371 443.738 646.405 371.485 585.462 441.865 
722.386 443.744 646.39 371.507 585.498 441.881 
722.393 443.765 646.395 371.513 585.541 441.927 
722.334 443.801 646.576 371.362 585.625 441.79 
722.333 443.804 646.686 371.284 585.713 441.678 
722.317 443.831 646.954 371.089 585.826 441.404 
722.341 443.86 647.297 371.001 586.117 441.203 
722.352 443.884 647.465 370.954 586.284 441.148 
722.404 443.9 647.579 370.929 586.379 440.924 
722.44 443.923 647.568 371.093 586.389 440.832 
722.452 443.932 647.474 371.113 586.343 440.905 
722.448 444.112 647.328 371.353 586.26 441.219 
722.529 444.045 646.894 371.628 585.943 441.786 
722.516 444.031 646.675 371.805 585.837 442.013 
722.442 444.12 646.457 371.925 585.573 442.17 
722.407 444.117 646.184 371.993 585.351 442.371 
722.388 443.96 645.984 372.04 585.152 442.502 
722.363 443.944 645.805 372.035 584.957 442.541 
722.351 443.861 645.523 372.073 584.572 442.455 
722.341 443.832 645.4 372.116 584.339 442.427 
722.339 443.817 645.078 372.371 583.743 442.266 
722.401 443.9 644.516 372.605 582.963 442.634 
722.411 443.939 644.305 372.693 582.751 442.777 
722.35 443.961 644.041 372.806 582.527 443.073 
722.294 443.941 643.846 372.778 582.407 443.138 
722.255 443.918 643.874 372.737 582.311 443.077 
722.226 443.915 643.819 372.734 582.015 442.709 
722.19 443.961 643.546 372.856 581.028 442.082 
722.157 444.129 643.299 372.984 580.541 442.012 
722.152 444.162 642.848 373.302 579.436 441.796 
722.129 444.192 641.938 373.884 577.946 441.921 
722.096 444.221 641.306 374.252 576.859 442.074 
722.033 444.236 640.628 374.592 575.922 442.33 
721.912 444.238 639.941 375.065 574.907 442.293 
721.85 444.267 639.564 375.222 574.14 442.155 
721.793 444.288 639.169 375.495 573.553 441.947 
721.776 444.286 638.723 375.757 572.65 441.624 
721.786 444.286 638.363 375.985 571.896 441.595 
721.823 444.238 637.934 376.369 571.262 441.637 
721.806 444.24 637.352 376.771 570.258 441.695 
721.83 444.233 637.001 377.015 569.723 441.793 
721.799 444.254 636.639 377.33 568.981 441.772 
721.767 444.304 635.961 377.903 567.834 441.562 
721.727 444.326 635.626 378.082 567.411 441.43 
721.729 444.333 635.25 378.273 566.751 441.436 
721.691 444.498 634.703 378.693 565.824 441.368 
721.69 444.529 634.447 378.863 565.435 441.462 
721.664 444.552 634.094 379.093 564.981 441.404 
721.638 444.579 633.812 379.29 564.357 441.125 
721.63 444.589 633.552 379.435 563.758 440.954 
721.637 444.609 633.255 379.687 563.301 440.875 
721.671 444.638 632.707 380.07 562.19 440.816 
721.674 444.658 632.522 380.222 561.862 440.715 
721.678 444.674 632.152 380.561 561.286 440.704 
721.661 444.688 631.692 380.801 560.566 440.515 
721.647 444.679 631.561 380.891 560.371 440.437 
721.613 444.678 631.29 381.019 559.854 440.38 
721.538 444.606 631.083 381.145 559.512 440.394 
721.506 444.604 630.654 381.376 558.672 440.283 
721.499 444.61 630.351 381.584 558.362 440.223 
721.484 444.602 630.074 381.807 557.655 440.076 
721.482 444.619 629.487 382.304 556.695 439.892 
721.466 444.634 629.273 382.488 556.163 439.881 
721.462 444.623 628.91 382.821 555.622 439.761 
721.442 444.618 628.46 383.164 554.624 439.76 
721.429 444.608 628.145 383.424 554.317 439.697 
721.395 444.59 627.9 383.602 553.722 439.469 
721.368 444.57 627.473 383.986 552.964 439.313 
721.364 444.567 627.312 384.107 552.631 439.236 
721.359 444.532 627.05 384.314 552.057 439.23 
721.365 444.517 626.503 384.709 551.18 439.115 
721.391 444.536 626.357 384.82 550.88 438.984 
721.409 444.555 626.008 385.025 550.491 438.964 
721.511 444.538 625.691 385.266 549.716 438.777 
721.579 444.604 625.5 385.364 549.485 438.635 
721.628 444.611 625.265 385.558 549.224 438.668 
721.706 444.629 624.996 385.862 548.594 438.541 
721.739 444.62 624.87 385.997 548.344 438.48 
721.775 444.641 624.62 386.306 547.844 438.361 
721.783 444.673 624.15 386.793 547.005 438.199 
721.783 444.69 623.921 387.053 546.646 438.19 
721.764 444.711 623.65 387.332 545.986 438.071 
721.761 444.817 623.126 387.902 545.099 437.987 
721.732 444.734 622.922 388.056 544.672 438.002 
721.707 444.717 622.572 388.411 544.166 437.944 
721.595 444.622 622.081 388.892 543.201 437.686 
721.575 444.622 621.859 389.164 542.883 437.709 
721.553 444.61 621.582 389.426 542.39 437.466 
721.542 444.599 621.101 390.005 541.457 437.436 
721.537 444.571 620.965 390.123 541.257 437.412 
721.525 444.526 620.677 390.29 540.894 437.388 
721.497 444.447 620.268 390.755 540.135 437.352 
721.478 444.415 620.126 390.919 539.824 437.228 
721.459 444.379 619.915 391.194 539.37 437.033 
721.468 444.288 619.52 391.735 538.673 436.925 
721.46 444.275 619.37 392.016 538.379 436.873 
721.459 444.24 619.066 392.332 537.922 436.866 
721.438 444.207 618.639 392.769 537.219 436.854 
721.431 444.198 618.456 392.974 537.015 436.84 
721.434 444.177 618.276 393.197 536.561 436.761 
721.41 444.16 617.768 393.727 535.659 436.482 
721.397 444.164 617.596 393.965 535.246 436.468 
721.386 444.175 617.261 394.368 534.878 436.483 
721.369 444.22 616.83 394.828 533.998 436.369 
721.369 444.215 616.62 395.025 533.75 436.339 
721.348 444.201 616.266 395.407 533.258 436.277 
721.328 444.249 615.923 395.796 532.589 436.159 
721.31 444.242 615.803 395.95 532.436 436.178 
721.302 444.258 615.671 396.119 532.192 436.205 
721.267 444.283 615.449 396.408 531.884 436.143 
721.281 444.279 615.385 396.498 531.674 436.139 
721.271 444.301 615.221 396.683 531.43 435.96 
721.271 444.39 614.974 397.198 530.993 436.021 
721.286 444.411 614.876 397.369 530.863 436.026 
721.28 444.469 614.713 397.707 530.583 436.091 
721.313 444.568 614.337 398.288 529.944 435.992 
721.319 444.593 614.206 398.528 529.649 435.956 
721.285 444.642 613.843 399.084 529.133 435.913 
721.258 444.771 613.251 400.033 528.189 435.938 
721.233 444.8 613.072 400.386 527.851 436.041 
721.216 444.845 612.72 401.019 527.159 436.136 
721.183 444.893 612.18 401.957 526.31 436.366 
721.168 444.915 611.944 402.258 525.952 436.355 
721.111 444.935 611.677 402.888 525.444 436.244 
721.076 444.971 611.192 403.703 524.651 436.349 
721.074 444.967 611.04 404.096 524.402 436.455 
721.062 444.997 610.828 404.528 523.871 436.437 
721.037 445.014 610.346 405.529 523.033 436.637 
721.024 445.012 610.061 406.07 522.721 436.746 
720.991 445.051 609.67 406.954 521.876 436.951 
720.983 445.07 609.043 408.584 520.929 437.573 
720.963 445.071 608.776 409.218 520.474 438.003 
720.938 445.1 608.309 410.079 519.872 438.275 
720.795 445.343 607.652 411.21 518.995 438.788 
720.712 445.347 607.463 411.558 518.781 439.001 
720.627 445.373 607.222 411.973 518.504 439.18 
720.508 445.392 606.695 412.565 518.0 439.461 
720.494 445.383 606.66 412.731 517.869 439.566 
720.487 445.38 606.715 412.895 517.749 439.649 
720.512 445.388 606.587 413.471 517.578 439.791 
720.508 445.389 606.539 413.736 517.456 439.892 
720.535 445.39 606.465 414.116 517.291 439.995 
720.55 445.405 606.236 414.971 516.775 440.445 
720.542 445.395 606.094 415.279 516.582 440.578 
720.529 445.397 605.984 415.659 516.254 440.749 
720.476 445.385 605.504 416.268 515.964 440.972 
720.46 445.376 605.594 416.445 515.865 441.035 
720.391 445.243 605.523 416.763 515.7 441.132 
720.37 445.232 605.441 417.291 515.298 441.288 
720.378 445.229 605.403 417.586 515.175 441.318 
720.375 445.223 605.239 418.295 514.847 441.376 
720.387 445.225 604.974 419.78 514.15 441.606 
720.396 445.258 604.762 420.602 513.687 441.754 
720.378 445.248 604.376 421.808 513.229 442.175 
720.35 445.284 604.17 423.827 512.305 442.891 
720.331 445.399 603.825 424.587 512.024 443.217 
720.311 445.302 603.659 425.41 511.67 443.334 
720.252 445.303 603.718 425.942 511.398 443.42 
720.275 445.426 603.717 425.928 511.397 443.427 
720.281 445.439 603.774 425.719 511.463 443.511 
720.295 445.413 603.789 425.288 511.62 443.164 
720.308 445.402 603.811 425.193 511.641 443.097 
720.298 445.407 603.655 425.19 511.657 443.04 
720.278 445.392 603.66 425.218 511.758 443.364 
720.243 445.281 603.623 425.196 511.752 443.456 
720.245 445.298 603.625 424.935 511.739 443.713 
720.216 445.316 603.709 424.054 512.002 443.942 
720.194 445.303 603.828 423.431 512.224 443.895 
720.183 445.348 603.909 422.527 512.641 443.859 
720.153 445.337 604.16 421.102 513.149 443.385 
720.158 445.344 604.278 420.611 513.435 443.32 
720.149 445.347 604.519 419.714 513.769 443.117 
720.108 445.338 604.607 418.67 514.438 442.774 
720.107 445.341 604.919 418.151 514.579 442.542 
720.102 445.346 605.106 417.406 514.913 442.266 
720.109 445.368 605.463 416.097 515.602 441.718 
720.094 445.383 605.625 415.485 515.892 441.472 
720.089 445.381 605.914 414.579 516.396 441.085 
720.043 445.363 606.477 412.982 517.351 440.542 
720.063 445.383 606.711 412.32 517.637 440.331 
720.084 445.384 607.028 411.404 518.352 439.949 
720.141 445.38 607.78 409.589 519.423 439.474 
720.199 445.494 608.04 408.944 519.964 439.155 
720.23 445.491 608.517 407.809 520.578 438.737 
720.253 445.493 609.353 406.171 521.951 438.222 
720.248 445.506 609.72 405.449 522.47 437.986 
720.234 445.497 610.187 404.512 523.183 437.593 
720.212 445.493 610.921 402.838 524.4 437.192 
720.206 445.487 611.131 402.234 525.004 437.135 
720.199 445.498 611.338 401.452 525.683 437.22 
720.18 445.506 612.06 400.29 526.669 437.042 
720.198 445.508 612.245 399.916 527.118 437.08 
720.196 445.495 612.468 399.473 527.524 437.046 
720.185 445.362 612.764 399.009 528.058 437.102 
720.176 445.346 612.816 398.924 528.192 437.242 
720.146 445.341 612.913 398.733 528.324 437.339 
720.13 445.318 612.985 398.473 528.64 437.514 
720.117 445.32 613.025 398.384 528.789 437.588 
720.093 445.315 613.054 398.256 529.042 437.605 
720.046 445.308 613.182 397.93 529.406 437.671 
720.036 445.32 613.249 397.767 529.63 437.841 
720.022 445.315 613.378 397.303 529.917 437.879 
719.979 445.301 613.653 396.67 530.54 437.863 
719.976 445.304 613.796 396.425 530.904 438.063 
719.962 445.294 613.955 396.092 531.317 438.098 
719.964 445.285 614.355 395.467 532.018 438.106 
719.951 445.274 614.573 395.086 532.614 438.168 
719.94 445.276 614.89 394.523 533.217 438.077 
719.928 445.275 615.549 393.702 534.367 438.14 
719.924 445.263 615.783 393.361 534.831 438.092 
719.937 445.25 616.203 392.725 535.701 438.159 
719.924 445.21 616.742 392.075 536.69 438.313 
719.917 445.206 617.201 391.469 537.439 438.269 
719.905 445.196 617.648 390.906 538.146 438.233 
719.911 445.183 618.162 390.334 539.06 438.265 
719.911 445.18 618.499 389.97 539.772 438.4 
719.911 445.17 618.826 389.58 540.238 438.423 
719.912 445.172 619.231 389.225 541.166 438.582 
719.895 445.17 619.636 388.753 541.717 438.629 
719.879 445.178 619.918 388.404 542.501 438.676 
719.877 445.181 620.556 387.852 543.545 438.636 
719.876 445.186 621.008 387.271 544.246 438.686 
719.893 445.198 621.54 386.699 545.289 438.716 
719.918 445.214 622.325 386.023 546.577 438.81 
719.939 445.208 622.844 385.485 547.621 438.838 
719.96 445.202 623.55 384.923 548.698 438.769 
719.984 445.189 624.385 384.074 550.137 438.847 
719.991 445.079 624.981 383.547 551.339 439.05 
719.999 445.046 625.676 382.918 552.283 438.974 
719.986 444.9 626.431 382.237 553.71 439.134 
719.986 444.814 627.044 381.841 554.697 439.204 
720.014 444.728 627.491 381.466 555.561 439.382 
720.006 444.571 627.998 381.1 556.629 439.495 
720.004 444.538 628.13 381.022 556.923 439.567 
720.004 444.517 628.346 380.968 557.233 439.686 
720.018 444.534 628.545 380.906 557.731 439.994 
720.021 444.539 628.59 380.903 557.959 440.074 
720.011 444.536 628.685 380.864 558.177 440.257 
720.002 444.543 628.954 380.662 558.892 440.396 
720.001 444.555 629.189 380.431 559.348 440.384 
719.997 444.584 629.614 380.09 560.023 440.512 
719.994 444.56 630.358 379.372 561.428 440.509 
720.001 444.538 630.749 379.116 561.993 440.477 
720.022 444.483 631.231 378.739 562.84 440.594 
720.087 444.352 632.054 378.189 564.109 440.531 
720.103 444.295 632.331 377.934 564.608 440.582 
720.143 444.023 632.627 377.715 565.041 440.546 
720.195 443.675 632.937 377.52 565.766 440.756 
720.19 443.601 633.088 377.378 566.005 440.792 
720.166 443.397 633.387 377.271 566.307 440.826 
720.123 443.21 633.74 376.986 567.118 440.915 
720.07 443.165 633.862 376.888 567.397 440.93 
720.054 443.141 634.138 376.718 567.768 440.9 
720.123 443.267 634.887 376.286 568.909 440.829 
720.139 443.334 635.225 376.065 569.409 440.687 
720.237 443.417 635.871 375.761 570.322 440.585 
720.388 443.454 636.836 375.22 571.735 440.522 
720.524 443.463 637.723 374.713 573.044 440.47 
720.582 443.445 638.708 374.194 574.344 440.438 
720.736 443.458 640.228 373.334 576.47 440.153 
720.809 443.45 640.552 373.182 576.833 440.093 
721.071 443.367 641.572 372.651 578.252 439.914 
721.303 443.27 642.26 372.293 579.215 439.984 
721.518 443.031 642.911 371.98 580.351 440.178 
721.57 443.005 643.062 371.93 580.562 440.083 
721.646 442.967 643.148 371.93 580.73 440.024 
721.678 442.946 643.146 371.973 580.709 440.062 
721.671 442.947 643.124 371.989 580.704 440.075 
721.645 442.937 643.115 372.031 580.718 440.094 
721.581 442.914 643.239 371.954 580.784 439.919 
721.574 442.911 643.308 371.926 580.804 439.868 
721.558 442.914 643.455 371.89 580.982 439.838 
721.544 442.976 644.099 371.634 581.959 440.024 
721.543 442.987 644.484 371.326 582.387 439.884 
721.586 443.014 645.093 371.084 583.052 439.645 
721.698 443.03 645.884 370.707 583.82 439.474 
721.777 443.01 645.981 370.668 583.941 439.456 
721.88 442.999 645.93 370.715 583.911 439.575 
721.96 443.083 645.531 371.053 583.742 440.011 
721.84 443.096 645.178 371.293 583.608 440.406 
721.796 443.033 645.03 371.377 583.522 440.571 
721.697 442.999 644.631 371.55 583.264 440.77 
721.658 442.939 644.219 371.644 582.906 440.996 
721.658 442.922 644.019 371.744 582.627 441.119 
721.67 442.933 643.537 371.977 582.221 441.43 
721.678 442.942 643.25 372.142 581.971 441.614 
721.705 442.96 643.165 372.198 581.917 441.677 
721.701 442.982 643.104 372.229 581.925 441.74 
721.697 442.996 643.101 372.243 581.946 441.674 
721.708 443.012 643.121 372.212 581.952 441.654 
721.719 443.008 643.024 372.263 581.886 441.648 
721.7 443.026 642.781 372.341 581.709 441.858 
721.705 443.043 642.706 372.414 581.581 441.915 
721.7 443.073 642.463 372.632 581.198 442.058 
721.707 443.29 642.233 372.723 580.996 442.168 
721.694 443.331 642.121 372.821 580.861 442.17 
721.657 443.428 641.98 372.897 580.594 442.098 
721.679 443.577 641.365 373.21 579.607 442.064 
721.666 443.592 641.292 373.318 579.486 442.072 
721.641 443.654 640.888 373.458 578.907 442.17 
721.634 443.783 640.542 373.735 578.281 441.972 
721.526 444.029 640.052 373.964 577.512 441.969 
721.515 444.046 639.948 374.022 577.173 441.825 
721.425 444.128 639.377 374.338 576.305 441.757 
721.406 444.189 638.942 374.588 575.574 441.809 
721.356 444.253 638.072 375.107 574.204 441.68 
721.344 444.292 637.732 375.346 573.737 441.706 
721.351 444.317 637.334 375.665 572.845 441.557 
721.344 444.331 636.505 376.281 571.328 441.436 
721.303 444.326 636.197 376.528 570.628 441.441 
721.314 444.335 635.574 376.944 569.641 441.208 
721.281 444.366 634.694 377.737 567.765 441.059 
721.281 444.379 634.278 378.031 567.216 441.036 
721.264 444.469 633.775 378.381 566.212 440.898 
721.223 444.566 633.007 378.89 564.996 440.799 
721.211 444.59 632.726 379.065 564.533 440.698 
721.174 444.614 632.396 379.274 563.878 440.678 
721.152 444.641 631.92 379.604 562.839 440.581 
721.162 444.636 631.691 379.787 562.283 440.34 
721.151 444.653 631.271 380.188 561.487 440.281 
721.21 444.781 630.446 380.753 559.944 440.062 
721.203 444.796 630.158 381.039 559.517 440.081 
721.2 444.825 629.737 381.381 558.718 440.158 
721.176 444.845 629.147 381.818 557.808 440.027 
721.166 444.843 628.973 381.899 557.408 439.988 
721.132 444.882 628.67 382.105 556.889 439.713 
721.119 444.88 628.109 382.531 555.686 439.543 
721.124 444.877 627.848 382.742 555.16 439.486 
721.089 444.901 627.388 383.248 554.213 439.272 
721.145 444.927 626.55 383.985 552.847 439.138 
721.101 444.945 626.259 384.251 552.302 439.118 
721.099 444.97 625.873 384.558 551.57 439.124 
721.092 444.983 625.209 385.127 550.329 438.885 
721.089 445.001 624.978 385.335 549.797 438.894 
721.086 444.985 624.534 385.725 549.184 438.666 
721.067 444.983 623.899 386.35 547.939 438.495 
721.069 444.989 623.694 386.577 547.578 438.514 
721.064 445.01 623.33 386.997 546.89 438.419 
721.067 445.009 622.656 387.683 545.553 438.243 
721.073 445.015 622.382 388.062 544.987 438.024 
721.079 445.025 621.916 388.686 543.896 437.981 
721.079 445.015 620.95 389.69 542.231 437.743 
721.069 445.008 620.542 390.118 541.628 437.77 
721.055 445.028 620.072 390.578 540.953 437.667 
720.992 445.023 619.528 391.174 539.965 437.589 
720.974 445.027 619.338 391.405 539.68 437.546 
720.955 445.026 618.999 391.798 539.06 437.322 
720.945 444.996 618.41 392.555 537.768 437.073 
720.97 445.004 618.112 392.973 537.335 436.929 
720.985 445.0 617.561 393.577 536.508 436.952 
720.985 445.025 616.819 394.451 535.234 436.867 
720.966 445.036 616.541 394.762 534.809 436.874 
720.949 445.044 616.056 395.273 534.044 436.785 
720.946 445.036 615.47 396.073 533.048 436.72 
720.932 445.014 615.242 396.447 532.497 436.598 
720.922 445.001 614.793 397.009 531.797 436.647 
720.922 444.989 614.221 397.853 530.915 436.641 
720.954 445.0 613.723 398.555 530.023 436.529 
720.954 444.99 613.284 399.246 529.34 436.54 
720.981 444.974 612.444 400.51 527.961 436.461 
720.997 444.967 612.1 401.111 527.271 436.448 
721.003 444.942 611.622 401.954 526.545 436.547 
720.986 444.922 610.843 403.358 525.182 436.683 
720.974 444.902 610.523 403.915 524.542 436.689 
720.946 444.894 610.05 404.85 523.61 436.643 
720.853 444.856 609.144 406.621 522.141 437.015 
720.813 444.838 608.777 407.361 521.621 437.353 
720.748 444.837 608.136 408.649 520.674 437.972 
720.595 444.771 607.063 410.859 519.116 438.84 
720.566 444.784 606.755 411.622 518.598 439.285 
720.518 444.804 606.361 412.873 517.869 439.746 
720.448 444.804 605.698 414.554 516.805 440.518 
720.404 444.872 605.505 415.126 516.43 440.789 
720.38 444.855 605.285 416.05 515.941 441.16 
720.377 444.867 604.892 417.443 515.314 441.563 
720.374 444.872 604.812 417.83 514.989 441.895 
720.39 444.886 604.706 418.439 514.758 442.097 
720.393 444.879 604.552 419.555 514.341 442.497 
720.389 444.888 604.465 419.999 514.145 442.68 
720.395 444.889 604.134 420.82 513.913 442.863 
720.385 444.892 604.058 421.823 513.329 443.166 
720.375 444.905 604.01 422.267 513.198 443.258 
720.363 444.894 603.926 422.808 512.907 443.321 
720.365 444.912 603.748 424.087 512.369 443.527 
720.373 444.918 603.624 424.691 512.188 443.593 
720.367 445.007 603.526 425.398 511.786 443.661 
720.373 444.925 603.289 426.974 511.314 443.907 
720.364 444.92 603.209 427.601 510.976 443.912 
720.35 444.929 603.088 428.423 510.645 443.989 
720.335 444.927 602.937 430.034 510.112 444.022 
720.312 444.932 602.6 430.747 509.952 444.017 
720.329 444.925 602.675 431.478 509.605 444.009 
720.297 445.034 602.655 432.376 509.304 443.981 
720.291 445.032 602.443 433.071 509.141 443.983 
720.298 445.063 602.554 433.557 509.011 444.03 
720.26 445.003 602.572 434.156 508.898 444.014 
720.275 445.021 602.576 434.593 508.729 443.927 
720.274 445.04 602.525 434.977 508.673 443.796 
720.352 445.185 602.557 435.495 508.625 443.786 
720.327 445.1 602.556 435.76 508.608 443.794 
720.273 445.033 602.587 435.955 508.592 443.807 
720.32 445.1 602.587 436.09 508.561 443.827 
720.288 445.043 602.601 436.181 508.572 443.811 
720.343 445.078 602.615 436.276 508.568 443.741 
720.286 445.002 602.621 436.907 508.474 443.544 
720.339 445.066 602.444 437.227 508.463 443.544 
720.29 445.007 602.644 437.398 508.347 443.699 
720.324 445.097 602.447 437.453 508.327 443.924 
720.276 445.014 602.363 437.439 508.291 444.135 
720.262 445.014 602.406 437.494 508.24 444.084 
720.313 445.071 602.46 437.658 508.268 444.056 
720.323 445.076 602.472 437.879 508.268 444.107 
720.287 445.025 602.466 438.022 508.259 444.135 
720.308 445.134 602.474 438.128 508.266 444.076 
720.354 445.108 602.467 438.164 508.28 444.046 
720.362 445.107 602.509 438.231 508.294 444.001 
720.394 445.191 602.52 438.352 508.327 443.824 
720.402 445.187 602.508 438.367 508.345 443.834 
720.387 445.191 602.495 438.364 508.333 443.895 
720.375 445.106 602.494 438.332 508.269 444.11 
720.365 445.105 602.487 438.27 508.264 444.194 
720.388 445.195 602.516 438.112 508.27 444.322 
720.382 445.199 602.465 437.651 508.384 444.533 
720.31 445.165 602.511 437.26 508.491 444.818 
720.285 445.167 602.505 436.924 508.531 444.906 
720.247 445.175 602.562 435.826 508.703 445.15 
720.254 445.178 602.553 435.23 508.776 445.387 
720.233 445.192 602.534 434.007 509.07 445.678 
720.162 445.212 602.522 431.278 509.809 445.539 
720.118 445.188 602.515 430.38 510.12 445.226 
720.093 445.185 602.708 428.846 510.494 444.9 
720.089 445.095 603.053 426.183 511.624 444.65 
720.069 445.179 603.142 425.641 511.817 444.597 
720.053 445.162 603.481 423.725 512.768 444.147 
720.033 445.09 603.8 422.367 513.306 443.505 
720.066 445.072 604.425 419.982 514.621 443.021 
720.099 445.081 604.556 419.136 515.155 442.869 
720.112 445.103 605.228 417.804 515.81 442.271 
720.141 445.211 605.988 415.703 517.116 441.515 
720.181 445.22 606.303 414.94 517.529 441.276 
720.195 445.244 606.783 413.91 518.309 440.775 
720.22 445.283 607.557 411.868 519.624 440.34 
720.213 445.291 607.863 411.1 520.107 440.034 
720.226 445.307 608.363 409.941 521.006 439.794 
720.234 445.311 609.096 408.276 522.259 439.239 
720.24 445.289 609.388 407.708 522.649 439.001 
720.252 445.294 609.864 406.917 523.366 438.77 
720.235 445.26 610.546 405.462 524.725 438.534 
720.232 445.253 610.803 404.856 525.266 438.409 
720.222 445.207 611.199 403.991 526.185 438.279 
720.242 445.105 612.001 402.6 527.609 438.291 
720.241 445.092 612.289 402.144 528.152 438.379 
720.239 444.972 612.692 401.457 528.968 438.326 
720.255 444.96 613.286 400.63 530.07 438.488 
720.267 444.95 613.504 400.233 530.521 438.509 
720.268 444.964 613.851 399.785 531.087 438.617 
720.267 445.073 614.327 399.097 532.196 438.765 
720.265 445.065 614.554 398.688 532.59 438.73 
720.265 445.09 614.928 398.162 533.229 438.676 
720.246 445.092 615.502 397.144 534.546 438.73 
720.209 445.013 615.791 396.658 534.964 438.663 
720.239 445.072 616.232 395.982 535.9 438.604 
720.217 444.959 617.089 394.704 537.409 438.464 
720.165 444.868 617.479 394.184 538.171 438.537 
720.168 444.828 618.053 393.456 538.991 438.401 
720.168 444.855 618.883 392.146 540.856 438.393 
720.169 444.834 619.457 391.63 541.491 438.434 
720.176 444.825 619.925 390.923 542.513 438.35 
720.194 444.791 620.798 389.953 544.046 438.258 
720.19 444.784 621.13 389.56 544.758 438.252 
720.185 444.806 621.613 388.888 545.589 438.419 
720.19 444.816 622.54 387.983 547.231 438.561 
720.189 444.824 622.932 387.603 547.908 438.504 
720.194 444.83 623.567 387.049 549.052 438.467 
720.22 444.844 624.658 385.999 550.885 438.706 
720.238 444.86 625.044 385.677 551.662 438.687 
720.321 444.839 625.736 385.161 552.731 438.893 
720.406 444.873 626.556 384.397 554.228 439.069 
720.416 444.878 626.886 384.121 554.795 439.16 
720.482 444.79 627.288 383.939 555.456 439.25 
720.492 444.765 627.724 383.677 556.11 439.423 
720.46 444.86 627.858 383.629 556.369 439.435 
720.442 444.847 628.132 383.518 556.895 439.597 
720.357 444.853 628.54 383.19 557.624 439.764 
720.357 444.845 628.71 383.036 558.082 439.768 
720.337 444.832 629.019 382.755 558.662 439.961 
720.359 444.838 629.758 381.985 559.879 439.888 
720.413 444.815 630.09 381.588 560.547 439.869 
720.477 444.754 630.622 381.156 561.318 439.819 
720.539 444.749 631.536 380.213 562.897 439.615 
720.555 444.737 631.929 379.728 563.535 439.611 
720.582 444.731 632.411 379.23 564.537 439.557 
720.578 444.686 633.414 378.132 566.12 439.411 
720.583 444.665 633.842 377.825 566.712 439.351 
720.58 444.623 634.454 377.242 567.813 439.339 
720.599 444.512 635.464 376.254 569.572 439.283 
720.614 444.467 635.959 375.978 570.327 439.15 
720.652 444.41 636.68 375.44 571.55 439.075 
720.883 444.213 638.035 374.557 573.347 438.856 
720.944 444.149 638.576 374.218 574.067 438.684 
721.071 444.054 639.375 373.827 575.1 438.555 
721.39 443.81 640.577 373.252 576.527 438.269 
721.518 443.605 640.95 373.069 576.969 438.21 
721.608 443.57 641.511 372.735 577.879 438.281 
721.682 443.553 642.215 372.241 578.923 438.152 
721.696 443.557 642.43 372.167 579.273 438.113 
721.693 443.549 642.553 371.99 579.739 438.198 
721.638 443.534 642.66 371.884 580.506 438.565 
721.604 443.505 642.675 371.787 580.693 438.654 
721.542 443.448 642.74 371.731 580.887 438.695 
721.459 443.396 643.081 371.568 581.299 438.635 
721.454 443.393 643.183 371.527 581.406 438.616 
721.465 443.374 643.321 371.474 581.458 438.495 
721.564 443.378 643.422 371.586 581.182 438.278 
721.615 443.4 643.314 371.63 581.12 438.343 
721.676 443.464 643.197 371.792 581.116 438.546 
721.671 443.553 643.079 371.956 581.146 438.945 
721.649 443.566 643.111 371.946 581.225 438.862 
721.607 443.567 643.275 371.864 581.514 438.745 
721.552 443.524 643.797 371.587 582.323 438.743 
721.531 443.492 644.061 371.384 582.609 438.735 
721.523 443.45 644.324 371.236 583.012 438.625 
721.603 443.426 644.379 371.218 582.856 438.511 
721.646 443.45 644.245 371.303 582.768 438.63 
721.686 443.504 643.977 371.531 582.646 439.017 
721.684 443.551 643.531 371.859 582.593 439.573 
721.669 443.55 643.43 371.892 582.557 439.63 
721.629 443.537 643.412 371.851 582.556 439.63 
721.552 443.452 643.425 371.753 582.593 439.556 
721.543 443.428 643.375 371.74 582.586 439.573 
721.532 443.396 643.221 371.8 582.488 439.683 
721.541 443.342 642.871 372.029 582.086 439.975 
721.558 443.33 642.668 372.196 581.84 439.996 
721.587 443.317 642.377 372.368 581.556 440.399 
721.658 443.328 641.922 372.782 581.158 440.728 
721.664 443.351 641.779 372.908 581.013 440.846 
721.699 443.428 641.611 373.133 580.854 441.013 
721.736 443.537 641.471 373.245 580.725 441.125 
721.764 443.577 641.395 373.296 580.674 441.221 
721.788 443.69 641.347 373.319 580.491 441.207 
721.734 443.624 641.123 373.406 579.958 441.177 
721.764 443.751 641.005 373.484 579.673 441.167 
721.748 443.774 640.751 373.673 579.216 441.23 
721.719 443.818 640.063 374.196 577.959 441.278 
721.709 443.821 639.729 374.458 577.27 441.259 
721.703 443.832 639.232 374.775 576.342 441.156 
721.705 443.856 638.252 375.429 574.558 441.046 
721.695 443.836 637.859 375.82 573.975 441.098 
721.682 443.847 637.397 376.066 572.986 441.032 
721.666 443.857 636.476 376.709 571.419 440.829 
721.652 443.852 636.132 376.872 570.735 440.722 
721.595 443.943 635.552 377.183 569.672 440.62 
721.568 443.962 634.287 377.937 567.569 440.237 
721.57 443.967 633.841 378.324 566.573 440.168 
721.541 443.981 633.032 378.908 565.215 440.18 
721.489 444.032 631.869 379.804 563.108 439.83 
721.469 444.042 631.525 380.064 562.408 439.943 
721.42 444.047 631.002 380.386 561.536 439.875 
721.362 444.031 630.338 380.96 560.304 439.706 
721.343 444.038 630.129 381.137 559.773 439.748 
721.345 444.03 629.785 381.48 558.919 439.523 
721.365 444.04 628.951 382.172 557.497 439.325 
721.38 444.049 628.688 382.434 556.958 439.21 
721.371 444.082 628.275 382.861 556.165 439.224 
721.332 444.112 627.605 383.581 554.941 439.148 
721.331 444.148 627.442 383.79 554.584 439.025 
721.321 444.177 627.159 384.081 553.966 438.917 
721.32 444.223 626.422 384.734 552.461 438.755 
721.322 444.228 626.108 385.059 551.796 438.583 
721.327 444.269 625.628 385.557 550.869 438.536 
721.372 444.361 624.833 386.412 549.339 438.313 
721.365 444.44 624.516 386.696 548.879 438.344 
721.364 444.458 624.145 387.021 548.075 438.288 
721.354 444.453 623.629 387.456 547.097 438.052 
721.35 444.456 623.268 387.873 546.427 437.845 
721.349 444.438 622.897 388.182 545.581 437.747 
721.338 444.367 622.199 388.877 544.43 437.74 
721.34 444.346 621.93 389.194 544.029 437.663 
721.307 444.338 621.576 389.508 543.292 437.499 
721.314 444.347 621.203 389.932 542.796 437.385 
721.282 444.33 620.825 390.351 541.98 437.284 
721.276 444.344 620.571 390.678 541.631 437.327 
721.304 444.356 620.313 390.987 541.087 437.213 
721.341 444.455 619.699 391.845 539.853 436.958 
721.346 444.478 619.447 392.223 539.354 436.924 
721.366 444.512 618.993 392.771 538.651 436.833 
721.396 444.597 618.304 393.616 537.407 436.784 
721.422 444.627 618.06 394.01 537.053 436.811 
721.409 444.652 617.743 394.372 536.487 436.807 
721.368 444.662 617.178 395.132 535.448 436.638 
721.36 444.655 617.124 395.244 535.31 436.621 
721.32 444.637 616.894 395.569 534.99 436.574 
721.296 444.614 616.586 396.029 534.533 436.488 
721.296 444.634 616.147 396.684 533.781 436.402 
721.291 444.625 616.006 396.947 533.42 436.292 
721.296 444.641 615.554 397.698 532.503 436.285 
721.314 444.653 615.06 398.398 531.65 436.097 
721.29 444.651 614.622 398.986 531.006 436.09 
721.24 444.674 614.219 399.596 530.294 435.862 
721.192 444.689 613.639 400.534 529.357 435.845 
721.123 444.728 613.327 400.966 528.854 435.854 
721.064 444.794 612.701 402.049 527.66 435.811 
720.974 444.811 611.932 403.232 526.583 435.868 
720.967 444.805 611.591 403.984 525.769 435.881 
720.964 444.813 610.622 405.847 524.261 436.121 
720.979 444.838 609.502 408.184 522.708 437.087 
720.977 444.858 609.0 409.509 521.818 437.537 
720.886 444.87 607.948 412.091 520.208 438.492 
720.815 444.899 607.034 414.61 518.754 439.414 
720.787 444.917 606.587 415.759 518.245 439.86 
720.724 444.93 606.013 417.74 517.169 440.815 
720.647 444.936 605.464 419.154 516.28 441.26 
720.626 444.927 605.297 419.698 516.059 441.38 
720.608 444.93 605.095 420.48 515.68 441.602 
720.624 444.92 605.006 420.987 515.442 441.661 
720.593 444.896 604.967 421.275 515.264 441.66 
720.614 444.882 604.842 421.818 515.039 441.759 
720.643 444.853 604.672 422.751 514.696 442.069 
720.62 444.76 604.622 423.299 514.519 442.182 
720.598 444.753 604.289 424.926 513.865 442.626 
720.571 444.743 603.947 426.554 513.202 442.955 
720.558 444.746 603.836 427.326 512.835 443.088 
720.503 444.737 603.386 428.957 512.199 443.397 
720.491 444.734 603.335 430.241 511.758 443.729 
720.49 444.74 603.242 430.814 511.59 443.806 
720.494 444.731 603.181 431.739 511.204 443.845 
720.529 444.725 603.166 432.755 511.025 443.943 
720.524 444.713 603.202 433.113 510.856 443.963 
720.562 444.743 602.953 433.852 510.728 444.097 
720.615 444.879 602.996 434.772 510.577 444.307 
720.638 444.915 603.189 435.004 510.466 444.508 
720.655 444.963 603.174 435.375 510.38 444.656 
720.638 444.995 603.159 435.456 510.334 444.764 
720.583 445.159 603.158 435.503 510.324 444.801 
720.558 445.155 603.141 435.613 510.291 444.85 
720.535 445.166 603.13 435.683 510.293 444.948 
720.527 445.168 603.117 435.685 510.289 444.985 
720.498 445.166 603.092 435.708 510.234 444.982 
720.494 445.183 603.076 435.786 510.196 444.985 
720.488 445.176 603.057 435.827 510.185 444.982 
720.495 445.163 603.059 435.892 510.158 445.01 
720.501 445.158 603.069 435.925 510.163 445.06 
720.521 445.158 603.074 435.926 510.16 445.069 
720.531 445.167 603.089 435.956 510.166 445.095 
720.538 445.177 603.097 435.978 510.161 445.092 
720.553 445.18 603.106 435.972 510.172 445.079 
720.568 445.211 603.107 435.972 510.178 445.047 
720.584 445.215 603.114 435.967 510.181 445.031 
720.574 445.226 603.106 435.981 510.174 445.047 
720.576 445.224 603.101 436.008 510.154 445.061 
720.613 445.253 603.082 436.121 510.122 445.121 
720.604 445.242 603.076 436.138 510.067 445.135 
720.595 445.239 603.075 436.18 510.03 445.178 
720.613 445.26 603.069 436.184 510.015 445.19 
720.624 445.251 603.074 436.193 510.018 445.223 
720.653 445.261 603.073 436.192 510.01 445.297 
720.675 445.275 603.078 436.205 510.018 445.307 
720.693 445.357 603.086 436.207 510.017 445.308 
720.739 445.383 603.079 436.23 510.011 445.325 
720.814 445.408 603.08 436.236 510.015 445.324 
720.817 445.428 603.068 436.246 509.998 445.335 
720.869 445.465 603.069 436.279 509.945 445.368 
720.88 445.508 603.076 436.325 509.926 445.399 
720.899 445.534 603.076 436.353 509.922 445.398 
