682.371 456.559 579.418 414.884 483.689 457.861 
682.385 456.563 579.317 414.944 483.658 457.837 
682.441 456.598 579.23 415.022 483.507 457.819 
682.448 456.602 579.164 415.162 483.382 457.666 
682.44 456.61 579.126 415.192 483.324 457.656 
682.426 456.601 579.123 415.199 483.378 457.63 
682.365 456.56 579.19 415.269 483.488 457.59 
682.367 456.547 579.233 415.316 483.404 457.628 
682.417 456.594 579.327 415.43 483.424 457.725 
682.383 456.737 579.423 415.537 483.309 457.774 
682.418 456.759 579.439 415.569 483.291 457.793 
682.43 456.781 579.445 415.586 483.286 457.83 
682.477 456.816 579.47 415.556 483.366 457.896 
682.48 456.818 579.509 415.494 483.406 457.897 
682.48 456.807 579.75 415.317 483.667 457.886 
682.553 456.711 579.766 414.824 483.948 457.783 
682.444 456.782 579.788 414.637 484.039 457.712 
682.397 456.749 579.78 414.291 484.132 457.628 
682.431 456.619 579.773 413.942 484.055 457.585 
682.411 456.615 579.765 413.916 484.059 457.565 
682.347 456.568 579.731 413.82 484.188 457.467 
682.298 456.544 579.794 413.496 484.522 457.242 
682.283 456.528 579.83 413.302 484.629 457.185 
682.077 456.626 580.14 412.77 485.048 456.912 
682.071 456.632 580.168 412.218 485.324 456.772 
682.317 456.525 580.491 411.287 486.063 456.517 
682.325 456.527 580.586 410.992 486.332 456.422 
682.355 456.517 580.85 410.65 486.93 456.306 
682.346 456.501 581.376 410.187 487.657 456.378 
682.349 456.469 581.517 410.084 487.906 456.389 
682.244 456.474 581.755 409.785 488.395 456.335 
682.225 456.428 582.062 409.318 489.097 456.314 
682.192 456.433 582.234 408.99 489.463 456.223 
682.183 456.417 582.592 408.423 490.138 456.007 
682.152 456.408 583.259 407.239 491.392 455.862 
682.153 456.387 583.572 406.662 492.223 455.644 
682.158 456.381 584.055 405.894 493.206 455.455 
682.181 456.343 585.001 404.507 494.993 455.412 
682.182 456.331 585.409 403.976 495.706 455.442 
682.195 456.31 585.885 403.413 496.712 455.43 
682.191 456.203 586.804 402.456 498.52 455.542 
682.198 456.192 587.138 402.163 499.156 455.715 
682.229 456.168 587.497 401.791 499.924 455.79 
682.192 456.171 588.242 401.049 501.429 455.789 
682.207 456.196 588.592 400.71 501.93 455.762 
682.195 456.186 588.979 400.273 502.896 455.772 
682.195 456.211 589.779 399.31 504.46 455.879 
682.191 456.213 590.108 398.979 505.061 455.969 
682.212 456.215 590.542 398.451 506.09 455.941 
682.245 456.234 591.528 397.485 507.892 455.777 
682.278 456.3 591.833 397.141 508.38 455.804 
682.315 456.224 592.348 396.662 509.427 455.937 
682.358 456.218 593.276 395.875 511.04 456.033 
682.369 456.218 593.599 395.635 511.591 456.032 
682.434 456.291 594.172 395.208 512.566 455.927 
682.421 456.331 595.125 394.364 514.081 455.998 
682.434 456.33 595.477 393.981 514.749 456.068 
682.425 456.354 596.226 393.401 515.932 456.21 
682.456 456.357 597.235 392.457 517.919 456.188 
682.476 456.36 597.635 392.183 518.766 456.128 
682.502 456.369 598.228 391.603 519.741 456.314 
682.567 456.368 599.193 390.985 521.477 456.486 
682.573 456.376 599.491 390.79 521.942 456.529 
682.557 456.428 600.032 390.425 522.869 456.687 
682.573 456.439 600.874 389.995 523.856 456.715 
682.572 456.463 601.141 389.877 524.459 456.682 
682.583 456.469 601.546 389.667 525.115 456.817 
682.643 456.504 602.231 389.187 526.324 456.86 
682.664 456.502 602.558 388.948 526.691 456.887 
682.674 456.516 602.895 388.635 527.553 457.092 
682.703 456.511 603.518 388.152 528.802 457.248 
682.74 456.482 603.8 387.967 529.291 457.25 
682.738 456.483 604.087 387.755 530.071 457.223 
682.743 456.441 604.689 387.276 531.178 457.264 
682.709 456.375 604.909 387.144 531.681 457.353 
682.695 456.341 605.344 386.82 532.33 457.356 
682.661 456.317 605.834 386.474 533.267 457.544 
682.662 456.303 606.113 386.26 533.642 457.513 
682.663 456.269 606.422 386.041 534.23 457.41 
682.649 456.242 607.016 385.702 535.042 457.405 
682.661 456.232 607.199 385.593 535.365 457.325 
682.658 456.235 607.477 385.491 535.778 457.292 
682.678 456.212 608.127 385.147 536.747 457.246 
682.652 456.195 608.357 385.028 537.082 457.2 
682.63 456.175 608.795 384.777 537.695 457.351 
682.603 456.137 609.633 384.378 539.055 457.396 
682.577 456.097 610.116 384.111 539.511 457.37 
682.56 456.055 610.74 383.889 540.62 457.263 
682.509 455.91 611.855 383.449 542.12 457.363 
682.531 455.893 612.359 383.212 542.665 457.344 
682.584 455.832 612.985 383.038 543.802 457.267 
682.761 455.618 613.871 382.817 544.849 457.447 
682.823 455.57 614.581 382.714 545.682 457.421 
682.892 455.517 615.228 382.653 546.528 457.434 
682.981 455.438 616.403 382.52 547.646 457.627 
683.061 455.413 616.818 382.514 548.184 457.591 
683.078 455.306 617.498 382.479 548.583 457.821 
683.132 455.242 618.577 382.495 549.74 457.773 
683.098 455.217 619.042 382.489 550.034 457.821 
683.105 455.158 619.769 382.438 550.776 457.744 
683.029 455.125 621.074 382.292 551.591 457.729 
683.05 455.114 621.497 382.22 551.807 457.915 
683.073 455.083 622.069 382.122 552.547 457.787 
683.149 455.092 622.758 382.06 553.208 457.861 
683.183 454.999 622.867 382.074 553.378 458.01 
683.228 454.979 622.983 382.116 553.572 458.075 
683.192 454.921 623.164 382.145 553.869 458.166 
683.182 454.882 623.271 382.129 554.083 458.169 
683.126 454.815 623.511 382.039 554.239 458.174 
683.076 454.683 623.958 381.784 554.746 458.163 
683.13 454.487 624.085 381.721 554.946 458.267 
683.152 454.445 624.22 381.627 555.212 458.338 
683.223 454.379 624.297 381.637 555.54 458.518 
683.255 454.348 624.303 381.655 555.534 458.565 
683.276 454.372 624.322 381.675 555.501 458.569 
683.267 454.376 624.457 381.661 555.579 458.536 
683.284 454.368 624.643 381.587 555.886 458.407 
683.288 454.375 625.012 381.391 556.182 458.373 
683.344 454.372 625.477 381.267 556.658 458.315 
683.418 454.362 625.665 381.216 556.8 458.289 
683.491 454.363 625.887 381.206 556.95 458.346 
683.596 454.381 625.976 381.389 556.903 458.555 
683.627 454.398 625.893 381.525 556.881 458.676 
683.651 454.435 625.783 381.732 556.893 458.918 
683.795 454.473 625.73 382.01 556.875 459.329 
683.787 454.479 625.766 382.05 556.86 459.368 
683.772 454.456 625.791 382.124 556.857 459.41 
683.566 454.467 625.796 382.115 556.91 459.449 
683.563 454.48 625.829 382.009 556.921 459.431 
683.566 454.487 625.782 381.971 556.9 459.407 
683.547 454.476 625.541 381.922 556.889 459.41 
683.536 454.483 625.438 381.894 556.897 459.397 
683.519 454.48 625.306 381.775 556.905 459.305 
683.5 454.451 625.039 381.596 556.876 459.095 
683.484 454.462 624.964 381.566 556.864 459.092 
683.468 454.467 624.912 381.456 556.719 459.083 
683.421 454.466 625.071 381.336 556.702 458.85 
683.457 454.462 625.191 381.184 556.821 458.677 
683.448 454.465 625.307 381.005 556.885 458.54 
683.422 454.478 625.393 380.819 557.095 458.52 
683.425 454.494 625.291 380.943 557.129 458.569 
683.434 454.52 625.271 381.014 557.045 458.618 
683.459 454.537 625.181 381.339 556.994 458.865 
683.451 454.542 625.182 381.394 557.029 458.981 
683.438 454.551 625.193 381.482 557.044 459.064 
683.453 454.553 625.171 381.621 557.015 459.409 
683.431 454.718 625.176 381.749 557.018 459.519 
683.447 454.736 625.176 381.819 557.028 459.583 
683.7 454.656 625.027 381.888 556.987 459.856 
683.707 454.665 624.9 381.892 557.018 459.945 
683.703 454.66 624.78 381.91 557.083 460.187 
683.683 454.659 624.593 381.944 557.037 460.079 
683.432 454.745 624.529 381.943 557.033 460.087 
683.413 454.726 624.424 381.91 556.964 460.055 
683.436 454.55 624.287 381.865 556.931 460.1 
683.394 454.541 624.151 381.852 556.859 460.273 
683.384 454.542 624.07 381.854 556.872 460.269 
683.371 454.54 623.954 381.862 556.824 460.321 
683.378 454.527 623.914 381.864 556.764 460.328 
683.373 454.535 623.854 381.894 556.691 460.317 
683.383 454.55 623.752 382.024 556.531 460.421 
683.382 454.569 623.63 382.21 556.426 460.478 
683.319 454.726 623.585 382.281 556.381 460.426 
683.337 454.758 623.536 382.37 556.088 460.349 
683.345 454.758 623.481 382.462 555.868 460.488 
683.344 454.78 623.415 382.516 555.778 460.544 
683.336 454.804 623.344 382.566 555.585 460.69 
683.358 454.804 623.29 382.58 555.396 460.652 
683.355 454.812 623.101 382.701 555.118 460.501 
683.326 454.823 622.861 382.863 554.362 460.422 
683.329 454.84 622.617 383.054 553.716 460.367 
683.332 454.852 622.235 383.382 552.951 460.482 
683.299 454.865 621.67 383.794 551.945 460.513 
683.239 454.878 621.379 383.963 551.539 460.648 
683.23 454.917 621.194 384.016 551.205 460.654 
683.197 454.92 620.887 384.181 550.515 460.669 
683.181 454.927 620.828 384.219 550.359 460.61 
683.17 454.9 620.597 384.397 549.92 460.499 
683.172 454.908 620.368 384.659 549.427 460.487 
683.197 454.917 619.877 385.091 548.298 460.449 
683.195 454.938 619.706 385.276 547.893 460.461 
683.194 454.982 619.451 385.508 547.066 460.553 
683.211 455.116 618.845 386.116 545.917 460.67 
683.203 455.119 618.656 386.249 545.558 460.721 
683.178 455.139 618.275 386.544 545.108 460.653 
683.154 455.15 617.986 386.778 544.226 460.781 
683.136 455.159 617.894 386.807 544.028 460.75 
683.13 455.164 617.695 386.909 543.836 460.647 
683.144 455.156 617.18 387.26 542.801 460.561 
683.151 455.159 616.961 387.388 542.358 460.591 
683.153 455.17 616.497 387.655 541.613 460.537 
683.171 455.197 615.789 388.014 540.437 460.472 
683.17 455.204 615.397 388.223 539.849 460.519 
683.164 455.219 615.043 388.463 539.11 460.625 
683.137 455.219 614.491 388.601 538.541 460.414 
683.128 455.218 614.25 388.744 538.151 460.591 
683.098 455.223 613.954 388.832 537.711 460.494 
683.088 455.202 613.318 389.049 536.71 460.472 
683.077 455.202 613.083 389.166 536.282 460.502 
683.09 455.209 612.683 389.441 535.741 460.479 
683.082 455.215 611.962 389.833 534.506 460.402 
683.075 455.215 611.731 389.961 534.032 460.417 
683.07 455.216 611.367 390.202 533.501 460.224 
683.138 455.165 610.857 390.552 532.648 460.196 
683.134 455.168 610.7 390.651 532.212 460.246 
683.064 455.172 610.409 390.865 531.801 460.262 
683.113 455.18 610.043 391.106 530.979 460.24 
683.06 455.181 609.899 391.218 530.799 460.011 
683.123 455.198 609.634 391.454 530.121 460.016 
683.127 455.225 608.938 392.067 528.965 459.734 
683.136 455.236 608.658 392.335 528.277 459.802 
683.148 455.264 608.201 392.629 527.442 459.793 
683.159 455.294 607.472 393.13 526.179 459.698 
683.141 455.298 607.223 393.38 525.682 459.839 
683.129 455.302 606.812 393.592 524.944 459.834 
683.119 455.296 606.343 393.905 524.321 459.695 
683.112 455.295 606.151 394.019 523.971 459.704 
683.09 455.291 605.778 394.242 523.346 459.632 
683.102 455.303 605.208 394.646 522.302 459.657 
683.116 455.299 604.914 394.869 522.089 459.567 
683.114 455.294 604.577 395.046 521.603 459.376 
683.092 455.29 604.079 395.416 520.673 459.468 
683.092 455.314 603.901 395.512 520.398 459.359 
683.098 455.289 603.638 395.658 520.104 459.291 
683.08 455.291 603.208 395.916 519.298 459.21 
683.078 455.302 602.909 396.119 518.857 459.202 
683.075 455.301 602.59 396.347 518.324 459.059 
683.096 455.398 601.96 396.851 517.253 458.911 
683.095 455.321 601.739 397.052 516.829 458.846 
683.094 455.412 601.366 397.343 516.141 458.71 
683.07 455.416 600.869 397.85 515.253 458.649 
683.066 455.406 600.687 397.986 514.821 458.611 
683.042 455.415 600.364 398.289 514.351 458.505 
683.057 455.423 599.901 398.758 513.402 458.113 
683.029 455.445 599.596 398.978 512.971 457.946 
683.048 455.445 599.224 399.311 512.09 457.999 
683.06 455.456 598.563 400.052 510.978 457.909 
683.05 455.475 598.341 400.301 510.391 457.803 
683.047 455.477 597.908 400.781 509.619 457.795 
683.043 455.473 597.242 401.439 508.517 457.498 
683.05 455.481 597.046 401.73 507.924 457.495 
682.951 455.521 596.714 402.126 507.328 457.498 
682.936 455.526 596.147 402.835 506.33 457.284 
682.954 455.524 595.968 403.04 505.912 457.272 
682.942 455.543 595.775 403.424 505.172 457.177 
682.954 455.568 595.324 404.167 504.395 456.838 
682.951 455.571 595.102 404.446 503.818 456.877 
682.965 455.595 594.792 404.953 503.179 456.866 
682.98 455.62 594.294 405.704 502.216 456.686 
682.988 455.631 594.148 406.011 501.765 456.678 
682.982 455.657 593.851 406.359 501.207 456.657 
682.972 455.677 593.332 407.08 500.348 456.387 
682.986 455.678 593.081 407.351 499.975 456.407 
682.969 455.67 592.838 407.695 499.212 456.446 
682.956 455.664 592.26 408.406 498.374 456.369 
682.937 455.66 592.052 408.622 497.996 456.272 
682.924 455.66 591.741 409.097 497.397 456.099 
682.925 455.616 590.981 409.848 496.295 455.809 
682.903 455.591 590.721 410.134 495.776 455.838 
682.871 455.573 590.359 410.65 495.14 455.826 
682.793 455.518 589.697 411.539 494.126 455.945 
682.795 455.504 589.527 411.808 493.801 456.022 
682.758 455.479 589.29 412.14 493.28 456.106 
682.672 455.442 588.809 412.852 492.648 456.024 
682.651 455.426 588.659 413.124 492.367 455.89 
682.641 455.408 588.421 413.5 491.719 455.813 
682.634 455.399 587.914 414.331 490.968 455.725 
682.644 455.402 587.663 414.699 490.675 455.775 
682.641 455.429 587.419 415.209 490.14 455.867 
682.629 455.482 587.044 415.995 489.332 456.023 
682.597 455.51 586.939 416.37 488.997 456.008 
682.631 455.529 586.662 416.881 488.427 456.072 
682.599 455.516 586.309 417.837 487.909 456.107 
682.632 455.533 586.208 418.142 487.663 456.172 
682.669 455.46 585.997 418.732 487.182 456.276 
682.61 455.454 585.625 419.626 486.618 456.233 
682.611 455.559 585.495 420.012 486.39 456.148 
682.642 455.479 585.303 420.517 485.893 456.247 
682.635 455.478 584.909 421.401 485.115 456.417 
682.609 455.487 584.762 421.707 484.825 456.478 
682.605 455.488 584.552 422.299 484.596 456.565 
682.585 455.488 584.261 422.966 484.003 456.784 
682.537 455.474 584.113 423.265 483.79 456.863 
682.57 455.495 583.862 423.799 483.38 457.058 
682.473 455.656 583.341 424.652 482.674 457.588 
682.479 455.66 583.174 424.985 482.498 457.666 
682.454 455.677 582.9 425.615 482.104 457.95 
682.387 455.679 582.518 426.522 481.561 458.452 
682.34 455.585 582.331 426.869 481.365 458.601 
682.399 455.513 582.176 427.384 480.973 458.855 
682.363 455.507 581.894 428.095 480.529 459.408 
682.338 455.507 581.848 428.357 480.431 459.515 
682.35 455.501 581.805 428.694 480.264 459.723 
682.36 455.499 581.757 429.204 480.267 459.771 
682.354 455.495 581.713 429.523 480.084 459.942 
682.345 455.502 581.674 429.968 479.929 460.176 
682.345 455.521 581.548 430.466 479.533 460.654 
682.365 455.516 581.413 430.791 479.414 460.733 
682.366 455.516 581.339 431.174 479.258 460.9 
682.359 455.523 581.191 431.78 479.022 461.177 
682.358 455.534 581.186 431.867 478.928 461.221 
682.351 455.544 581.134 432.056 478.818 461.265 
682.354 455.547 581.107 432.291 478.739 461.358 
682.334 455.535 580.991 432.735 478.595 461.573 
682.341 455.53 580.906 433.002 478.49 461.641 
682.316 455.533 580.875 433.362 478.412 461.749 
682.318 455.535 580.651 434.378 477.746 462.461 
682.302 455.537 580.557 434.618 477.632 462.629 
682.316 455.532 580.429 435.206 477.325 462.87 
682.31 455.542 580.157 436.325 476.857 463.226 
682.321 455.536 580.069 436.716 476.481 463.438 
682.305 455.546 579.849 437.181 476.164 463.777 
682.267 455.559 579.695 437.88 475.939 464.158 
682.242 455.579 579.651 438.017 475.86 464.194 
682.224 455.589 579.608 438.081 475.816 464.242 
682.247 455.591 579.583 438.013 475.885 464.32 
682.252 455.592 579.591 437.971 475.904 464.335 
682.291 455.689 579.627 437.938 475.912 464.279 
682.355 455.738 579.692 438.017 475.983 464.219 
682.386 455.842 579.719 438.065 475.994 464.248 
682.417 455.873 579.736 438.102 476.028 464.314 
682.459 455.923 579.755 437.967 476.065 464.338 
682.472 455.942 579.754 437.851 476.099 464.324 
682.49 455.954 579.784 437.603 476.271 464.222 
682.484 456.0 579.805 437.153 476.402 464.091 
682.483 456.003 579.825 437.062 476.321 464.126 
682.481 456.0 579.893 436.937 476.385 464.096 
682.464 455.977 579.905 436.953 476.515 464.041 
682.465 455.996 579.91 436.971 476.518 464.067 
682.472 456.009 579.893 436.947 476.387 464.125 
682.513 456.034 579.915 436.871 476.35 464.009 
682.519 456.044 579.91 436.821 476.371 463.96 
682.535 456.043 579.914 436.707 476.353 463.938 
682.547 456.072 579.9 436.465 476.392 463.884 
682.537 456.06 579.907 436.39 476.408 463.849 
682.523 456.065 579.905 436.292 476.439 463.866 
682.536 456.071 579.924 436.142 476.622 463.872 
682.516 456.075 579.944 435.919 476.649 463.827 
682.519 456.071 579.96 435.75 476.737 463.728 
682.515 456.062 580.1 435.316 477.005 463.557 
682.516 456.065 580.134 435.105 477.137 463.502 
682.519 456.068 580.202 434.771 477.253 463.409 
682.496 456.082 580.322 434.052 477.416 463.24 
682.516 456.085 580.361 433.861 477.537 463.014 
682.517 456.097 580.406 433.569 477.73 462.842 
682.53 456.088 580.534 433.017 478.059 462.607 
682.523 456.081 580.579 432.836 478.171 462.479 
682.521 456.082 580.714 432.512 478.293 462.363 
682.513 456.075 580.836 432.037 478.653 462.174 
682.533 456.067 580.884 431.879 478.799 462.068 
682.525 456.059 580.92 431.564 479.027 461.784 
682.503 456.042 581.052 431.073 479.04 461.716 
682.482 456.031 581.057 430.927 479.088 461.645 
682.466 456.005 581.089 430.704 479.152 461.563 
682.439 456.01 581.104 430.307 479.253 461.439 
682.422 456.005 581.104 430.189 479.301 461.404 
682.406 455.979 581.113 429.926 479.339 461.344 
682.387 456.008 581.242 429.542 479.522 461.203 
682.404 456.015 581.281 429.395 479.656 461.055 
682.421 456.019 581.375 429.134 479.87 460.947 
682.426 456.043 581.564 428.602 480.215 460.751 
682.437 456.038 581.632 428.431 480.319 460.689 
682.449 456.048 581.763 428.126 480.599 460.471 
682.467 456.067 582.074 427.184 480.877 460.283 
682.467 456.083 582.22 426.774 481.109 460.143 
682.466 456.069 582.52 425.92 481.768 459.888 
682.435 456.053 583.063 424.555 482.738 459.224 
682.436 456.051 583.319 424.057 483.142 459.051 
682.439 456.037 583.646 423.226 483.684 458.814 
682.446 456.028 584.196 421.886 484.555 458.357 
682.441 456.036 584.457 421.37 485.18 458.043 
682.448 456.038 584.715 420.754 485.701 457.873 
682.469 456.035 585.088 419.824 486.149 457.721 
682.477 456.053 585.207 419.526 486.361 457.681 
682.476 456.036 585.338 419.148 486.886 457.589 
682.505 456.053 585.541 418.232 487.448 457.365 
682.497 456.054 585.597 417.917 487.739 457.301 
682.451 456.039 585.67 417.238 487.982 457.324 
682.387 456.023 585.95 415.975 488.974 457.013 
682.364 455.992 586.101 415.435 489.57 456.837 
682.317 455.971 586.291 414.569 489.909 456.843 
682.274 455.944 586.889 413.283 491.142 456.819 
682.236 455.932 587.074 412.854 491.522 456.822 
682.229 455.894 587.406 412.303 492.32 456.771 
682.209 455.88 587.906 411.664 493.295 456.766 
682.209 455.887 588.157 411.396 493.766 456.843 
682.218 455.891 588.575 411.048 494.29 456.855 
682.273 455.923 589.185 410.225 495.593 456.911 
682.294 455.947 589.377 409.892 495.989 456.878 
682.327 455.961 589.726 409.333 496.475 457.032 
682.373 455.988 590.269 408.355 497.7 456.888 
682.404 456.008 590.402 408.037 497.974 456.93 
682.394 455.992 590.653 407.536 498.677 456.805 
682.383 455.972 591.025 406.819 499.502 456.763 
682.366 455.976 591.219 406.551 499.976 456.616 
682.353 455.969 591.472 406.238 500.422 456.634 
682.301 455.961 591.978 405.466 501.493 456.678 
682.302 455.948 592.178 405.12 502.026 456.61 
682.29 455.937 592.583 404.428 502.798 456.702 
682.296 455.929 593.187 403.373 504.23 456.548 
682.295 455.935 593.545 402.814 504.778 456.456 
682.325 455.937 593.934 402.281 505.867 456.299 
682.369 455.952 594.57 401.316 507.27 456.226 
682.372 455.952 594.882 400.888 507.755 456.363 
682.404 455.96 595.293 400.344 508.598 456.465 
682.417 455.957 595.938 399.682 510.032 456.405 
682.399 455.958 596.294 399.327 510.476 456.412 
682.384 455.946 596.67 398.89 511.425 456.339 
682.36 455.937 597.578 398.131 513.055 456.236 
682.351 455.94 597.981 397.756 513.438 456.497 
682.355 455.935 598.588 397.199 514.683 456.427 
682.361 455.944 599.681 396.125 516.583 456.52 
682.387 455.942 600.241 395.664 517.576 456.427 
682.364 455.962 601.014 395.018 518.978 456.468 
682.409 455.975 602.439 393.897 521.448 456.567 
682.427 455.984 603.112 393.445 522.368 456.604 
682.445 455.985 604.106 392.704 524.14 456.68 
682.464 456.067 605.767 391.609 526.714 456.718 
682.494 455.958 606.499 391.157 527.756 456.701 
682.544 455.949 607.316 390.755 529.08 456.897 
682.502 456.083 608.679 389.978 531.154 456.953 
682.533 456.081 609.064 389.782 532.031 457.008 
682.591 456.088 609.738 389.514 532.844 457.105 
682.631 456.112 610.409 389.261 533.94 457.459 
682.628 456.131 610.595 389.194 534.296 457.43 
682.647 456.124 610.936 389.075 534.824 457.522 
682.621 456.117 611.221 389.045 535.362 457.594 
682.619 456.11 611.352 389.026 535.521 457.644 
682.596 456.108 611.49 388.965 535.842 457.682 
682.544 456.072 611.858 388.629 536.408 457.827 
682.529 456.049 611.997 388.523 536.706 457.801 
682.482 455.948 612.193 388.314 537.258 457.718 
682.473 455.888 612.742 387.771 538.232 457.737 
682.483 455.858 612.914 387.525 538.829 457.621 
682.485 455.815 613.194 387.154 539.47 457.486 
682.58 455.597 613.655 386.65 540.532 457.312 
682.564 455.56 613.875 386.437 540.916 457.275 
682.56 455.502 614.213 386.169 541.648 457.226 
682.521 455.323 614.833 385.734 542.698 457.27 
682.476 455.266 615.081 385.603 543.202 457.16 
682.47 455.197 615.57 385.273 543.608 457.227 
682.521 455.148 616.242 385.025 544.931 457.151 
682.533 455.145 616.476 384.92 545.344 457.28 
682.597 455.039 616.891 384.686 545.844 457.272 
682.64 455.009 617.794 384.303 547.216 456.938 
682.695 454.983 618.204 384.154 547.566 456.912 
682.712 454.944 618.95 383.84 548.588 456.852 
682.76 454.833 620.341 383.205 550.205 456.643 
682.797 454.792 620.867 383.001 550.778 456.537 
682.806 454.702 621.584 382.818 551.866 456.283 
683.053 454.5 622.536 382.622 552.726 456.222 
683.178 454.457 622.825 382.664 553.08 456.218 
683.246 454.491 623.282 382.67 553.472 456.309 
683.324 454.512 623.905 382.7 554.306 456.513 
683.319 454.518 624.175 382.759 554.547 456.697 
683.293 454.518 624.521 382.809 554.861 456.708 
683.291 454.495 625.092 382.99 554.932 456.616 
683.316 454.5 625.248 383.042 554.97 456.654 
683.321 454.542 625.414 383.136 555.097 456.769 
683.298 454.729 625.873 383.142 555.433 456.833 
683.26 454.737 626.156 383.101 555.646 456.872 
683.289 454.741 626.701 383.003 556.468 456.784 
683.316 454.736 627.642 382.61 557.67 456.507 
683.344 454.742 628.069 382.445 558.185 456.43 
683.402 454.741 628.407 382.308 558.573 456.364 
683.768 454.667 628.605 382.323 558.968 456.472 
683.793 454.686 628.645 382.359 559.061 456.551 
683.804 454.702 628.682 382.394 559.106 456.643 
683.792 454.689 628.562 382.416 558.815 456.737 
683.784 454.681 628.398 382.452 558.821 456.753 
683.793 454.671 627.814 382.624 558.55 457.142 
683.823 454.653 626.665 383.01 557.873 458.146 
683.808 454.65 626.272 383.052 557.743 458.373 
683.765 454.64 625.79 383.122 557.51 458.568 
683.433 454.514 625.594 382.976 557.545 458.48 
683.398 454.474 625.62 382.838 557.606 458.375 
683.362 454.406 625.58 382.6 557.82 458.043 
683.381 454.353 625.411 382.481 557.896 458.013 
683.396 454.358 625.331 382.502 557.884 458.029 
683.402 454.379 625.266 382.507 557.834 458.079 
683.369 454.416 625.379 382.353 557.875 457.926 
683.373 454.418 625.476 382.275 557.973 457.8 
683.363 454.446 625.741 382.079 558.134 457.495 
683.404 454.472 626.043 381.994 558.124 457.266 
683.423 454.495 626.255 381.949 558.145 457.201 
683.467 454.509 626.489 381.928 558.197 456.953 
683.506 454.53 626.694 382.1 558.117 456.853 
683.521 454.538 626.756 382.122 558.099 456.933 
683.491 454.715 626.712 382.368 558.042 457.281 
683.756 454.645 626.43 382.646 557.874 457.912 
683.751 454.63 626.201 382.824 557.831 458.163 
683.492 454.723 626.016 382.945 557.827 458.344 
683.458 454.721 625.769 383.01 557.591 458.574 
683.477 454.569 625.499 383.054 557.326 458.726 
683.45 454.553 625.293 383.044 557.105 458.778 
683.4 454.473 624.956 383.077 556.854 458.7 
683.38 454.445 624.862 383.12 556.636 458.679 
683.36 454.431 624.551 383.378 556.205 458.527 
683.433 454.509 624.02 383.609 555.254 458.967 
683.46 454.547 623.765 383.696 555.041 459.133 
683.419 454.571 623.435 383.807 554.71 459.469 
683.37 454.553 623.193 383.774 554.577 459.545 
683.34 454.532 623.139 383.731 554.484 459.484 
683.32 454.531 623.001 383.725 554.357 459.091 
683.34 454.577 622.716 383.846 553.242 458.45 
683.277 454.742 622.454 383.974 552.631 458.397 
683.29 454.775 622.045 384.296 551.551 458.208 
683.282 454.805 621.205 384.884 550.152 458.41 
683.269 454.834 620.559 385.255 549.082 458.626 
683.234 454.851 619.879 385.596 548.149 458.951 
683.17 454.857 619.161 386.076 547.023 458.957 
683.167 454.888 618.753 386.232 546.276 458.839 
683.054 454.911 618.288 386.509 545.391 458.639 
683.041 454.909 617.898 386.775 544.48 458.323 
683.049 454.909 617.543 387.006 543.708 458.325 
683.094 454.861 617.113 387.399 543.034 458.4 
683.018 454.863 616.601 387.81 542.016 458.509 
683.097 454.856 616.246 388.059 541.304 458.644 
683.008 454.877 615.891 388.382 540.489 458.655 
683.032 454.927 615.172 388.969 539.222 458.475 
683.013 454.95 614.914 389.152 538.736 458.348 
683.096 454.956 614.532 389.346 537.953 458.385 
683.105 455.119 613.965 389.776 537.016 458.352 
683.123 455.149 613.703 389.951 536.488 458.475 
683.114 455.172 613.429 390.187 536.049 458.431 
683.101 455.199 613.092 390.389 535.546 458.146 
683.103 455.209 612.832 390.537 534.765 457.985 
683.106 455.228 612.5 390.796 534.116 457.92 
683.141 455.255 611.821 391.188 533.08 457.901 
683.152 455.275 611.565 391.344 532.665 457.805 
683.168 455.29 611.17 391.694 531.942 457.82 
683.158 455.304 610.607 391.939 531.128 457.642 
683.144 455.297 610.412 392.031 531.133 457.561 
683.126 455.297 610.071 392.161 530.466 457.521 
683.191 455.227 609.805 392.29 529.999 457.553 
683.165 455.226 609.328 392.527 529.036 457.468 
683.17 455.233 609.021 392.741 528.675 457.416 
683.157 455.226 608.685 392.971 527.945 457.282 
683.162 455.242 607.985 393.486 526.859 457.12 
683.145 455.257 607.718 393.675 526.2 457.132 
683.158 455.247 607.245 394.021 525.744 457.02 
683.12 455.243 606.685 394.375 524.504 457.065 
683.117 455.233 606.389 394.646 524.13 457.009 
683.035 455.217 606.067 394.829 523.623 456.778 
683.009 455.2 605.505 395.228 522.649 456.637 
682.993 455.197 605.264 395.352 522.392 456.564 
682.973 455.162 604.907 395.568 521.7 456.584 
682.979 455.148 604.183 395.976 520.771 456.493 
683.005 455.165 603.992 396.092 520.398 456.359 
683.03 455.183 603.622 396.304 519.916 456.354 
683.15 455.162 603.188 396.555 519.189 456.177 
683.076 455.225 602.982 396.656 518.978 456.026 
683.114 455.23 602.654 396.858 518.567 456.076 
683.168 455.245 602.336 397.176 517.805 455.961 
683.196 455.235 602.176 397.317 517.531 455.903 
683.233 455.254 601.887 397.64 517.15 455.789 
683.26 455.285 601.481 398.152 516.038 455.645 
683.27 455.301 601.192 398.424 515.6 455.651 
683.264 455.323 600.934 398.716 514.956 455.544 
683.246 455.426 600.408 399.315 514.061 455.486 
683.263 455.346 600.203 399.476 513.595 455.522 
683.255 455.33 599.903 399.85 512.964 455.48 
683.297 455.241 599.328 400.355 512.03 455.227 
683.279 455.241 599.061 400.641 511.523 455.269 
683.262 455.23 598.716 400.917 511.102 455.013 
683.257 455.22 598.043 401.526 510.084 455.019 
683.249 455.192 597.849 401.649 509.777 455.002 
683.236 455.149 597.578 401.825 509.279 454.992 
683.193 455.073 597.019 402.315 508.354 454.984 
683.164 455.043 596.831 402.488 508.22 454.854 
683.089 455.009 596.544 402.778 507.697 454.652 
683.065 454.92 596.011 403.349 506.812 454.561 
683.045 454.908 595.795 403.646 506.56 454.513 
683.044 454.874 595.411 403.981 506.006 454.525 
683.019 454.842 594.953 404.442 505.249 454.541 
683.012 454.834 594.685 404.659 504.945 454.534 
683.018 454.813 594.409 404.895 504.345 454.465 
683.001 454.797 593.73 405.456 503.583 454.183 
682.994 454.802 593.452 405.708 503.026 454.185 
682.999 454.813 592.949 406.135 502.479 454.22 
683.003 454.857 592.277 406.622 501.297 454.129 
683.0 454.852 591.942 406.831 500.957 454.106 
682.994 454.839 591.47 407.236 500.461 454.056 
682.961 454.887 590.861 407.649 499.533 453.951 
682.955 454.881 590.656 407.812 499.305 453.979 
682.963 454.896 590.427 407.992 498.889 454.023 
682.92 454.923 590.046 408.298 498.383 453.967 
682.949 454.918 589.957 408.395 498.108 453.971 
682.948 454.94 589.814 408.592 498.054 453.774 
682.985 455.026 589.564 409.141 497.732 453.861 
683.006 455.046 589.471 409.323 497.567 453.872 
683.05 455.102 589.322 409.683 497.134 453.96 
683.175 455.197 589.047 410.305 496.477 453.873 
683.199 455.221 588.934 410.56 496.137 453.844 
683.187 455.27 588.602 411.154 495.74 453.815 
683.2 455.397 588.152 412.169 494.648 453.884 
683.2 455.427 587.982 412.547 494.21 454.017 
683.196 455.471 587.658 413.224 493.605 454.155 
683.21 455.519 587.163 414.228 492.477 454.457 
683.197 455.541 587.019 414.551 492.191 454.459 
683.163 455.562 586.674 415.226 491.805 454.351 
683.151 455.598 586.222 416.1 490.807 454.507 
683.161 455.595 586.084 416.521 490.43 454.642 
683.15 455.625 585.88 416.984 490.169 454.64 
683.151 455.642 585.459 418.059 489.069 454.908 
683.147 455.64 585.168 418.641 488.657 455.049 
683.075 455.68 584.778 419.59 488.011 455.32 
683.072 455.699 584.132 421.341 486.768 456.083 
683.057 455.701 583.871 422.023 486.268 456.6 
683.048 455.73 583.372 422.951 485.801 456.94 
682.879 455.974 582.795 424.172 484.706 457.575 
682.819 455.981 582.635 424.548 484.425 457.832 
682.752 456.009 582.413 424.997 484.115 458.053 
682.76 456.032 582.185 425.64 483.695 458.4 
682.761 456.023 582.159 425.818 483.473 458.528 
682.759 456.021 582.074 425.993 483.308 458.631 
682.775 456.027 581.954 426.613 483.026 458.806 
682.768 456.028 581.912 426.897 482.845 458.928 
682.788 456.028 581.78 427.306 482.634 459.056 
682.801 456.042 581.56 428.227 482.044 459.603 
682.793 456.033 581.355 428.561 481.793 459.767 
682.787 456.035 581.218 428.97 481.518 459.98 
682.734 456.026 580.983 429.633 481.108 460.254 
682.717 456.017 580.857 429.821 480.996 460.332 
682.693 455.89 580.797 430.165 480.811 460.453 
682.663 455.88 580.759 430.732 480.478 460.653 
682.677 455.877 580.74 431.05 480.368 460.693 
682.674 455.871 580.635 431.814 480.028 460.776 
682.692 455.872 580.409 433.414 479.393 461.076 
682.701 455.904 580.257 434.301 479.024 461.268 
682.691 455.895 580.156 435.605 478.558 461.781 
682.678 455.932 579.797 437.78 477.65 462.66 
682.617 456.045 579.708 438.604 477.446 463.052 
682.661 455.951 579.641 439.493 477.377 463.202 
682.673 455.953 579.478 440.064 477.075 463.316 
682.654 456.073 579.476 440.05 477.077 463.324 
682.662 456.086 579.573 439.823 477.119 463.419 
682.672 456.059 579.56 439.36 477.329 463.006 
682.684 456.048 579.56 439.257 477.341 462.927 
682.655 456.054 579.592 439.257 477.334 462.861 
682.619 456.04 579.548 439.287 477.13 463.238 
682.646 455.932 579.528 439.265 477.108 463.345 
682.651 455.948 579.461 438.984 477.037 463.646 
682.627 455.967 579.312 438.037 477.352 463.9 
682.615 455.955 579.355 437.364 477.703 463.831 
682.623 456.0 579.53 436.39 478.059 463.77 
682.604 455.99 579.839 434.853 478.772 463.189 
682.601 455.997 579.999 434.322 478.895 463.102 
682.592 456.0 580.31 433.353 479.303 462.849 
682.548 455.993 580.753 432.229 480.132 462.415 
682.538 455.996 580.879 431.665 480.397 462.136 
682.551 456.001 581.139 430.861 480.924 461.797 
682.573 456.022 581.655 429.448 481.969 461.123 
682.563 456.037 581.903 428.789 482.161 460.824 
682.567 456.036 582.286 427.812 482.736 460.35 
682.529 456.02 582.937 426.089 483.832 459.674 
682.542 456.039 583.248 425.376 484.173 459.415 
682.556 456.039 583.64 424.389 484.992 458.939 
682.604 456.033 584.376 422.434 486.212 458.338 
682.587 456.142 584.645 421.74 486.826 457.944 
682.597 456.138 585.196 420.52 487.693 457.429 
682.61 456.139 585.963 418.758 489.097 456.773 
682.611 456.152 586.318 417.983 489.852 456.475 
682.615 456.144 586.833 416.978 490.608 455.991 
682.603 456.141 587.464 415.183 492.054 455.474 
682.609 456.135 587.645 414.536 492.525 455.383 
682.596 456.147 587.978 413.701 493.083 455.453 
682.604 456.155 588.437 412.455 494.433 455.202 
682.604 456.156 588.561 412.055 494.578 455.231 
682.588 456.143 588.804 411.582 495.087 455.174 
682.604 456.013 589.078 411.086 495.808 455.213 
682.591 455.999 589.159 410.995 496.025 455.368 
682.545 455.995 589.31 410.792 496.229 455.472 
682.514 455.973 589.456 410.514 496.424 455.661 
682.51 455.975 589.512 410.42 496.635 455.74 
682.486 455.972 589.568 410.283 496.977 455.746 
682.45 455.966 589.696 409.935 497.401 455.807 
682.435 455.979 589.767 409.761 497.491 455.993 
682.443 455.974 589.921 409.267 497.847 456.023 
682.421 455.962 590.239 408.591 498.743 455.976 
682.414 455.965 590.365 408.33 498.899 456.191 
682.396 455.956 590.538 407.976 499.363 456.213 
682.388 455.947 590.856 407.31 500.176 456.19 
682.369 455.937 591.052 406.903 500.685 456.237 
682.362 455.939 591.349 406.304 501.42 456.106 
682.342 455.939 591.921 405.43 502.753 456.126 
682.331 455.928 592.131 405.068 503.098 456.053 
682.315 455.915 592.497 404.392 504.046 456.091 
682.282 455.877 592.992 403.702 505.053 456.223 
682.253 455.873 593.338 403.059 505.893 456.14 
682.238 455.864 593.805 402.462 506.873 456.066 
682.237 455.85 594.341 401.857 507.782 456.063 
682.232 455.848 594.648 401.471 508.595 456.185 
682.229 455.838 595.065 401.059 509.19 456.189 
682.224 455.84 595.571 400.686 510.145 456.33 
682.212 455.839 596.052 400.188 510.78 456.358 
682.194 455.847 596.421 399.821 511.594 456.378 
682.197 455.85 597.113 399.24 512.816 456.285 
682.209 455.855 597.683 398.63 513.802 456.308 
682.236 455.866 598.292 398.028 514.718 456.298 
682.263 455.88 599.064 397.319 516.179 456.347 
682.29 455.873 599.614 396.754 517.34 456.332 
682.3 455.867 600.296 396.167 518.518 456.207 
682.305 455.854 601.183 395.278 520.18 456.231 
682.276 455.746 601.874 394.729 521.264 456.409 
682.263 455.714 602.572 394.073 522.577 456.279 
682.026 455.573 603.46 393.365 524.013 456.397 
681.987 455.49 604.103 392.955 525.139 456.431 
681.968 455.405 604.65 392.566 526.017 456.594 
681.912 455.253 605.3 392.189 527.291 456.671 
681.905 455.22 605.514 392.11 527.663 456.739 
681.883 455.2 605.813 392.056 528.112 456.857 
681.896 455.216 606.224 391.997 528.62 457.18 
681.896 455.22 606.333 391.994 528.902 457.258 
681.899 455.218 606.505 391.956 529.201 457.453 
681.903 455.225 606.851 391.748 529.877 457.578 
681.91 455.237 607.094 391.507 530.433 457.542 
681.912 455.265 607.384 391.153 531.039 457.657 
681.917 455.241 608.025 390.408 532.371 457.592 
681.917 455.22 608.314 390.143 533.112 457.53 
681.909 455.166 608.702 389.754 533.884 457.624 
681.784 455.036 609.339 389.186 535.395 457.495 
681.753 454.981 609.552 388.923 535.744 457.531 
681.708 454.714 609.817 388.697 536.326 457.471 
681.678 454.373 610.09 388.497 537.088 457.673 
681.621 454.301 610.209 388.35 537.407 457.7 
681.539 454.102 610.444 388.242 537.768 457.724 
681.393 453.922 610.878 387.95 538.52 457.789 
681.278 453.881 611.03 387.85 538.717 457.793 
681.251 453.858 611.324 387.677 539.183 457.743 
681.405 453.978 612.128 387.238 540.365 457.613 
681.477 454.042 612.549 387.013 540.856 457.435 
681.575 454.12 613.137 386.705 541.789 457.281 
681.683 454.151 614.168 386.158 543.369 457.148 
681.798 454.154 615.046 385.644 544.636 457.034 
681.842 454.134 615.995 385.121 545.982 456.942 
681.822 454.142 617.523 384.252 548.279 456.534 
681.874 454.132 617.734 384.099 548.669 456.452 
682.069 454.041 618.658 383.565 550.209 456.193 
682.371 453.937 619.271 383.205 551.292 456.227 
682.507 453.696 619.843 382.892 552.346 456.392 
682.539 453.668 619.941 382.843 552.482 456.281 
682.583 453.629 620.009 382.844 552.666 456.209 
682.548 453.607 620.025 382.889 552.468 456.253 
682.53 453.609 620.025 382.905 552.451 456.267 
682.516 453.599 620.046 382.949 552.456 456.288 
682.455 453.579 620.323 382.874 552.605 456.092 
682.449 453.577 620.446 382.846 552.682 456.034 
682.484 453.58 620.649 382.813 552.922 455.993 
682.5 453.641 621.372 382.561 553.825 456.157 
682.51 453.652 621.839 382.251 554.426 455.983 
682.563 453.676 622.526 382.015 555.28 455.691 
682.631 453.688 623.352 381.64 556.242 455.47 
682.686 453.666 623.47 381.603 556.486 455.444 
682.77 453.651 623.437 381.65 556.538 455.574 
682.874 453.729 623.125 381.994 556.375 456.058 
682.771 453.747 622.855 382.236 556.188 456.497 
682.704 453.687 622.732 382.321 556.102 456.68 
682.633 453.658 622.396 382.493 555.847 456.91 
682.552 453.601 622.088 382.584 555.605 457.171 
682.541 453.585 621.872 382.683 555.292 457.318 
682.551 453.595 621.389 382.914 555.035 457.675 
682.558 453.604 621.158 383.081 554.72 457.888 
682.589 453.62 621.093 383.137 554.64 457.961 
682.607 453.641 621.035 383.169 554.643 458.029 
682.641 453.655 621.065 383.184 554.686 457.955 
682.651 453.669 621.07 383.152 554.661 457.934 
682.667 453.666 621.03 383.203 554.556 457.93 
682.657 453.684 620.928 383.282 554.272 458.169 
682.659 453.701 620.888 383.356 554.154 458.238 
682.666 453.729 620.767 383.58 553.866 458.411 
682.734 453.941 620.654 383.671 553.638 458.54 
682.756 453.981 620.609 383.772 553.478 458.548 
682.755 454.077 620.527 383.849 553.172 458.482 
682.86 454.221 620.076 384.166 552.039 458.49 
682.861 454.236 619.981 384.276 551.899 458.505 
682.878 454.297 619.614 384.414 551.27 458.64 
682.908 454.423 619.258 384.696 550.748 458.449 
682.809 454.668 618.875 384.927 549.722 458.482 
682.809 454.685 618.775 384.985 549.485 458.338 
682.889 454.767 618.226 385.304 548.639 458.301 
682.903 454.827 617.833 385.557 547.704 458.393 
682.892 454.891 617.096 386.084 546.305 458.312 
682.892 454.93 616.723 386.327 545.603 458.365 
682.907 454.954 616.372 386.653 544.72 458.24 
682.892 454.967 615.673 387.284 543.132 458.174 
682.856 454.964 615.39 387.537 542.278 458.213 
682.871 454.972 614.857 387.962 541.293 457.998 
682.834 455.004 614.017 388.778 539.293 457.917 
682.854 455.016 613.554 389.078 538.699 457.917 
682.869 455.105 613.118 389.438 537.669 457.808 
682.875 455.201 612.354 389.96 536.278 457.754 
682.876 455.225 612.034 390.138 535.935 457.661 
682.905 455.249 611.761 390.354 535.159 457.669 
682.895 455.276 611.211 390.692 533.921 457.61 
682.898 455.271 610.973 390.881 533.512 457.363 
682.903 455.288 610.465 391.294 532.412 457.336 
683.023 455.41 609.64 391.877 530.848 457.159 
683.029 455.425 609.308 392.172 530.306 457.2 
683.047 455.453 608.772 392.525 529.372 457.323 
683.044 455.473 608.073 392.975 528.429 457.217 
683.037 455.472 607.891 393.059 527.901 457.191 
682.968 455.512 607.577 393.272 527.427 456.906 
682.944 455.511 606.862 393.711 526.083 456.769 
682.968 455.507 606.525 393.93 525.401 456.73 
682.936 455.532 605.982 394.456 524.561 456.529 
683.005 455.555 605.012 395.222 522.931 456.441 
682.98 455.574 604.634 395.498 522.27 456.443 
682.981 455.599 604.16 395.817 521.446 456.482 
682.99 455.612 603.379 396.41 520.266 456.266 
682.981 455.629 603.103 396.627 519.567 456.301 
682.989 455.613 602.611 397.034 518.807 456.072 
682.98 455.612 601.86 397.688 517.501 455.933 
682.977 455.618 601.639 397.926 516.964 455.972 
682.978 455.639 601.208 398.366 516.081 455.896 
682.985 455.638 600.522 399.086 514.822 455.754 
682.995 455.643 600.21 399.485 514.311 455.529 
682.995 455.653 599.565 400.141 513.189 455.527 
682.99 455.643 598.497 401.197 511.413 455.329 
682.999 455.637 598.009 401.648 510.557 455.388 
682.973 455.657 597.455 402.132 509.793 455.301 
682.938 455.655 596.925 402.762 508.786 455.253 
682.919 455.659 596.685 403.005 508.437 455.218 
682.893 455.658 596.283 403.421 507.677 454.99 
682.871 455.629 595.579 404.221 506.393 454.761 
682.884 455.636 595.19 404.664 505.835 454.616 
682.896 455.633 594.555 405.303 504.805 454.679 
682.928 455.657 593.613 406.23 503.266 454.639 
682.919 455.668 593.292 406.56 502.723 454.666 
682.9 455.677 592.788 407.103 502.104 454.594 
682.901 455.669 592.089 407.953 500.826 454.565 
682.883 455.648 591.825 408.352 500.284 454.448 
682.862 455.636 591.263 408.95 499.576 454.533 
682.861 455.624 590.625 409.849 498.277 454.568 
682.879 455.634 590.011 410.599 497.539 454.475 
682.893 455.623 589.436 411.335 496.533 454.52 
682.906 455.607 588.589 412.687 494.88 454.489 
682.909 455.6 588.156 413.33 494.262 454.503 
682.911 455.575 587.638 414.232 493.397 454.648 
682.884 455.556 586.854 415.738 491.89 454.864 
682.874 455.537 586.508 416.335 491.211 454.898 
682.86 455.53 586.017 417.339 490.335 454.884 
682.758 455.496 585.117 419.241 488.821 455.376 
682.698 455.481 584.735 420.037 488.068 455.791 
682.636 455.482 584.135 421.423 486.947 456.55 
682.578 455.423 583.115 423.805 485.355 457.624 
682.558 455.437 582.822 424.628 484.885 458.162 
682.516 455.458 582.406 425.975 483.954 458.732 
682.463 455.461 581.824 427.79 482.91 459.676 
682.354 455.53 581.668 428.407 482.429 460.009 
682.344 455.514 581.466 429.402 481.909 460.463 
682.324 455.527 581.182 430.905 481.4 460.959 
682.33 455.532 581.138 431.322 480.952 461.362 
682.332 455.544 581.116 431.978 480.677 461.608 
682.352 455.537 581.04 433.179 480.174 462.095 
682.351 455.547 581.028 433.657 480.106 462.316 
682.346 455.547 580.973 434.545 479.911 462.54 
682.35 455.55 580.827 435.624 479.475 462.919 
682.335 455.564 580.766 436.103 479.296 463.033 
682.337 455.553 580.721 436.687 479.04 463.12 
682.353 455.571 580.554 438.065 478.384 463.388 
682.369 455.576 580.398 438.717 478.166 463.475 
682.393 455.663 580.334 439.48 477.944 463.571 
682.378 455.583 580.119 441.18 477.26 463.885 
682.37 455.578 580.015 441.856 476.984 463.907 
682.352 455.587 579.961 442.743 476.633 464.013 
682.346 455.586 579.862 444.478 476.271 464.076 
682.336 455.591 579.8 445.254 476.089 464.078 
682.346 455.584 579.902 446.037 475.668 464.087 
682.348 455.692 579.792 447.005 475.52 464.067 
682.362 455.691 579.855 447.757 475.437 464.077 
682.368 455.72 579.815 448.277 475.322 464.137 
682.478 455.662 579.937 448.919 475.292 464.124 
682.501 455.678 579.975 449.388 475.388 464.026 
682.508 455.697 579.937 449.803 475.41 463.875 
682.4 455.838 580.0 450.358 475.48 463.864 
682.432 455.755 580.03 450.643 475.503 463.874 
682.5 455.69 580.04 450.851 475.496 463.89 
682.418 455.755 580.055 450.997 475.461 463.915 
682.521 455.7 580.072 451.094 475.461 463.896 
682.447 455.732 580.081 451.196 475.459 463.814 
682.52 455.66 580.07 451.874 475.298 463.589 
682.43 455.722 580.091 452.223 475.281 463.59 
682.521 455.664 580.085 452.401 475.149 463.777 
682.413 455.752 580.136 452.465 475.162 464.041 
682.512 455.672 580.134 452.452 475.099 464.289 
682.495 455.672 580.209 452.51 475.222 464.23 
682.404 455.727 580.364 452.683 475.445 464.193 
682.412 455.731 580.435 452.919 475.504 464.251 
682.52 455.682 580.475 453.073 475.514 464.284 
682.535 455.787 580.511 453.186 475.511 464.216 
682.464 455.762 580.499 453.226 475.468 464.181 
682.466 455.761 580.469 453.296 475.45 464.128 
682.463 455.842 580.465 453.426 475.319 463.921 
682.468 455.837 580.461 453.443 475.317 463.933 
682.444 455.842 580.432 453.44 475.282 464.005 
682.483 455.758 580.439 453.406 475.226 464.259 
682.482 455.758 580.433 453.34 475.249 464.358 
682.453 455.845 580.476 453.169 475.273 464.506 
682.448 455.85 580.406 452.676 475.506 464.746 
682.542 455.818 580.271 452.255 475.453 465.075 
682.517 455.82 580.242 451.894 475.531 465.175 
682.486 455.83 580.189 450.713 475.753 465.451 
682.479 455.833 580.142 450.073 475.84 465.724 
682.461 455.847 580.027 448.759 476.122 466.049 
682.426 455.87 579.883 445.826 476.517 465.854 
682.451 455.847 579.811 444.861 476.636 465.475 
682.427 455.845 579.863 443.208 476.944 465.076 
682.361 455.758 580.087 440.335 477.781 464.732 
682.381 455.841 580.195 439.75 478.009 464.66 
682.368 455.824 580.563 437.682 478.866 464.089 
682.322 455.755 580.949 436.214 479.569 463.313 
682.311 455.736 581.896 433.637 481.216 462.68 
682.327 455.744 582.341 432.725 481.797 462.477 
682.352 455.765 583.035 431.281 482.803 461.746 
682.372 455.87 584.132 429.012 484.354 460.804 
682.414 455.877 584.615 428.188 484.979 460.504 
682.443 455.9 585.208 427.076 486.145 459.882 
682.482 455.937 586.289 424.878 487.576 459.317 
682.492 455.944 586.69 424.051 488.316 458.937 
682.515 455.96 587.229 422.804 489.182 458.619 
682.514 455.963 588.189 421.015 490.549 457.92 
682.53 455.941 588.552 420.405 491.042 457.627 
682.52 455.946 589.045 419.555 491.895 457.327 
682.472 455.913 589.88 417.994 493.166 456.997 
682.441 455.907 590.219 417.346 493.827 456.827 
682.406 455.863 590.745 416.419 494.727 456.638 
682.276 455.764 591.719 414.931 496.382 456.587 
682.26 455.752 592.053 414.444 496.774 456.666 
682.228 455.634 592.599 413.71 497.799 456.567 
682.221 455.622 593.367 412.827 499.032 456.703 
682.25 455.611 593.703 412.403 499.581 456.706 
682.239 455.625 594.143 411.926 500.249 456.805 
682.273 455.732 594.814 411.192 501.288 456.927 
682.28 455.724 595.112 410.757 501.826 456.867 
682.281 455.749 595.467 410.197 502.63 456.776 
682.28 455.751 596.061 409.114 503.844 456.781 
682.375 455.673 596.375 408.597 504.359 456.686 
682.274 455.731 596.767 407.879 505.314 456.577 
682.203 455.622 597.433 406.52 506.795 456.353 
682.278 455.534 597.807 405.969 507.525 456.403 
682.267 455.495 598.268 405.196 508.535 456.211 
681.98 455.525 599.137 403.811 510.463 456.121 
681.969 455.504 599.488 403.264 510.912 456.142 
681.955 455.495 599.948 402.517 512.127 456.001 
681.962 455.461 600.735 401.493 513.621 455.831 
681.964 455.455 601.117 401.08 514.29 455.794 
681.947 455.477 601.648 400.372 515.097 455.948 
681.958 455.486 602.619 399.422 516.777 456.038 
681.966 455.494 603.082 399.024 517.691 455.942 
681.977 455.499 603.761 398.443 518.913 455.851 
682.01 455.512 605.067 397.347 520.75 456.042 
682.022 455.527 605.492 397.01 521.817 455.984 
682.234 455.502 606.241 396.473 522.907 456.169 
682.312 455.532 607.187 395.678 524.653 456.3 
682.312 455.536 607.584 395.392 525.173 456.378 
682.433 455.447 607.996 395.204 525.896 456.451 
682.423 455.422 608.595 394.934 526.862 456.612 
682.312 455.517 608.79 394.886 527.224 456.614 
682.287 455.506 609.177 394.773 527.661 456.773 
682.083 455.516 609.653 394.433 528.453 456.928 
682.084 455.508 609.828 394.273 529.0 456.911 
682.066 455.496 610.099 393.982 529.436 457.104 
682.095 455.501 610.579 393.179 530.775 456.968 
682.276 455.475 610.849 392.766 531.423 456.917 
682.4 455.412 611.08 392.316 532.148 456.829 
682.458 455.405 611.488 391.333 533.575 456.535 
682.477 455.392 611.703 390.828 534.301 456.502 
682.486 455.385 611.929 390.309 535.08 456.401 
682.464 455.342 612.459 389.168 536.525 456.173 
682.45 455.322 612.658 388.851 537.181 456.08 
682.402 455.281 612.987 388.247 538.194 456.021 
682.348 455.172 613.598 387.225 539.872 455.885 
682.337 455.128 613.881 386.942 540.68 455.704 
682.338 455.072 614.458 386.391 541.732 455.572 
682.414 454.871 615.568 385.49 543.316 455.256 
682.435 454.806 616.023 385.145 544.175 455.034 
682.497 454.709 616.645 384.75 545.026 454.852 
682.568 454.46 617.705 384.171 546.486 454.477 
682.728 454.255 618.048 383.988 547.057 454.392 
682.798 454.217 618.543 383.651 547.97 454.432 
682.857 454.197 619.146 383.149 549.012 454.248 
682.854 454.2 619.275 383.075 549.343 454.191 
682.852 454.193 619.347 382.893 549.531 454.268 
682.81 454.18 619.386 382.784 550.211 454.641 
682.783 454.154 619.378 382.683 550.403 454.73 
682.681 454.1 619.415 382.626 550.615 454.768 
682.564 454.054 619.771 382.464 550.933 454.686 
682.559 454.051 619.92 382.424 551.046 454.66 
682.547 454.031 620.152 382.373 551.206 454.525 
682.63 454.032 620.403 382.494 551.215 454.295 
682.694 454.052 620.414 382.539 551.208 454.367 
682.811 454.111 620.33 382.705 551.262 454.59 
682.867 454.198 620.279 382.874 551.095 455.029 
682.85 454.211 620.317 382.864 551.221 454.934 
682.822 454.214 620.5 382.784 551.325 454.796 
682.755 454.174 620.972 382.506 552.282 454.759 
682.685 454.144 621.278 382.301 552.669 454.737 
682.643 454.104 621.572 382.153 553.25 454.598 
682.695 454.078 621.632 382.135 553.101 454.479 
682.749 454.098 621.502 382.221 553.01 454.613 
682.829 454.149 621.21 382.452 552.828 455.043 
682.856 454.196 620.782 382.783 552.535 455.657 
682.843 454.195 620.658 382.815 552.47 455.721 
682.807 454.183 620.625 382.772 552.477 455.722 
682.687 454.104 620.624 382.67 552.607 455.638 
682.662 454.081 620.588 382.657 552.61 455.657 
682.627 454.051 620.485 382.716 552.514 455.781 
682.587 453.998 620.215 382.948 552.369 456.116 
682.586 453.986 620.04 383.118 552.372 456.146 
682.582 453.972 619.971 383.294 552.128 456.601 
682.628 453.98 619.787 383.719 551.846 456.977 
682.64 454.003 619.735 383.848 551.682 457.113 
682.703 454.076 619.69 384.081 551.435 457.304 
682.812 454.181 619.618 384.195 551.299 457.433 
682.878 454.218 619.579 384.248 551.28 457.54 
682.877 454.328 619.568 384.271 551.331 457.53 
682.912 454.265 619.527 384.36 550.73 457.521 
682.888 454.388 619.443 384.439 550.493 457.522 
682.89 454.411 619.229 384.632 549.985 457.612 
682.868 454.456 618.732 385.165 548.697 457.72 
682.868 454.459 618.37 385.432 548.071 457.729 
682.867 454.47 617.952 385.754 547.156 457.656 
682.874 454.492 617.052 386.419 545.374 457.613 
682.862 454.474 616.598 386.819 544.724 457.697 
682.864 454.485 616.111 387.068 543.791 457.667 
682.834 454.495 615.125 387.723 542.19 457.511 
682.829 454.491 614.742 387.887 541.37 457.424 
682.762 454.582 614.107 388.202 540.066 457.361 
682.75 454.602 612.783 388.971 537.668 457.031 
682.753 454.606 612.284 389.368 536.62 456.999 
682.742 454.621 611.413 389.968 535.001 457.074 
682.708 454.673 610.034 390.888 533.022 456.774 
682.696 454.684 609.671 391.155 532.146 456.933 
682.664 454.69 609.109 391.486 531.18 456.896 
682.609 454.677 608.397 392.079 529.935 456.761 
682.584 454.685 608.174 392.262 529.396 456.831 
682.576 454.676 607.798 392.618 528.643 456.615 
682.613 454.685 606.948 393.335 527.002 456.457 
682.624 454.694 606.68 393.607 526.502 456.351 
682.618 454.726 606.276 394.052 525.492 456.404 
682.743 454.756 605.669 394.803 524.39 456.37 
682.741 454.79 605.51 395.022 524.022 456.247 
682.758 454.819 605.209 395.324 523.486 456.152 
682.781 454.864 604.511 396.006 521.963 456.034 
682.793 454.868 604.096 396.345 521.396 455.868 
682.815 454.909 603.564 396.864 520.254 455.857 
682.888 454.996 602.575 397.758 518.743 455.67 
682.924 455.073 602.245 398.055 518.038 455.727 
682.929 455.09 601.768 398.395 517.202 455.699 
682.923 455.086 601.074 398.849 516.139 455.474 
682.914 455.09 600.572 399.286 515.471 455.27 
682.913 455.071 600.07 399.609 514.569 455.194 
682.871 455.003 599.157 400.338 512.936 455.241 
682.866 454.982 598.775 400.671 512.581 455.169 
682.82 454.976 598.356 401.0 511.804 455.015 
682.82 454.985 597.906 401.447 511.196 454.908 
682.786 454.969 597.541 401.889 510.329 454.828 
682.782 454.984 597.345 402.235 509.869 454.893 
682.814 454.994 597.075 402.561 509.449 454.785 
682.902 455.089 596.408 403.468 508.258 454.546 
682.918 455.11 596.122 403.868 507.65 454.53 
682.953 455.143 595.673 404.448 506.644 454.458 
683.012 455.225 594.927 405.343 505.363 454.455 
683.103 455.252 594.636 405.761 504.883 454.501 
683.098 455.277 594.328 406.145 504.152 454.522 
683.058 455.289 593.842 406.953 503.275 454.371 
683.057 455.282 593.792 407.071 503.1 454.357 
682.964 455.267 593.627 407.417 502.693 454.318 
682.946 455.245 593.343 407.906 502.148 454.24 
682.936 455.265 592.962 408.603 501.349 454.173 
682.937 455.256 592.812 408.883 501.126 454.061 
682.947 455.271 592.36 409.683 500.02 454.092 
683.017 455.282 591.838 410.429 499.219 453.912 
683.014 455.281 591.433 411.056 498.33 453.933 
683.026 455.304 590.989 411.707 497.602 453.701 
682.996 455.321 590.374 412.709 496.653 453.72 
682.901 455.362 590.123 413.171 496.021 453.753 
682.829 455.429 589.474 414.329 494.879 453.751 
682.761 455.449 588.765 415.597 493.586 453.864 
682.757 455.444 588.401 416.402 492.89 453.911 
682.766 455.451 587.437 418.399 491.328 454.25 
682.777 455.475 586.322 420.909 489.359 455.436 
682.814 455.495 585.777 422.333 488.439 455.994 
682.75 455.51 584.788 425.11 486.692 457.169 
682.708 455.541 583.828 427.824 485.019 458.305 
682.693 455.559 583.451 429.063 484.396 458.846 
682.644 455.574 582.838 431.198 483.139 460.005 
682.582 455.583 582.257 432.727 482.135 460.564 
682.566 455.575 582.069 433.314 481.78 460.717 
682.55 455.579 581.711 434.159 481.221 460.994 
682.579 455.568 581.532 434.705 480.825 461.076 
682.523 455.546 581.466 435.015 480.571 461.085 
682.523 455.532 581.268 435.601 480.244 461.212 
682.526 455.503 581.008 436.608 479.948 461.588 
682.54 455.412 580.914 437.198 479.708 461.729 
682.498 455.406 580.582 438.954 478.754 462.281 
682.482 455.398 580.2 440.712 478.191 462.695 
682.462 455.401 580.081 441.545 477.858 462.867 
682.415 455.395 579.95 443.309 477.125 463.261 
682.411 455.392 579.683 444.693 476.805 463.667 
682.405 455.398 579.608 445.311 476.692 463.765 
682.398 455.389 579.715 446.306 476.635 463.824 
682.433 455.382 579.786 447.398 476.603 463.945 
682.437 455.37 579.907 447.781 476.644 463.975 
682.468 455.398 579.947 448.582 476.698 464.134 
682.526 455.529 580.17 449.567 476.819 464.383 
682.589 455.563 580.223 449.811 476.88 464.622 
682.629 455.609 580.284 450.209 476.886 464.797 
682.627 455.641 580.32 450.297 476.89 464.924 
682.533 455.804 580.339 450.347 476.874 464.968 
682.528 455.801 580.363 450.466 476.894 465.027 
682.495 455.812 580.352 450.541 476.943 465.14 
682.492 455.815 580.323 450.544 476.936 465.184 
682.481 455.814 580.272 450.57 476.86 465.182 
682.471 455.831 580.24 450.655 476.796 465.188 
682.475 455.824 580.212 450.699 476.775 465.187 
682.472 455.811 580.193 450.77 476.745 465.22 
682.468 455.806 580.203 450.804 476.782 465.277 
682.49 455.805 580.213 450.805 476.78 465.289 
682.499 455.813 580.232 450.837 476.821 465.318 
682.511 455.823 580.223 450.86 476.827 465.315 
682.532 455.825 580.224 450.854 476.827 465.299 
682.556 455.855 580.214 450.853 476.803 465.261 
682.59 455.858 580.217 450.848 476.794 465.243 
682.579 455.869 580.204 450.864 476.786 465.262 
682.599 455.867 580.208 450.893 476.784 465.279 
682.633 455.894 580.21 451.015 476.788 465.35 
682.634 455.883 580.211 451.033 476.825 465.368 
682.628 455.881 580.217 451.079 476.794 465.421 
682.635 455.901 580.2 451.083 476.787 465.435 
682.655 455.891 580.2 451.092 476.77 465.473 
682.691 455.9 580.193 451.091 476.798 465.56 
682.717 455.912 580.202 451.106 476.792 465.571 
682.723 455.992 580.212 451.107 476.805 465.572 
682.788 456.015 580.208 451.132 476.816 465.592 
682.871 456.037 580.225 451.138 476.805 465.591 
682.877 456.056 580.226 451.149 476.774 465.605 
682.944 456.09 580.248 451.184 476.725 465.646 
682.972 456.132 580.267 451.234 476.708 465.683 
682.991 456.156 580.274 451.264 476.721 465.682 
