761.137 475.3 665.401 427.611 600.276 460.916 
761.134 475.305 665.409 427.666 600.264 460.895 
761.111 475.345 665.441 427.738 600.263 460.876 
761.097 475.349 665.434 427.867 600.234 460.747 
761.09 475.357 665.443 427.895 600.081 460.73 
761.097 475.347 665.426 427.901 599.91 460.703 
761.107 475.3 665.338 427.965 599.542 460.657 
761.115 475.286 665.278 428.007 599.378 460.677 
761.102 475.34 665.162 428.111 599.299 460.753 
761.153 475.498 664.852 428.206 599.306 460.789 
761.146 475.523 664.818 428.236 599.321 460.805 
761.158 475.549 664.782 428.25 599.307 460.833 
761.154 475.589 664.758 428.223 599.294 460.888 
761.153 475.592 664.771 428.165 599.343 460.893 
761.13 475.579 664.56 428.001 599.533 460.901 
761.086 475.473 665.061 427.552 599.935 460.845 
761.119 475.549 665.12 427.381 600.05 460.796 
761.121 475.51 665.314 427.065 600.225 460.739 
761.077 475.366 665.417 426.743 600.693 460.724 
761.096 475.362 665.447 426.719 600.729 460.71 
761.113 475.307 665.569 426.633 600.893 460.641 
761.118 475.279 665.84 426.337 601.316 460.49 
761.117 475.261 665.874 426.159 601.364 460.449 
761.198 475.363 665.976 425.67 601.643 460.254 
761.2 475.37 666.479 425.166 602.119 460.172 
761.101 475.258 666.88 424.31 602.774 460.017 
761.098 475.261 666.971 424.038 602.888 459.954 
761.109 475.252 667.068 423.723 603.032 459.884 
761.139 475.236 667.272 423.298 603.496 459.985 
761.138 475.2 667.28 423.202 603.528 460.003 
761.32 475.21 667.38 422.926 603.583 459.977 
761.32 475.159 667.544 422.496 604.082 460.004 
761.347 475.165 667.665 422.193 604.252 459.949 
761.329 475.145 667.927 421.669 604.436 459.801 
761.328 475.134 668.439 420.575 605.466 459.768 
761.336 475.112 668.724 420.041 605.781 459.629 
761.34 475.105 669.095 419.329 606.168 459.522 
761.384 475.067 669.872 418.041 607.248 459.589 
761.411 475.055 670.059 417.546 607.851 459.662 
761.428 475.033 670.41 417.022 608.294 459.702 
761.496 474.919 670.947 416.127 608.904 459.877 
761.498 474.908 671.131 415.853 609.173 460.051 
761.542 474.885 671.283 415.504 609.605 460.155 
761.522 474.886 671.533 414.808 610.113 460.224 
761.526 474.914 671.695 414.489 610.258 460.223 
761.515 474.901 672.066 414.079 610.789 460.285 
761.493 474.928 672.459 413.173 611.569 460.458 
761.486 474.93 672.75 412.86 611.793 460.561 
761.477 474.932 673.114 412.362 612.439 460.599 
761.516 474.957 673.756 411.448 613.213 460.554 
761.537 475.032 673.941 411.122 613.684 460.613 
761.572 474.952 674.373 410.667 614.305 460.785 
761.631 474.951 674.842 409.917 615.142 460.954 
761.639 474.952 674.988 409.688 615.4 460.982 
761.708 475.039 675.189 409.278 615.957 460.95 
761.684 475.08 675.779 408.471 617.135 461.112 
761.685 475.08 676.006 408.105 617.422 461.205 
761.668 475.105 676.382 407.547 618.162 461.396 
761.677 475.111 677.019 406.639 619.106 461.484 
761.69 475.116 677.233 406.374 619.737 461.49 
761.712 475.128 677.604 405.815 620.387 461.709 
761.765 475.133 678.134 405.213 621.483 461.961 
761.777 475.143 678.275 405.022 621.844 462.03 
761.86 475.203 678.49 404.667 622.307 462.216 
761.872 475.217 678.737 404.244 623.182 462.313 
761.882 475.244 678.862 404.127 623.371 462.313 
761.884 475.251 678.981 403.921 623.667 462.464 
761.841 475.29 679.393 403.451 624.43 462.576 
761.847 475.289 679.593 403.217 624.771 462.627 
761.851 475.305 679.819 402.912 625.227 462.853 
761.87 475.302 680.223 402.438 626.214 463.075 
761.873 475.272 680.422 402.254 626.531 463.107 
761.897 475.274 680.81 402.044 626.923 463.129 
761.989 475.233 681.255 401.572 627.933 463.249 
762.025 475.161 681.458 401.441 628.247 463.358 
762.058 475.124 681.809 401.12 628.563 463.397 
762.096 475.099 682.154 400.776 629.496 463.635 
762.11 475.084 682.301 400.565 629.64 463.628 
762.143 475.048 682.518 400.347 629.84 463.57 
762.18 475.02 682.877 400.008 630.5 463.624 
762.198 475.01 682.985 399.899 630.652 463.573 
762.21 475.014 683.236 399.793 631.014 463.576 
762.241 474.992 683.608 399.447 631.452 463.59 
762.235 474.971 683.729 399.326 631.879 463.582 
762.268 474.95 684.004 399.074 632.506 463.764 
762.394 474.914 684.516 398.668 633.422 463.893 
762.408 474.869 684.712 398.398 633.726 463.9 
762.449 474.824 684.997 398.169 634.291 463.873 
762.703 474.674 685.552 397.715 635.445 464.067 
762.77 474.661 685.956 397.47 635.7 464.082 
762.878 474.602 686.186 397.286 636.126 464.074 
762.999 474.38 686.496 397.049 637.006 464.31 
763.115 474.336 686.75 396.931 637.351 464.333 
763.207 474.285 686.902 396.856 637.968 464.404 
763.334 474.21 687.052 396.7 638.789 464.652 
763.443 474.191 687.067 396.685 638.914 464.645 
763.535 474.079 687.082 396.635 639.38 464.885 
763.67 474.017 687.091 396.627 639.819 464.904 
763.739 473.993 687.092 396.611 640.064 464.97 
763.785 473.93 687.266 396.544 640.448 464.946 
763.85 473.893 687.512 396.369 641.088 464.993 
763.858 473.883 687.6 396.289 641.452 465.183 
763.92 473.852 687.711 396.179 641.7 465.108 
764.189 473.88 687.943 396.1 641.761 465.2 
764.271 473.783 687.956 396.111 641.793 465.34 
764.343 473.767 687.973 396.149 641.766 465.403 
764.394 473.704 688.029 396.172 641.92 465.502 
764.405 473.66 688.065 396.153 642.102 465.522 
764.489 473.588 688.143 396.059 642.504 465.552 
764.546 473.444 688.387 395.796 642.839 465.576 
764.565 473.23 688.527 395.73 643.008 465.685 
764.662 473.191 688.773 395.631 643.132 465.763 
764.919 473.134 688.855 395.639 643.134 465.935 
764.982 473.104 688.857 395.656 643.113 465.976 
765.115 473.139 688.869 395.675 643.163 465.98 
765.122 473.143 688.922 395.657 643.304 465.961 
765.117 473.134 689.029 395.579 643.37 465.861 
765.145 473.144 689.187 395.376 643.494 465.848 
765.22 473.146 689.475 395.24 643.64 465.82 
765.299 473.143 689.557 395.184 643.67 465.803 
765.375 473.151 689.591 395.169 643.955 465.874 
765.49 473.182 689.378 395.349 644.055 466.063 
765.495 473.202 689.167 395.487 643.741 466.155 
765.491 473.244 688.731 395.699 643.744 466.37 
765.336 473.285 688.405 395.977 643.8 466.739 
765.326 473.29 688.343 396.016 643.742 466.77 
765.306 473.263 688.283 396.089 643.669 466.803 
765.368 473.269 688.274 396.081 643.666 466.84 
765.359 473.283 688.353 395.975 643.69 466.826 
765.362 473.292 688.452 395.937 643.672 466.803 
765.334 473.277 688.545 395.893 643.719 466.807 
765.331 473.284 688.602 395.868 643.78 466.799 
765.306 473.279 688.706 395.752 643.812 466.719 
765.28 473.245 688.997 395.579 643.761 466.529 
765.272 473.255 689.068 395.55 643.808 466.528 
765.28 473.26 689.198 395.443 644.08 466.528 
765.246 473.256 689.567 395.316 644.055 466.318 
765.27 473.254 689.678 395.162 644.133 466.173 
765.259 473.257 690.031 394.979 644.095 466.051 
765.231 473.268 690.159 394.793 644.117 466.042 
765.21 473.285 690.087 394.918 644.158 466.089 
765.208 473.313 689.848 394.991 644.193 466.131 
765.182 473.332 689.526 395.316 644.137 466.347 
765.169 473.337 689.405 395.372 644.065 466.448 
765.179 473.347 689.167 395.462 643.679 466.503 
765.177 473.349 688.946 395.601 643.619 466.807 
765.189 473.531 688.709 395.73 643.622 466.905 
765.185 473.552 688.621 395.799 643.63 466.962 
765.063 473.469 688.566 395.871 643.485 467.197 
765.078 473.48 688.554 395.879 643.444 467.275 
765.087 473.475 688.526 395.899 643.455 467.494 
765.093 473.473 688.501 395.937 643.459 467.395 
765.188 473.561 688.504 395.937 643.494 467.404 
765.191 473.54 688.519 395.907 643.483 467.372 
765.166 473.345 688.536 395.866 643.45 467.41 
765.148 473.332 688.498 395.857 643.436 467.561 
765.142 473.333 688.478 395.861 643.307 467.55 
765.137 473.329 688.402 395.873 643.268 467.594 
765.136 473.316 688.354 395.876 643.177 467.593 
765.138 473.324 688.274 395.908 643.05 467.574 
765.136 473.341 688.108 396.039 642.893 467.652 
765.13 473.362 687.931 396.226 642.797 467.694 
765.115 473.532 687.804 396.299 642.477 467.63 
765.051 473.564 687.645 396.389 642.213 467.537 
765.015 473.563 687.484 396.482 642.124 467.647 
764.985 473.585 687.248 396.539 642.023 467.689 
764.976 473.611 687.144 396.591 641.861 467.802 
764.966 473.611 687.083 396.607 641.737 467.756 
764.963 473.62 686.995 396.73 641.454 467.596 
764.948 473.63 686.721 396.897 640.84 467.467 
764.946 473.65 686.42 397.093 640.475 467.375 
764.908 473.66 686.129 397.424 639.966 467.422 
764.784 473.667 685.505 397.845 639.198 467.372 
764.73 473.675 685.345 398.017 639.04 467.469 
764.613 473.712 685.118 398.075 638.746 467.446 
764.572 473.712 684.903 398.245 638.349 467.414 
764.558 473.719 684.847 398.283 638.242 467.35 
764.548 473.687 684.51 398.465 637.795 467.213 
764.555 473.697 684.228 398.728 637.595 467.175 
764.572 473.708 683.764 399.161 636.907 467.064 
764.572 473.732 683.536 399.347 636.667 467.047 
764.556 473.78 683.111 399.581 636.057 467.066 
764.495 473.926 682.517 400.188 635.24 467.084 
764.476 473.927 682.324 400.322 634.877 467.097 
764.441 473.946 682.031 400.618 634.604 467.007 
764.373 473.953 681.659 400.853 634.177 467.065 
764.36 473.962 681.541 400.884 633.992 467.021 
764.326 473.965 681.407 400.987 633.56 466.902 
764.322 473.958 681.111 401.339 633.061 466.764 
764.333 473.961 680.979 401.467 632.923 466.767 
764.334 473.973 680.718 401.735 632.457 466.669 
764.321 474.003 680.198 402.098 631.725 466.532 
764.317 474.011 680.022 402.308 631.498 466.54 
764.317 474.027 679.83 402.546 631.293 466.595 
764.244 474.022 679.56 402.69 630.467 466.349 
764.244 474.021 679.469 402.833 630.394 466.485 
764.217 474.024 679.37 402.923 630.097 466.369 
764.192 473.998 679.09 403.144 629.557 466.287 
764.186 473.998 679.023 403.261 629.383 466.289 
764.193 474.006 678.788 403.533 628.878 466.224 
764.188 474.013 678.514 403.922 628.332 466.086 
764.18 474.012 678.4 404.049 628.1 466.07 
764.157 474.012 678.219 404.287 627.392 465.849 
763.966 473.948 677.811 404.632 627.027 465.776 
763.951 473.951 677.726 404.73 626.813 465.793 
763.961 473.953 677.598 404.94 626.572 465.78 
763.916 473.962 677.319 405.178 626.087 465.708 
763.938 473.961 677.226 405.288 625.629 465.482 
763.898 473.981 677.028 405.518 625.376 465.45 
763.908 474.011 676.536 406.116 624.26 465.112 
763.885 474.023 676.355 406.376 623.954 465.131 
763.876 474.053 676.074 406.664 623.479 465.07 
763.844 474.086 675.643 407.154 622.584 464.901 
763.815 474.088 675.377 407.396 622.378 464.993 
763.792 474.09 675.159 407.603 622.034 464.946 
763.707 474.078 674.895 407.908 621.262 464.769 
763.706 474.077 674.827 408.019 621.065 464.754 
763.745 474.074 674.724 408.236 620.751 464.656 
763.693 474.085 674.511 408.627 620.077 464.609 
763.72 474.083 674.417 408.842 619.673 464.505 
763.721 474.077 674.307 409.015 619.448 464.315 
763.764 474.074 674.064 409.371 619.117 464.345 
763.689 474.096 674.021 409.465 618.915 464.234 
763.678 474.068 673.906 409.606 618.608 464.151 
763.662 474.07 673.712 409.856 617.918 464.022 
763.635 474.08 673.624 410.052 617.717 463.991 
763.646 474.079 673.452 410.271 617.336 463.834 
763.633 474.186 673.082 410.755 616.478 463.631 
763.619 474.1 672.944 410.948 616.309 463.554 
763.614 474.201 672.674 411.227 615.817 463.393 
763.575 474.202 672.379 411.71 615.039 463.274 
763.555 474.19 672.284 411.841 614.867 463.22 
763.517 474.197 672.085 412.129 614.612 463.103 
763.513 474.206 671.415 412.575 613.655 462.698 
763.505 474.229 671.542 412.786 613.369 462.531 
763.483 474.229 671.299 413.102 613.002 462.529 
763.484 474.241 670.903 413.805 611.965 462.369 
763.464 474.26 670.761 414.04 611.733 462.251 
763.453 474.261 670.416 414.495 611.374 462.202 
763.423 474.256 670.008 415.116 610.316 461.87 
763.42 474.265 669.862 415.391 610.041 461.836 
763.377 474.301 669.633 415.764 609.664 461.801 
763.388 474.307 669.103 416.431 608.824 461.553 
763.377 474.305 668.989 416.623 608.687 461.523 
763.375 474.326 668.761 416.984 608.305 461.404 
763.365 474.353 668.372 417.68 607.353 461.055 
763.342 474.355 668.175 417.942 607.11 461.058 
763.347 474.383 667.837 418.416 606.667 461.008 
763.315 474.409 667.419 419.117 605.85 460.793 
763.291 474.421 667.268 419.404 605.633 460.762 
763.271 474.447 667.018 419.729 605.389 460.716 
763.231 474.468 666.57 420.4 604.478 460.426 
763.236 474.47 666.477 420.653 604.303 460.423 
763.217 474.459 666.282 420.973 604.017 460.419 
763.233 474.452 665.949 421.635 603.508 460.306 
763.214 474.446 665.853 421.836 602.99 460.191 
763.221 474.446 665.348 422.274 602.769 460.022 
763.215 474.397 665.355 422.973 602.149 459.724 
763.198 474.367 665.212 423.238 601.948 459.723 
763.216 474.347 665.044 423.717 601.689 459.682 
763.183 474.281 664.807 424.54 601.034 459.719 
763.183 474.266 664.709 424.789 600.909 459.766 
763.173 474.236 664.467 425.094 600.501 459.8 
763.181 474.191 664.219 425.752 599.86 459.686 
763.188 474.173 664.128 426.002 599.76 459.564 
763.176 474.152 663.983 426.349 599.522 459.471 
763.167 474.142 663.673 427.114 598.932 459.351 
763.12 474.144 663.512 427.453 598.731 459.373 
763.086 474.171 663.236 427.921 598.278 459.412 
763.052 474.228 662.961 428.644 597.944 459.499 
763.004 474.255 662.843 428.989 597.634 459.462 
762.981 474.276 662.666 429.458 597.414 459.487 
762.995 474.26 662.268 430.335 596.791 459.472 
762.973 474.279 662.17 430.614 596.65 459.511 
762.906 474.197 662.004 431.157 596.268 459.562 
762.874 474.186 661.679 431.975 595.657 459.483 
762.941 474.305 661.589 432.329 595.504 459.402 
762.866 474.215 661.422 432.791 595.26 459.455 
762.835 474.211 661.031 433.597 594.979 459.556 
762.827 474.22 660.928 433.876 594.862 459.591 
762.793 474.22 660.708 434.417 594.283 459.627 
762.761 474.216 660.513 435.025 593.973 459.771 
762.762 474.199 660.484 435.3 593.896 459.825 
762.727 474.222 660.347 435.787 593.861 459.967 
762.708 474.394 660.119 436.562 593.658 460.36 
762.701 474.398 660.051 436.865 593.44 460.408 
762.671 474.415 659.936 437.44 593.293 460.616 
762.598 474.409 659.69 438.265 592.866 460.98 
762.603 474.304 659.57 438.58 592.752 461.088 
762.402 474.217 659.023 439.039 592.546 461.269 
762.378 474.207 659.131 439.691 592.451 461.692 
762.392 474.207 659.049 439.929 592.373 461.77 
762.392 474.201 659.034 440.239 592.222 461.924 
762.412 474.201 658.932 440.705 591.697 461.937 
762.414 474.195 658.816 440.995 591.639 462.065 
762.408 474.203 658.699 441.401 591.517 462.241 
762.396 474.222 658.564 441.853 591.271 462.597 
762.394 474.218 658.496 442.148 591.202 462.653 
762.378 474.218 658.421 442.497 591.124 462.777 
762.375 474.225 657.981 443.039 590.88 462.978 
762.355 474.235 657.973 443.119 590.857 463.009 
762.338 474.245 657.926 443.29 590.791 463.038 
762.335 474.249 658.148 443.512 590.711 463.105 
762.34 474.235 658.04 443.914 590.583 463.265 
762.322 474.229 657.984 444.157 590.481 463.31 
762.315 474.23 657.87 444.484 590.163 463.379 
762.309 474.233 657.791 445.411 589.919 463.91 
762.312 474.234 657.747 445.628 589.889 464.038 
762.317 474.229 657.68 446.163 589.742 464.213 
762.301 474.239 657.227 447.171 589.402 464.462 
762.296 474.233 657.19 447.527 589.287 464.612 
762.287 474.243 657.402 447.956 589.161 464.864 
762.25 474.253 657.344 448.592 588.897 465.145 
762.209 474.273 657.314 448.716 588.852 465.168 
762.18 474.281 657.282 448.773 588.801 465.202 
762.124 474.281 657.258 448.709 588.758 465.265 
762.127 474.283 657.252 448.67 588.772 465.278 
762.113 474.391 657.26 448.641 588.788 465.234 
762.115 474.448 657.276 448.715 588.795 465.19 
762.101 474.563 657.302 448.761 588.789 465.213 
762.101 474.598 657.296 448.795 588.804 465.266 
762.076 474.654 657.245 448.67 588.828 465.288 
762.063 474.675 657.234 448.563 588.849 465.279 
762.042 474.688 656.861 448.324 588.869 465.205 
762.02 474.737 657.151 447.921 588.931 465.109 
762.011 474.74 657.141 447.837 589.117 465.144 
762.01 474.736 657.141 447.724 589.124 465.122 
762.002 474.709 657.135 447.739 588.899 465.072 
762.021 474.732 657.133 447.756 588.919 465.094 
762.001 474.745 657.145 447.734 589.128 465.145 
762.002 474.775 657.193 447.666 589.197 465.056 
762.009 474.787 657.2 447.62 589.197 465.018 
761.988 474.785 657.213 447.516 589.231 465.002 
761.983 474.817 657.199 447.293 589.259 464.961 
761.958 474.802 657.198 447.224 589.256 464.934 
761.97 474.808 657.199 447.135 589.277 464.95 
761.964 474.815 656.921 446.989 589.372 464.965 
761.959 474.818 656.93 446.785 589.387 464.932 
761.971 474.814 656.956 446.631 589.453 464.859 
761.967 474.804 656.929 446.235 589.543 464.737 
761.969 474.807 656.954 446.042 589.569 464.699 
761.983 474.812 656.958 445.737 589.662 464.634 
761.958 474.825 657.398 445.093 589.878 464.516 
761.955 474.829 657.44 444.92 589.875 464.341 
761.948 474.841 657.468 444.653 589.973 464.215 
761.962 474.833 657.552 444.151 590.037 464.043 
761.964 474.825 657.578 443.987 590.051 463.945 
761.961 474.826 657.616 443.692 590.107 463.86 
761.982 474.819 657.612 443.258 590.274 463.73 
761.979 474.811 657.657 443.115 590.307 463.652 
761.995 474.802 657.726 442.828 590.322 463.434 
761.993 474.783 657.828 442.382 590.633 463.396 
761.987 474.769 657.834 442.249 590.697 463.344 
761.987 474.74 657.87 442.045 590.759 463.284 
761.979 474.744 657.866 441.681 590.887 463.195 
761.96 474.737 657.88 441.573 590.916 463.17 
761.94 474.706 657.878 441.331 591.107 463.132 
761.935 474.737 657.713 440.975 591.209 463.031 
761.931 474.745 657.728 440.842 591.227 462.919 
761.93 474.75 657.796 440.605 591.277 462.841 
761.938 474.777 658.178 440.129 591.421 462.704 
761.938 474.773 658.19 439.973 591.476 462.66 
761.942 474.784 658.248 439.696 591.555 462.499 
761.943 474.806 658.402 438.837 591.958 462.378 
761.947 474.824 658.478 438.465 592.09 462.28 
761.938 474.807 658.62 437.686 592.465 462.115 
761.929 474.788 659.023 436.445 592.732 461.628 
761.952 474.787 659.119 435.992 592.926 461.511 
761.951 474.772 659.285 435.233 593.565 461.369 
761.982 474.764 659.579 434.009 593.944 461.048 
761.976 474.773 659.697 433.539 594.108 460.822 
761.995 474.776 659.96 432.978 594.352 460.714 
762.033 474.775 660.159 432.126 595.023 460.637 
762.054 474.797 660.251 431.854 595.135 460.616 
762.023 474.776 660.375 431.508 595.341 460.568 
762.03 474.797 660.609 430.667 595.587 460.416 
762.019 474.797 660.695 430.378 595.801 460.383 
762.004 474.778 661.005 429.756 596.514 460.442 
761.974 474.756 661.506 428.598 596.956 460.242 
761.963 474.719 661.657 428.101 597.279 460.133 
761.95 474.693 661.852 427.303 598.049 460.183 
761.976 474.664 662.443 426.123 598.917 460.241 
761.99 474.649 662.575 425.728 599.136 460.265 
762.024 474.608 662.766 425.221 599.598 460.269 
762.069 474.594 663.021 424.633 599.962 460.312 
762.086 474.603 663.1 424.386 600.376 460.408 
762.091 474.608 663.197 424.064 600.745 460.451 
762.065 474.645 663.433 423.304 601.267 460.56 
762.049 474.671 663.553 422.996 601.466 460.555 
762.035 474.688 663.746 422.478 602.091 460.724 
762.003 474.718 664.254 421.573 602.773 460.676 
761.996 474.741 664.425 421.279 603.204 460.739 
762.009 474.724 664.687 420.815 603.555 460.674 
762.037 474.702 665.042 420.15 604.166 460.694 
762.031 474.705 665.175 419.9 604.362 460.597 
762.054 474.699 665.517 419.61 604.863 460.648 
762.068 474.688 665.961 418.892 605.591 460.752 
762.076 474.675 666.149 418.57 605.815 460.722 
762.086 474.662 666.621 417.925 606.567 460.857 
762.074 474.653 667.238 416.941 607.666 460.825 
762.094 474.661 667.514 416.417 608.063 460.784 
762.09 474.663 668.034 415.918 608.683 460.718 
762.127 474.684 668.732 415.013 609.873 460.755 
762.126 474.684 669.097 414.611 610.179 460.898 
762.132 474.695 669.413 414.099 610.889 461.041 
762.157 474.694 669.903 413.474 611.694 461.074 
762.149 474.694 670.095 413.138 612.128 461.114 
762.157 474.68 670.421 412.725 612.587 461.104 
762.138 474.669 670.891 412.004 613.408 461.108 
762.153 474.672 671.135 411.648 614.117 461.371 
762.148 474.666 671.54 411.117 614.648 461.377 
762.175 474.677 672.214 410.093 615.994 461.577 
762.183 474.677 672.537 409.651 616.68 461.563 
762.274 474.703 673.149 409.031 617.605 461.686 
762.322 474.722 674.096 407.951 619.334 461.929 
762.326 474.733 674.439 407.513 620.069 462.025 
762.351 474.736 674.971 406.795 621.045 462.193 
762.467 474.834 675.957 405.726 622.934 462.398 
762.418 474.712 676.313 405.283 623.58 462.448 
762.464 474.706 676.819 404.885 624.623 462.708 
762.742 474.868 677.469 404.119 625.759 462.879 
762.8 474.87 677.638 403.925 626.227 462.978 
762.824 474.881 678.003 403.655 626.754 463.113 
762.829 474.909 678.258 403.401 627.609 463.495 
762.836 474.931 678.315 403.333 627.89 463.496 
762.841 474.924 678.365 403.213 628.094 463.602 
762.827 474.914 678.373 403.18 628.33 463.694 
762.822 474.906 678.407 403.159 628.423 463.748 
762.804 474.903 678.453 403.099 628.609 463.8 
762.815 474.861 678.706 402.768 629.365 463.981 
762.823 474.835 678.884 402.663 629.512 463.976 
762.828 474.722 679.25 402.456 629.838 463.939 
762.904 474.66 679.828 401.92 630.867 464.039 
762.933 474.628 680.092 401.679 631.146 463.971 
762.984 474.584 680.617 401.312 631.548 463.896 
763.028 474.351 681.28 400.812 632.609 463.832 
763.115 474.314 681.576 400.6 632.85 463.825 
763.163 474.252 682.003 400.332 633.474 463.837 
763.29 474.059 682.52 399.896 634.327 463.952 
763.334 473.997 682.667 399.762 634.48 463.881 
763.377 473.923 683.009 399.43 635.184 463.988 
763.479 473.876 683.591 399.171 635.785 463.995 
763.494 473.874 683.747 399.063 636.023 464.134 
763.587 473.765 684.004 398.826 636.657 464.175 
763.671 473.738 684.652 398.43 637.363 463.963 
763.74 473.716 684.881 398.273 637.915 463.979 
763.797 473.677 685.363 397.948 638.615 463.995 
763.916 473.562 686.294 397.29 639.858 463.926 
763.982 473.522 686.583 397.077 640.131 463.865 
764.299 473.44 686.999 396.878 640.511 463.696 
764.681 473.248 687.33 396.661 640.959 463.694 
764.836 473.214 687.508 396.693 641.056 463.707 
765.052 473.266 687.567 396.688 641.149 463.806 
765.109 473.295 687.518 396.704 641.559 464.034 
765.081 473.3 687.445 396.757 641.713 464.214 
765.055 473.298 687.362 396.799 641.851 464.24 
765.038 473.27 687.08 396.967 641.736 464.156 
765.055 473.279 687.016 397.016 641.72 464.19 
765.048 473.324 686.948 397.105 641.757 464.299 
764.926 473.524 686.968 397.1 642.064 464.382 
764.896 473.53 687.111 397.053 642.411 464.441 
764.901 473.536 687.263 396.943 642.851 464.413 
764.988 473.536 687.902 396.529 643.271 464.228 
765.054 473.546 688.084 396.355 643.467 464.187 
765.193 473.555 688.291 396.211 643.512 464.144 
765.208 473.492 688.41 396.219 643.721 464.264 
765.224 473.515 688.399 396.253 643.794 464.342 
765.212 473.532 688.375 396.287 643.908 464.431 
765.167 473.514 688.282 396.313 643.876 464.503 
765.178 473.506 688.207 396.353 643.563 464.502 
765.183 473.496 687.951 396.538 643.388 464.831 
765.196 473.478 687.255 396.95 643.132 465.689 
765.186 473.473 687.163 397.002 643.042 465.882 
765.172 473.46 687.016 397.082 643.089 466.049 
765.207 473.307 687.293 396.94 643.292 465.982 
765.191 473.26 687.575 396.801 643.329 465.893 
765.211 473.185 687.794 396.566 643.411 465.609 
765.285 473.13 687.976 396.45 643.531 465.591 
765.298 473.138 688.019 396.472 643.595 465.608 
765.303 473.161 688.08 396.478 643.698 465.655 
765.231 473.197 688.282 396.323 643.798 465.525 
765.226 473.199 688.38 396.242 643.863 465.42 
765.206 473.228 688.597 396.042 643.922 465.156 
765.21 473.26 688.906 395.947 644.38 464.975 
765.211 473.286 689.003 395.897 644.624 464.928 
765.26 473.306 688.995 395.871 644.735 464.715 
765.286 473.332 688.806 396.038 644.808 464.626 
765.293 473.342 688.6 396.06 644.75 464.695 
765.315 473.537 688.397 396.306 644.663 464.998 
765.2 473.466 687.925 396.591 644.293 465.537 
765.181 473.449 687.757 396.772 644.159 465.753 
765.304 473.545 687.557 396.897 643.752 465.894 
765.275 473.541 687.316 396.969 643.58 466.082 
765.222 473.37 687.215 397.019 643.465 466.202 
765.204 473.351 687.095 397.016 643.323 466.233 
765.231 473.261 686.916 397.058 642.911 466.134 
765.233 473.23 686.792 397.103 642.709 466.097 
765.25 473.215 686.527 397.365 642.102 465.916 
765.288 473.306 686.051 397.608 641.585 466.247 
765.279 473.348 685.919 397.7 641.412 466.378 
765.211 473.37 685.763 397.817 641.305 466.658 
765.16 473.345 685.647 397.792 641.217 466.717 
765.118 473.318 685.737 397.749 641.135 466.654 
765.086 473.314 685.762 397.747 640.771 466.283 
765.002 473.362 685.554 397.873 640.058 465.639 
765.004 473.542 685.368 398.005 639.749 465.555 
764.983 473.577 684.973 398.332 638.826 465.305 
764.95 473.608 684.186 398.93 637.539 465.37 
764.903 473.638 683.692 399.308 636.634 465.477 
764.825 473.65 683.15 399.658 635.864 465.69 
764.671 473.646 682.625 400.142 635.111 465.618 
764.565 473.675 682.349 400.304 634.468 465.456 
764.574 473.696 682.091 400.583 634.2 465.237 
764.555 473.692 681.686 400.851 633.467 464.892 
764.566 473.693 681.394 401.084 632.86 464.838 
764.588 473.643 681.051 401.474 632.369 464.855 
764.631 473.645 680.527 401.885 631.556 464.874 
764.597 473.638 680.249 402.133 631.241 464.951 
764.628 473.659 679.952 402.453 630.684 464.905 
764.548 473.711 679.441 403.034 629.828 464.662 
764.494 473.732 679.11 403.217 629.526 464.521 
764.417 473.74 678.813 403.412 629.071 464.503 
764.34 473.915 678.391 403.838 628.317 464.405 
764.32 473.948 678.19 404.01 628.094 464.482 
764.283 473.971 677.841 404.244 627.711 464.41 
764.25 474.0 677.66 404.444 627.116 464.119 
764.233 474.009 677.452 404.591 626.751 463.935 
764.242 474.031 677.242 404.846 626.511 463.845 
764.27 474.064 676.907 405.233 625.546 463.748 
764.264 474.086 676.815 405.387 625.336 463.641 
764.256 474.103 676.539 405.729 624.966 463.611 
764.234 474.117 676.253 405.972 624.44 463.406 
764.223 474.107 676.199 406.063 624.143 463.323 
764.18 474.104 676.038 406.193 623.821 463.251 
763.983 474.021 675.919 406.32 623.626 463.253 
763.951 474.017 675.613 406.554 623.022 463.119 
763.934 474.023 675.372 406.764 622.802 463.052 
763.919 474.014 675.196 406.988 622.238 462.887 
763.911 474.032 674.814 407.489 621.536 462.679 
763.899 474.047 674.684 407.674 621.186 462.651 
763.879 474.036 674.479 408.009 620.683 462.517 
763.881 474.029 674.205 408.353 620.028 462.484 
763.86 474.017 673.935 408.615 619.822 462.414 
763.88 473.997 673.801 408.794 619.274 462.176 
763.858 473.975 673.563 409.179 618.797 462.003 
763.866 473.971 673.497 409.3 618.474 461.917 
763.877 473.933 673.362 409.509 618.081 461.893 
763.88 473.918 673.063 409.904 617.395 461.754 
763.903 473.939 672.98 410.016 617.2 461.621 
763.91 473.961 672.715 410.222 616.941 461.589 
763.975 473.946 672.552 410.463 616.273 461.385 
764.168 474.023 672.409 410.562 616.071 461.243 
764.219 474.033 672.293 410.756 615.956 461.266 
764.306 474.056 672.116 411.06 615.528 461.126 
764.337 474.047 672.04 411.194 615.338 461.06 
764.365 474.072 671.869 411.503 614.848 460.929 
764.353 474.107 671.438 411.99 614.341 460.75 
764.343 474.124 671.299 412.25 614.099 460.731 
764.315 474.147 671.071 412.528 613.546 460.596 
764.328 474.261 670.647 413.096 612.822 460.486 
764.26 474.17 670.482 413.25 612.497 460.487 
764.222 474.149 670.16 413.604 612.164 460.417 
763.982 474.04 669.83 414.083 611.351 460.141 
763.963 474.039 669.685 414.354 611.214 460.154 
763.94 474.024 669.515 414.615 610.762 459.907 
763.926 474.012 669.275 415.191 610.051 459.85 
763.925 473.982 669.21 415.309 609.958 459.822 
763.915 473.933 668.964 415.475 609.748 459.788 
763.908 473.847 668.75 415.937 609.233 459.731 
763.903 473.812 668.672 416.1 608.861 459.602 
763.941 473.773 668.561 416.373 608.534 459.404 
763.982 473.676 668.347 416.911 608.085 459.282 
763.987 473.661 668.276 417.19 607.815 459.223 
763.986 473.624 668.093 417.504 607.502 459.203 
763.972 473.587 667.771 417.936 606.96 459.169 
763.967 473.578 667.688 418.14 606.857 459.15 
763.967 473.554 667.617 418.361 606.58 459.062 
763.94 473.535 667.338 418.887 605.747 458.771 
763.923 473.539 667.28 419.122 605.501 458.745 
763.899 473.55 667.14 419.522 605.314 458.749 
763.864 473.597 666.977 419.977 604.788 458.617 
763.867 473.592 666.904 420.172 604.643 458.582 
763.836 473.576 666.707 420.55 604.241 458.508 
763.833 473.627 666.634 420.934 603.859 458.378 
763.806 473.619 666.604 421.087 603.78 458.391 
763.785 473.635 666.572 421.255 603.69 458.411 
763.763 473.661 666.514 421.54 603.566 458.345 
763.762 473.656 666.481 421.629 603.435 458.334 
763.743 473.68 666.331 421.811 603.112 458.158 
763.708 473.775 666.131 422.321 602.677 458.201 
763.714 473.798 666.046 422.49 602.592 458.201 
763.66 473.859 665.903 422.824 602.459 458.255 
763.598 473.966 665.516 423.398 601.946 458.142 
763.584 473.993 665.396 423.634 601.731 458.099 
763.534 474.045 665.075 424.183 601.229 458.042 
763.474 474.181 664.482 425.118 600.547 458.037 
763.429 474.212 664.327 425.467 600.332 458.123 
763.402 474.259 664.018 426.09 599.706 458.19 
763.331 474.309 663.542 427.014 599.183 458.38 
763.316 474.332 663.278 427.31 598.843 458.358 
763.247 474.351 663.12 427.931 598.347 458.238 
763.198 474.387 662.698 428.732 597.824 458.312 
763.183 474.383 662.563 429.119 597.7 458.404 
763.172 474.415 662.382 429.544 597.09 458.368 
763.128 474.431 661.941 430.529 596.567 458.53 
763.108 474.429 661.713 431.061 596.372 458.623 
763.12 474.47 661.391 431.929 595.549 458.785 
763.109 474.489 660.89 433.532 594.953 459.336 
763.087 474.49 660.668 434.154 594.606 459.721 
763.052 474.52 660.31 434.998 594.022 459.953 
762.961 474.776 659.711 436.104 593.436 460.402 
762.872 474.777 659.534 436.444 593.3 460.593 
762.786 474.8 659.323 436.851 593.092 460.751 
762.566 474.813 658.664 437.425 592.623 460.994 
762.54 474.803 658.628 437.587 592.572 461.087 
762.529 474.799 658.779 437.751 592.501 461.161 
762.559 474.809 658.667 438.317 592.429 461.288 
762.559 474.81 658.623 438.577 592.364 461.377 
762.586 474.812 658.606 438.951 592.258 461.468 
762.601 474.829 658.41 439.79 591.877 461.868 
762.594 474.818 658.341 440.092 591.753 461.985 
762.576 474.819 658.272 440.464 591.449 462.132 
762.536 474.804 657.694 441.055 591.284 462.33 
762.523 474.794 657.93 441.232 591.21 462.385 
762.423 474.647 657.863 441.545 591.086 462.47 
762.414 474.634 657.762 442.063 590.712 462.6 
762.415 474.631 657.715 442.353 590.602 462.623 
762.413 474.625 657.535 443.048 590.339 462.665 
762.416 474.627 657.286 444.506 589.724 462.854 
762.424 474.663 657.064 445.31 589.285 462.974 
762.402 474.651 656.531 446.489 588.91 463.347 
762.365 474.689 656.473 448.474 588.137 463.977 
762.389 474.813 655.996 449.212 587.856 464.267 
762.312 474.706 655.783 450.017 587.388 464.36 
762.194 474.703 655.998 450.545 587.183 464.43 
762.254 474.838 655.997 450.531 587.18 464.436 
762.258 474.852 656.015 450.326 587.248 464.516 
762.273 474.824 656.049 449.902 587.346 464.201 
762.283 474.814 656.084 449.81 587.37 464.14 
762.293 474.819 655.815 449.801 587.398 464.089 
762.294 474.802 655.856 449.83 587.667 464.394 
762.204 474.679 655.813 449.807 587.673 464.479 
762.204 474.697 655.868 449.55 587.697 464.716 
762.175 474.716 656.116 448.687 587.88 464.937 
762.147 474.701 656.272 448.076 587.982 464.9 
762.12 474.749 656.27 447.187 588.364 464.882 
762.086 474.735 656.433 445.789 588.657 464.46 
762.097 474.743 656.5 445.308 588.993 464.412 
762.09 474.746 656.645 444.429 589.224 464.236 
762.059 474.735 656.449 443.4 589.676 463.941 
762.068 474.738 656.846 442.896 589.717 463.73 
762.046 474.742 656.944 442.165 589.872 463.485 
762.038 474.767 657.117 440.881 590.218 462.999 
762.021 474.781 657.185 440.281 590.52 462.781 
762.008 474.78 657.351 439.393 590.891 462.44 
761.963 474.758 657.745 437.827 591.59 461.968 
761.985 474.78 657.877 437.178 591.793 461.782 
762.01 474.783 658.08 436.279 592.317 461.451 
762.064 474.781 658.707 434.5 593.105 461.045 
762.184 474.907 658.913 433.867 593.507 460.766 
762.229 474.906 659.246 432.753 593.852 460.395 
762.258 474.909 659.982 431.146 594.964 459.962 
762.248 474.923 660.291 430.437 595.242 459.757 
762.219 474.913 660.636 429.517 595.802 459.414 
762.192 474.906 661.313 427.87 596.658 459.078 
762.174 474.899 661.508 427.274 597.241 459.045 
762.175 474.912 661.581 426.503 597.876 459.147 
762.133 474.919 662.373 425.36 598.455 459.009 
762.166 474.922 662.57 424.992 599.018 459.062 
762.178 474.908 662.738 424.555 599.287 459.043 
762.141 474.764 662.996 424.098 599.605 459.11 
762.138 474.747 663.016 424.014 599.661 459.245 
762.13 474.74 663.053 423.826 599.723 459.339 
762.132 474.715 663.055 423.568 600.06 459.513 
762.112 474.716 663.074 423.481 600.141 459.587 
762.093 474.71 663.078 423.354 600.293 459.61 
762.045 474.7 663.184 423.032 600.553 459.684 
762.042 474.712 663.234 422.871 600.823 459.85 
762.008 474.706 663.32 422.413 601.014 459.895 
761.953 474.688 663.513 421.787 601.35 459.899 
761.956 474.692 663.642 421.545 601.782 460.099 
761.948 474.681 663.761 421.217 602.09 460.144 
761.959 474.672 664.151 420.6 602.592 460.174 
761.956 474.659 664.346 420.223 603.139 460.253 
761.943 474.661 664.619 419.667 603.549 460.186 
761.94 474.66 665.222 418.855 604.375 460.281 
761.944 474.647 665.432 418.518 604.835 460.253 
761.983 474.633 665.816 417.888 605.499 460.344 
761.992 474.59 666.288 417.244 606.301 460.52 
762.008 474.586 666.75 416.644 606.857 460.503 
762.0 474.574 667.098 416.085 607.259 460.491 
762.012 474.56 667.497 415.518 608.014 460.551 
762.016 474.558 667.795 415.156 608.532 460.701 
762.019 474.547 667.99 414.769 608.83 460.737 
762.027 474.549 668.24 414.416 609.575 460.918 
762.007 474.546 668.508 413.947 609.971 460.979 
761.998 474.554 668.67 413.6 610.596 461.05 
761.991 474.558 669.145 413.05 611.336 461.046 
761.977 474.562 669.42 412.472 611.723 461.115 
761.981 474.576 669.789 411.902 612.664 461.178 
761.999 474.594 670.436 411.227 613.606 461.309 
762.011 474.588 670.832 410.689 614.386 461.37 
762.039 474.584 671.423 410.128 615.204 461.34 
762.076 474.571 672.059 409.278 616.235 461.461 
762.116 474.453 672.465 408.751 617.301 461.696 
762.143 474.418 673.026 408.12 617.827 461.652 
762.351 474.263 673.531 407.436 618.992 461.853 
762.39 474.172 674.002 407.038 619.707 461.952 
762.459 474.081 674.284 406.66 620.406 462.151 
762.499 473.913 674.579 406.292 621.142 462.293 
762.502 473.877 674.62 406.214 621.33 462.372 
762.524 473.855 674.726 406.158 621.488 462.495 
762.535 473.874 674.718 406.096 621.89 462.806 
762.541 473.879 674.702 406.092 622.039 462.889 
762.52 473.875 674.718 406.053 622.162 463.071 
762.5 473.882 674.873 405.85 622.775 463.229 
762.492 473.895 675.055 405.617 623.08 463.232 
762.483 473.926 675.507 405.272 623.682 463.38 
762.472 473.899 676.19 404.549 624.885 463.427 
762.484 473.876 676.587 404.289 625.228 463.415 
762.529 473.819 677.053 403.908 625.974 463.557 
762.768 473.683 677.866 403.35 626.846 463.54 
762.827 473.623 678.141 403.092 627.361 463.607 
762.942 473.333 678.406 402.869 627.613 463.587 
763.063 472.963 678.685 402.672 628.18 463.814 
763.11 472.883 678.833 402.527 628.321 463.856 
763.148 472.663 679.126 402.417 628.527 463.899 
763.215 472.462 679.345 402.128 629.233 464.015 
763.232 472.411 679.419 402.03 629.519 464.039 
763.23 472.385 679.626 401.856 629.758 464.023 
763.202 472.523 680.185 401.416 630.665 463.995 
763.16 472.594 680.391 401.19 631.082 463.877 
763.24 472.688 680.958 400.878 631.817 463.811 
763.404 472.735 681.681 400.325 632.858 463.799 
763.534 472.751 682.403 399.806 633.963 463.796 
763.595 472.735 683.226 399.273 634.995 463.811 
763.888 472.757 684.441 398.388 636.619 463.61 
763.968 472.752 684.794 398.231 636.897 463.565 
764.246 472.675 685.694 397.683 637.974 463.44 
764.365 472.579 686.31 397.313 638.678 463.541 
764.617 472.332 686.897 396.988 639.666 463.77 
764.679 472.306 687.063 396.936 639.895 463.687 
764.772 472.269 687.147 396.934 640.021 463.635 
764.862 472.248 687.131 396.978 640.131 463.673 
764.868 472.25 687.094 396.994 640.136 463.685 
764.834 472.237 687.062 397.037 640.153 463.704 
764.78 472.21 687.035 396.958 640.148 463.536 
764.772 472.207 687.046 396.929 640.124 463.486 
764.71 472.209 687.119 396.891 640.226 463.463 
764.67 472.274 687.571 396.624 641.079 463.68 
764.658 472.286 687.812 396.308 641.304 463.557 
764.684 472.316 688.235 396.056 641.715 463.347 
764.817 472.339 688.84 395.664 642.203 463.206 
764.904 472.322 688.901 395.623 642.212 463.192 
765.006 472.314 688.844 395.671 642.128 463.305 
765.047 472.407 688.453 396.019 641.984 463.723 
764.933 472.417 688.1 396.267 641.911 464.103 
764.92 472.347 687.961 396.354 641.839 464.259 
764.813 472.306 687.59 396.535 641.626 464.444 
764.823 472.24 687.172 396.636 641.248 464.649 
764.833 472.222 687.026 396.739 641.043 464.759 
764.845 472.234 686.639 396.98 640.602 465.045 
764.852 472.245 686.363 397.151 640.444 465.214 
764.87 472.265 686.278 397.208 640.419 465.275 
764.846 472.288 686.226 397.241 640.429 465.336 
764.806 472.302 686.196 397.255 640.431 465.272 
764.816 472.32 686.224 397.223 640.457 465.253 
764.82 472.316 686.101 397.276 640.432 465.245 
764.794 472.335 685.789 397.359 640.364 465.443 
764.802 472.354 685.7 397.433 640.252 465.495 
764.786 472.385 685.403 397.657 639.869 465.618 
764.732 472.618 685.123 397.752 639.722 465.717 
764.688 472.662 684.978 397.852 639.629 465.714 
764.622 472.764 684.816 397.931 639.439 465.635 
764.559 472.924 684.188 398.255 638.736 465.567 
764.534 472.94 684.148 398.365 638.652 465.571 
764.472 473.005 683.794 398.511 638.212 465.645 
764.43 473.143 683.525 398.794 637.625 465.429 
764.336 473.404 683.044 399.031 637.18 465.4 
764.314 473.421 682.957 399.09 636.829 465.248 
764.077 473.503 682.481 399.415 636.102 465.149 
764.028 473.568 682.098 399.672 635.649 465.175 
763.95 473.634 681.291 400.203 634.547 465.0 
763.928 473.676 681.045 400.447 634.332 465.011 
763.926 473.703 680.689 400.772 633.595 464.835 
763.929 473.717 679.916 401.4 632.402 464.663 
763.891 473.71 679.648 401.651 631.936 464.644 
763.895 473.72 679.076 402.075 631.127 464.384 
763.873 473.753 678.336 402.879 629.675 464.174 
763.854 473.766 678.04 403.177 629.256 464.133 
763.808 473.862 677.583 403.533 628.451 463.965 
763.729 473.964 676.963 404.05 627.577 463.828 
763.707 473.989 676.769 404.226 627.114 463.714 
763.612 474.013 676.458 404.439 626.661 463.673 
763.583 474.04 676.135 404.773 625.947 463.545 
763.598 474.035 675.958 404.958 625.39 463.292 
763.574 474.054 675.692 405.362 624.946 463.211 
763.561 474.193 675.029 405.933 623.696 462.947 
763.543 474.209 674.832 406.22 623.424 462.952 
763.52 474.239 674.587 406.566 622.861 462.999 
763.48 474.259 674.198 407.005 622.137 462.843 
763.47 474.257 674.066 407.087 621.896 462.792 
763.475 474.298 673.831 407.295 621.441 462.511 
763.476 474.296 673.503 407.723 620.548 462.309 
763.461 474.292 673.354 407.936 620.224 462.238 
763.431 474.316 673.049 408.443 619.374 462.001 
763.463 474.347 672.478 409.182 618.432 461.829 
763.409 474.364 672.313 409.448 618.063 461.792 
763.404 474.39 672.072 409.756 617.524 461.774 
763.383 474.404 671.629 410.327 616.464 461.504 
763.386 474.423 671.478 410.534 616.139 461.496 
763.373 474.405 671.158 410.925 615.735 461.261 
763.349 474.402 670.737 411.549 614.754 461.057 
763.354 474.409 670.584 411.776 614.575 461.064 
763.345 474.431 670.342 412.195 614.141 460.953 
763.343 474.43 669.808 412.879 612.99 460.742 
763.345 474.437 669.616 413.257 612.489 460.515 
763.355 474.449 669.379 413.879 611.613 460.438 
763.359 474.438 668.678 414.878 610.318 460.16 
763.334 474.43 668.41 415.304 609.991 460.168 
763.333 474.45 668.096 415.761 609.494 460.049 
763.255 474.442 667.644 416.353 608.696 459.943 
763.242 474.445 667.529 416.582 608.503 459.894 
763.234 474.443 667.304 416.973 608.087 459.664 
763.238 474.411 666.917 417.723 607.021 459.388 
763.269 474.421 666.745 418.138 606.747 459.239 
763.284 474.418 666.364 418.736 606.199 459.236 
763.253 474.444 665.917 419.601 605.325 459.118 
763.227 474.455 665.726 419.909 605.052 459.112 
763.216 474.463 665.347 420.414 604.328 459.002 
763.211 474.454 664.959 421.204 603.693 458.912 
763.202 474.43 664.801 421.575 603.234 458.78 
763.206 474.415 664.523 422.13 602.663 458.804 
763.205 474.403 664.108 422.962 602.207 458.773 
763.245 474.416 663.794 423.655 601.374 458.639 
763.232 474.404 663.542 424.336 601.02 458.63 
763.266 474.389 662.862 425.581 600.062 458.515 
763.294 474.383 662.651 426.174 599.448 458.48 
763.302 474.356 662.292 427.003 598.938 458.551 
763.298 474.334 661.66 428.385 597.908 458.636 
763.286 474.311 661.417 428.933 597.406 458.621 
763.25 474.301 661.045 429.852 596.604 458.549 
763.184 474.256 660.301 431.591 595.421 458.849 
763.171 474.235 660.012 432.317 595.14 459.148 
763.116 474.231 659.456 433.579 594.467 459.694 
762.898 474.152 658.539 435.745 593.202 460.45 
762.867 474.165 658.275 436.493 592.744 460.845 
762.823 474.184 657.968 437.72 592.269 461.251 
762.748 474.181 657.363 439.366 591.376 461.93 
762.777 474.254 657.176 439.926 591.134 462.17 
762.744 474.233 656.98 440.832 590.749 462.496 
762.759 474.247 656.575 442.196 590.158 462.847 
762.747 474.252 656.481 442.576 589.966 463.144 
762.773 474.267 656.329 443.173 589.803 463.323 
762.76 474.26 656.141 444.268 589.512 463.68 
762.753 474.27 656.013 444.703 589.27 463.842 
762.768 474.271 655.532 445.502 589.054 464.002 
762.747 474.273 655.521 446.489 588.481 464.26 
762.743 474.288 655.489 446.926 588.402 464.341 
762.722 474.275 655.39 447.456 588.14 464.388 
762.709 474.294 655.235 448.711 587.771 464.56 
762.707 474.301 655.155 449.303 587.644 464.615 
762.673 474.396 655.048 449.997 587.202 464.662 
762.698 474.309 654.834 451.542 586.945 464.875 
762.689 474.303 654.786 452.157 586.628 464.866 
762.683 474.311 654.634 452.962 586.368 464.925 
762.661 474.308 654.469 454.543 585.825 464.936 
762.63 474.312 653.985 455.233 585.707 464.925 
762.65 474.306 654.022 455.954 585.468 464.906 
762.592 474.422 654.072 456.839 585.125 464.868 
762.568 474.419 653.689 457.514 584.942 464.863 
762.575 474.453 653.892 457.997 584.826 464.901 
762.399 474.384 653.826 458.585 584.682 464.882 
762.403 474.404 653.802 459.015 584.381 464.793 
762.394 474.424 653.75 459.392 584.287 464.67 
762.64 474.587 653.752 459.902 584.176 464.658 
762.563 474.493 653.726 460.163 584.137 464.665 
762.401 474.416 653.766 460.356 584.118 464.676 
762.565 474.492 653.754 460.489 584.094 464.694 
762.407 474.428 653.764 460.579 584.111 464.679 
762.578 474.47 653.777 460.673 584.107 464.615 
762.404 474.384 653.794 461.294 584.072 464.43 
762.586 474.458 653.5 461.602 584.066 464.43 
762.411 474.389 653.817 461.778 583.981 464.568 
762.576 474.49 653.469 461.824 583.942 464.775 
762.393 474.396 653.339 461.806 583.929 464.968 
762.387 474.396 653.35 461.862 583.78 464.918 
762.566 474.461 653.317 462.024 583.684 464.891 
762.575 474.467 653.281 462.241 583.647 464.938 
762.407 474.408 653.241 462.382 583.628 464.963 
762.428 474.527 653.225 462.485 583.639 464.91 
762.581 474.503 653.223 462.521 583.686 464.883 
762.593 474.503 653.312 462.589 583.718 464.842 
762.653 474.595 653.332 462.708 583.847 464.681 
762.663 474.591 653.316 462.723 583.873 464.692 
762.658 474.595 653.318 462.719 583.878 464.748 
762.6 474.501 653.31 462.688 583.819 464.943 
762.583 474.5 653.305 462.627 583.797 465.02 
762.653 474.598 653.318 462.472 583.79 465.138 
762.646 474.603 653.292 462.017 583.81 465.336 
762.425 474.561 653.468 461.635 583.995 465.603 
762.406 474.561 653.481 461.304 584.003 465.685 
762.368 474.568 653.615 460.227 584.113 465.916 
762.388 474.572 653.639 459.641 584.163 466.137 
762.367 474.586 653.699 458.437 584.411 466.417 
762.275 474.604 653.797 455.752 585.229 466.319 
762.172 474.575 653.843 454.868 585.606 466.043 
762.151 474.571 654.112 453.366 585.954 465.757 
762.209 474.474 654.491 450.755 587.066 465.57 
762.152 474.564 654.551 450.224 587.202 465.528 
762.137 474.545 654.809 448.346 588.045 465.147 
762.148 474.467 655.021 447.016 588.387 464.572 
762.216 474.449 655.29 444.68 589.264 464.168 
762.259 474.461 655.16 443.848 589.675 464.046 
762.259 474.485 655.69 442.55 589.995 463.513 
762.29 474.603 656.053 440.492 590.918 462.856 
762.32 474.614 656.183 439.744 591.125 462.647 
762.318 474.641 656.487 438.737 591.525 462.206 
762.323 474.683 656.884 436.735 592.533 461.846 
762.301 474.691 657.059 435.982 592.769 461.576 
762.303 474.709 657.437 434.846 593.529 461.383 
762.317 474.713 657.859 433.212 594.488 460.908 
762.313 474.69 658.041 432.655 594.743 460.699 
762.344 474.697 658.414 431.88 595.246 460.507 
762.36 474.659 658.85 430.45 596.418 460.333 
762.385 474.652 658.996 429.854 596.787 460.232 
762.402 474.603 659.218 429.003 597.554 460.142 
762.564 474.496 659.734 427.636 598.574 460.198 
762.579 474.483 659.932 427.187 599.117 460.299 
762.606 474.353 660.148 426.511 599.653 460.274 
762.641 474.341 660.493 425.698 600.471 460.461 
762.635 474.33 660.577 425.305 600.779 460.495 
762.646 474.346 660.785 424.865 601.176 460.614 
762.612 474.463 661.017 424.186 602.13 460.79 
762.602 474.454 661.147 423.783 602.361 460.769 
762.6 474.481 661.462 423.265 602.778 460.738 
762.568 474.482 661.911 422.26 603.926 460.833 
762.408 474.393 662.126 421.78 604.206 460.784 
762.561 474.46 662.52 421.112 604.963 460.759 
762.592 474.338 663.361 419.848 606.221 460.678 
762.425 474.236 663.689 419.334 606.866 460.772 
762.441 474.193 664.239 418.613 607.416 460.67 
762.722 474.227 664.878 417.316 608.904 460.724 
762.734 474.205 665.516 416.804 609.549 460.785 
762.761 474.195 665.899 416.102 610.262 460.738 
762.785 474.16 666.671 415.139 611.546 460.702 
762.776 474.152 666.899 414.748 612.161 460.721 
762.784 474.176 667.251 414.08 612.858 460.907 
762.782 474.187 667.962 413.179 614.182 461.096 
762.773 474.195 668.222 412.8 614.581 461.062 
762.771 474.201 668.697 412.247 615.467 461.065 
762.785 474.218 669.404 411.199 616.969 461.354 
762.804 474.236 669.682 410.877 617.412 461.36 
762.746 474.215 670.193 410.361 618.275 461.591 
762.822 474.255 670.75 409.596 619.334 461.807 
762.84 474.261 670.963 409.319 619.833 461.914 
762.839 474.169 671.276 409.136 620.332 462.022 
762.865 474.142 671.494 408.872 620.655 462.206 
762.919 474.244 671.553 408.824 620.798 462.226 
762.91 474.23 671.683 408.712 621.29 462.399 
762.959 474.235 671.955 408.383 621.844 462.583 
762.957 474.226 672.087 408.228 622.158 462.602 
762.94 474.211 672.366 407.946 622.733 462.808 
762.951 474.218 673.167 407.172 623.649 462.78 
762.869 474.193 673.482 406.773 624.21 462.784 
762.863 474.129 674.151 406.338 624.875 462.764 
762.916 474.127 675.292 405.387 626.278 462.625 
762.925 474.115 675.752 404.898 626.741 462.643 
762.965 474.11 676.347 404.395 627.719 462.628 
762.979 474.062 677.536 403.285 629.117 462.544 
763.004 474.04 678.066 402.974 629.558 462.506 
763.044 473.995 678.787 402.382 630.525 462.534 
763.13 473.877 679.925 401.38 632.027 462.542 
763.168 473.83 680.495 401.097 632.612 462.44 
763.235 473.771 681.193 400.549 633.739 462.411 
763.573 473.571 682.482 399.646 635.368 462.264 
763.661 473.505 682.987 399.298 635.862 462.122 
763.829 473.409 683.775 398.895 636.842 462.035 
764.329 473.163 684.858 398.301 637.994 461.807 
764.401 472.948 685.183 398.112 638.266 461.764 
764.492 472.914 685.688 397.769 639.011 461.863 
764.566 472.899 686.34 397.26 639.872 461.775 
764.596 472.904 686.583 397.183 640.173 461.749 
764.591 472.895 686.724 397.003 640.757 461.85 
764.534 472.876 686.866 396.893 641.45 462.233 
764.501 472.844 686.898 396.796 641.6 462.326 
764.489 472.78 686.973 396.738 641.748 462.373 
764.455 472.721 687.235 396.569 642.155 462.33 
764.451 472.717 687.279 396.527 642.237 462.314 
764.482 472.698 687.312 396.472 642.203 462.198 
764.579 472.707 687.269 396.584 641.772 461.975 
764.607 472.733 687.083 396.63 641.68 462.035 
764.601 472.803 686.961 396.795 641.634 462.232 
764.537 472.898 686.811 396.962 641.8 462.622 
764.515 472.911 686.831 396.952 641.83 462.543 
764.466 472.91 686.948 396.868 642.203 462.442 
764.434 472.862 687.409 396.581 642.762 462.467 
764.467 472.827 687.586 396.372 642.923 462.468 
764.493 472.782 687.773 396.219 643.128 462.374 
764.585 472.76 687.812 396.2 642.994 462.257 
764.608 472.787 687.701 396.288 642.923 462.369 
764.602 472.846 687.505 396.522 642.865 462.742 
764.572 472.897 687.132 396.859 642.994 463.282 
764.557 472.895 687.07 396.894 642.984 463.337 
764.521 472.879 687.068 396.852 642.978 463.337 
764.501 472.785 687.091 396.753 642.942 463.265 
764.51 472.759 687.038 396.741 642.927 463.282 
764.525 472.725 686.872 396.803 642.846 463.385 
764.578 472.667 686.524 397.04 642.329 463.652 
764.61 472.655 686.338 397.211 641.945 463.661 
764.667 472.643 685.922 397.389 641.682 464.042 
764.748 472.658 685.332 397.813 641.27 464.346 
764.746 472.684 685.142 397.942 641.164 464.456 
764.749 472.768 684.906 398.172 641.096 464.612 
764.708 472.886 684.738 398.287 640.995 464.717 
764.694 472.929 684.646 398.34 640.93 464.807 
764.736 473.052 684.577 398.363 640.61 464.785 
764.606 472.978 684.247 398.455 640.222 464.737 
764.682 473.116 684.123 398.534 639.954 464.716 
764.653 473.141 683.887 398.728 639.615 464.762 
764.621 473.187 683.178 399.263 638.603 464.762 
764.605 473.19 682.932 399.531 637.993 464.718 
764.595 473.201 682.469 399.855 637.221 464.585 
764.592 473.226 681.617 400.524 635.755 464.414 
764.585 473.205 681.352 400.921 635.323 464.444 
764.559 473.216 681.002 401.174 634.472 464.344 
764.56 473.226 680.315 401.828 633.209 464.092 
764.54 473.22 680.07 401.995 632.744 463.965 
764.505 473.316 679.649 402.313 632.04 463.832 
764.468 473.335 678.681 403.081 630.518 463.391 
764.469 473.34 678.366 403.473 629.737 463.291 
764.429 473.354 677.764 404.065 628.802 463.256 
764.368 473.406 677.003 404.971 626.981 462.845 
764.343 473.417 676.741 405.234 626.526 462.931 
764.287 473.419 676.35 405.56 625.875 462.836 
764.238 473.4 675.853 406.139 624.87 462.632 
764.229 473.407 675.698 406.317 624.439 462.654 
764.24 473.398 675.446 406.662 623.668 462.408 
764.239 473.41 674.786 407.359 622.649 462.172 
764.256 473.42 674.577 407.622 622.179 462.043 
764.246 473.455 674.236 408.051 621.675 462.032 
764.053 473.483 673.646 408.774 620.585 461.916 
764.053 473.522 673.51 408.984 620.299 461.787 
764.019 473.552 673.296 409.275 619.735 461.662 
763.996 473.602 672.67 409.93 618.511 461.457 
763.986 473.606 672.498 410.256 617.898 461.27 
763.974 473.651 672.15 410.754 617.282 461.197 
763.982 473.751 671.664 411.609 616.011 460.933 
763.936 473.835 671.416 411.892 615.798 460.949 
763.928 473.855 671.201 412.217 615.158 460.87 
763.916 473.849 670.925 412.652 614.411 460.614 
763.919 473.853 670.745 413.068 613.86 460.396 
763.918 473.832 670.547 413.376 613.202 460.275 
763.94 473.756 670.153 414.069 612.576 460.235 
763.948 473.734 670.024 414.384 612.216 460.149 
763.933 473.724 669.788 414.697 611.636 459.97 
763.945 473.734 669.546 415.119 611.304 459.847 
763.922 473.714 669.23 415.536 610.666 459.725 
763.915 473.729 668.977 415.861 610.451 459.756 
763.935 473.743 668.778 416.168 609.923 459.629 
763.914 473.851 668.321 417.02 608.881 459.349 
763.908 473.875 668.141 417.396 608.542 459.302 
763.909 473.913 667.77 417.94 608.164 459.196 
763.904 474.006 667.254 418.777 607.164 459.11 
763.861 474.038 667.094 419.168 606.954 459.125 
763.843 474.064 666.828 419.526 606.596 459.105 
763.808 474.073 666.307 420.279 605.635 458.911 
763.796 474.065 666.26 420.389 605.547 458.891 
763.816 474.045 666.023 420.711 605.341 458.838 
763.791 474.019 665.753 421.166 605.022 458.743 
763.799 474.041 665.351 421.813 604.433 458.639 
763.789 474.031 665.244 422.074 604.047 458.523 
763.789 474.048 664.876 422.816 603.415 458.489 
763.752 474.061 664.495 423.507 602.681 458.286 
763.713 474.058 664.113 424.087 602.308 458.261 
763.611 474.079 663.818 424.688 601.734 458.025 
763.556 474.093 663.373 425.613 600.971 457.98 
763.525 474.132 663.071 426.039 600.64 457.974 
763.49 474.201 662.58 427.105 599.624 457.896 
763.397 474.215 661.906 428.269 598.875 457.917 
763.388 474.209 661.646 429.009 598.131 457.903 
763.373 474.216 660.852 430.84 596.923 458.08 
763.39 474.244 659.934 433.135 595.906 458.934 
763.351 474.265 659.557 434.438 595.19 459.325 
763.25 474.273 658.65 436.97 593.948 460.16 
763.166 474.301 657.935 439.441 592.885 460.971 
763.13 474.319 657.516 440.565 592.536 461.368 
763.065 474.33 657.075 442.507 591.76 462.219 
762.988 474.333 656.65 443.891 591.099 462.602 
762.967 474.322 656.528 444.423 590.999 462.707 
762.949 474.325 656.482 445.191 590.799 462.9 
762.95 474.314 656.477 445.688 590.702 462.948 
762.949 474.287 656.465 445.972 590.602 462.942 
762.986 474.274 656.417 446.505 590.48 463.026 
763.035 474.244 656.344 447.42 590.168 463.301 
762.981 474.142 656.336 447.96 590.06 463.4 
762.982 474.134 656.059 449.555 589.706 463.79 
762.95 474.122 655.808 451.149 589.096 464.07 
762.947 474.125 655.721 451.908 588.772 464.18 
762.894 474.113 655.109 453.499 588.307 464.444 
762.877 474.109 655.228 454.764 587.868 464.733 
762.881 474.115 655.137 455.325 587.694 464.798 
762.894 474.106 654.957 456.232 587.172 464.817 
762.923 474.101 654.876 457.232 586.935 464.9 
762.91 474.087 654.841 457.585 586.665 464.911 
762.947 474.122 654.417 458.302 586.446 465.028 
762.986 474.27 654.312 459.207 586.154 465.214 
762.965 474.31 654.575 459.444 585.956 465.395 
762.956 474.362 654.504 459.808 585.827 465.527 
762.928 474.396 654.452 459.887 585.758 465.624 
762.922 474.57 654.437 459.932 585.754 465.658 
762.882 474.565 654.39 460.04 585.693 465.702 
762.874 474.576 654.381 460.109 585.666 465.792 
762.862 474.578 654.384 460.111 585.664 465.826 
762.82 474.574 654.383 460.132 585.632 465.821 
762.824 474.592 654.381 460.209 585.617 465.822 
762.809 474.584 654.373 460.249 585.614 465.82 
762.825 474.571 654.391 460.313 585.594 465.845 
762.839 474.565 654.399 460.345 585.577 465.89 
762.854 474.567 654.399 460.347 585.574 465.899 
762.863 474.576 654.408 460.377 585.557 465.923 
762.863 474.588 654.428 460.399 585.547 465.92 
762.869 474.592 654.441 460.394 585.563 465.908 
762.873 474.626 654.451 460.393 585.586 465.879 
762.869 474.63 654.459 460.389 585.596 465.864 
762.861 474.641 654.457 460.403 585.59 465.879 
762.844 474.639 654.444 460.429 585.562 465.891 
762.877 474.672 654.413 460.54 585.514 465.945 
762.861 474.66 654.402 460.555 585.413 465.955 
762.85 474.656 654.398 460.598 585.378 465.994 
762.876 474.68 654.4 460.601 585.36 466.004 
762.877 474.67 654.408 460.609 585.376 466.035 
762.893 474.682 654.411 460.609 585.347 466.102 
762.906 474.698 654.412 460.622 585.362 466.112 
762.932 474.787 654.418 460.624 585.353 466.113 
762.95 474.817 654.41 460.647 585.336 466.128 
763.004 474.848 654.398 460.652 585.35 466.128 
763.002 474.868 654.379 460.662 585.344 466.137 
763.03 474.911 654.364 460.694 585.297 466.165 
763.023 474.958 654.36 460.74 585.28 466.193 
763.038 474.986 654.354 460.767 585.266 466.192 
