1.57051 -0.634859 -0.979232 1.22361 -0.836179 -1.38673 0.938409 -0.651668 -1.70882 
1.57047 -0.634847 -0.979152 1.22375 -0.835889 -1.38726 0.938358 -0.651771 -1.70894 
1.57025 -0.634706 -0.978825 1.22401 -0.835516 -1.38776 0.938428 -0.651813 -1.70967 
1.57017 -0.634693 -0.978772 1.22403 -0.834872 -1.38807 0.938339 -0.652451 -1.71022 
1.57015 -0.634655 -0.978808 1.22412 -0.834728 -1.38828 0.937514 -0.652568 -1.71007 
1.57021 -0.63469 -0.978894 1.22403 -0.834697 -1.38826 0.936537 -0.652781 -1.70933 
1.57037 -0.634864 -0.979229 1.22349 -0.834404 -1.38774 0.934436 -0.653179 -1.70777 
1.57041 -0.634925 -0.979229 1.22312 -0.83421 -1.3874 0.933566 -0.653091 -1.70771 
1.57025 -0.634717 -0.978944 1.2224 -0.833725 -1.38668 0.933113 -0.652724 -1.70738 
1.57055 -0.633991 -0.979164 1.22064 -0.833309 -1.38558 0.933209 -0.652487 -1.70795 
1.57045 -0.633901 -0.978965 1.22044 -0.833169 -1.38543 0.933304 -0.652394 -1.70808 
1.57049 -0.633788 -0.978915 1.22024 -0.833102 -1.38533 0.933225 -0.652244 -1.70806 
1.57038 -0.633639 -0.978655 1.22009 -0.833243 -1.38516 0.933114 -0.651989 -1.70763 
1.57037 -0.633628 -0.97864 1.22012 -0.833532 -1.38499 0.933365 -0.651967 -1.70757 
1.57026 -0.633691 -0.978616 1.21876 -0.834407 -1.38337 0.934288 -0.651965 -1.70684 
1.56992 -0.634204 -0.978194 1.22144 -0.836564 -1.3843 0.936376 -0.652244 -1.70661 
1.57027 -0.633805 -0.978799 1.22174 -0.837404 -1.38432 0.936972 -0.652505 -1.7065 
1.57037 -0.63395 -0.979054 1.2228 -0.838942 -1.38477 0.937898 -0.652785 -1.70655 
1.5701 -0.634614 -0.978843 1.22337 -0.840512 -1.38504 0.940543 -0.652693 -1.70824 
1.57023 -0.634617 -0.978968 1.22354 -0.840626 -1.38514 0.94074 -0.65276 -1.70832 
1.57043 -0.634819 -0.97933 1.22423 -0.841036 -1.38556 0.941593 -0.653119 -1.70817 
1.57055 -0.634916 -0.979603 1.22563 -0.842474 -1.38579 0.943778 -0.653918 -1.70775 
1.57057 -0.634987 -0.979683 1.22578 -0.843356 -1.38569 0.943988 -0.654158 -1.70737 
1.57133 -0.634408 -0.980853 1.22603 -0.845805 -1.38435 0.945325 -0.655265 -1.70614 
1.57135 -0.634373 -0.980886 1.22872 -0.848244 -1.38523 0.947832 -0.655662 -1.70614 
1.57043 -0.635022 -0.979485 1.23057 -0.852474 -1.38443 0.951094 -0.656561 -1.70439 
1.5704 -0.635013 -0.979439 1.23097 -0.853819 -1.38415 0.95159 -0.656965 -1.70341 
1.5704 -0.635069 -0.979288 1.23123 -0.855398 -1.38301 0.952069 -0.657515 -1.7009 
1.57057 -0.635131 -0.979373 1.2318 -0.857551 -1.38074 0.954261 -0.657119 -1.69863 
1.57056 -0.635289 -0.97936 1.2317 -0.858042 -1.38004 0.954307 -0.65711 -1.6975 
1.57164 -0.635153 -0.980101 1.232 -0.859423 -1.37904 0.954348 -0.657417 -1.69527 
1.57168 -0.635368 -0.980208 1.23258 -0.861569 -1.37782 0.95674 -0.657395 -1.69322 
1.57187 -0.635321 -0.980409 1.23306 -0.863072 -1.3772 0.957488 -0.657774 -1.69191 
1.5718 -0.635404 -0.980443 1.23411 -0.865672 -1.37591 0.958145 -0.658752 -1.68914 
1.57185 -0.635437 -0.980607 1.2362 -0.871096 -1.37357 0.963186 -0.659101 -1.68585 
1.57189 -0.635536 -0.980611 1.23742 -0.873738 -1.37256 0.964475 -0.66005 -1.68267 
1.5719 -0.635566 -0.980589 1.23893 -0.877263 -1.37085 0.966077 -0.660875 -1.67893 
1.57208 -0.635741 -0.980518 1.24214 -0.883637 -1.36758 0.971064 -0.660883 -1.67311 
1.57221 -0.635786 -0.980542 1.24273 -0.886097 -1.36588 0.974003 -0.660597 -1.67124 
1.57227 -0.635888 -0.980488 1.24412 -0.888693 -1.36414 0.975882 -0.660641 -1.6675 
1.57262 -0.636379 -0.980593 1.24605 -0.893135 -1.3605 0.978213 -0.660242 -1.66025 
1.57262 -0.636431 -0.980561 1.24669 -0.894496 -1.35915 0.979332 -0.659499 -1.65783 
1.57278 -0.63654 -0.980439 1.24713 -0.896227 -1.35762 0.981272 -0.659122 -1.6552 
1.57275 -0.636521 -0.980615 1.2477 -0.899684 -1.35432 0.983198 -0.659198 -1.64916 
1.57274 -0.636406 -0.980537 1.2482 -0.901265 -1.35285 0.983706 -0.659351 -1.64709 
1.57271 -0.636455 -0.980594 1.24978 -0.903283 -1.35158 0.986062 -0.659246 -1.64374 
1.5726 -0.636342 -0.980569 1.25105 -0.907751 -1.34828 0.989429 -0.65873 -1.63809 
1.57257 -0.636332 -0.980579 1.25226 -0.909287 -1.34715 0.990301 -0.65836 -1.63571 
1.57249 -0.636335 -0.980459 1.25375 -0.911732 -1.34563 0.993246 -0.658375 -1.63234 
1.57262 -0.636235 -0.980323 1.25613 -0.916226 -1.34181 0.996412 -0.65909 -1.6255 
1.57266 -0.635919 -0.980161 1.2568 -0.917826 -1.34061 0.998707 -0.658836 -1.62431 
1.57277 -0.636285 -0.980009 1.25855 -0.920056 -1.33878 1.00147 -0.658178 -1.62073 
1.57298 -0.636305 -0.979836 1.26006 -0.923741 -1.33492 1.00507 -0.657698 -1.61492 
1.573 -0.636305 -0.979787 1.26049 -0.924866 -1.33354 1.00614 -0.657694 -1.61286 
1.57322 -0.635942 -0.979506 1.26095 -0.926875 -1.33099 1.00859 -0.658082 -1.60948 
1.57312 -0.635756 -0.979545 1.26306 -0.930821 -1.32721 1.01409 -0.657512 -1.60497 
1.5731 -0.635764 -0.979476 1.26389 -0.932606 -1.32584 1.01524 -0.657211 -1.60239 
1.57303 -0.635651 -0.979502 1.26508 -0.935328 -1.3227 1.01853 -0.656488 -1.59839 
1.57302 -0.635641 -0.979346 1.26737 -0.939747 -1.31872 1.02241 -0.656553 -1.59093 
1.57305 -0.63563 -0.979254 1.26807 -0.941037 -1.31706 1.02531 -0.656682 -1.58831 
1.57311 -0.635584 -0.979138 1.26939 -0.943749 -1.31471 1.02822 -0.655764 -1.58507 
1.57325 -0.635589 -0.978845 1.27114 -0.946669 -1.31072 1.03305 -0.654859 -1.57915 
1.5733 -0.635547 -0.978823 1.27156 -0.947594 -1.30945 1.03471 -0.654591 -1.57772 
1.57373 -0.635255 -0.97899 1.2721 -0.949315 -1.30707 1.03661 -0.653884 -1.57424 
1.57376 -0.6352 -0.978915 1.27248 -0.95136 -1.3032 1.04072 -0.653539 -1.57147 
1.57381 -0.63508 -0.978929 1.27284 -0.951924 -1.30205 1.04134 -0.653729 -1.56894 
1.5738 -0.635053 -0.978869 1.27302 -0.952922 -1.30019 1.0425 -0.653143 -1.56639 
1.57348 -0.634923 -0.978505 1.27444 -0.955184 -1.29742 1.04583 -0.652848 -1.56222 
1.57347 -0.634936 -0.978397 1.27513 -0.956312 -1.2961 1.04743 -0.65264 -1.56121 
1.57347 -0.634873 -0.978344 1.27595 -0.95778 -1.29478 1.04931 -0.651714 -1.558 
1.57351 -0.634897 -0.978212 1.27739 -0.960058 -1.29231 1.05381 -0.650819 -1.55413 
1.57346 -0.63505 -0.978018 1.27812 -0.960938 -1.29121 1.05519 -0.650765 -1.55245 
1.57358 -0.635035 -0.978053 1.27984 -0.961944 -1.29041 1.05677 -0.650867 -1.5495 
1.57403 -0.635202 -0.978126 1.28151 -0.964209 -1.28811 1.06148 -0.65043 -1.54637 
1.57427 -0.635495 -0.978349 1.28233 -0.964837 -1.28733 1.06282 -0.65 -1.54459 
1.57446 -0.635644 -0.97846 1.28369 -0.966373 -1.28571 1.06407 -0.649979 -1.5421 
1.57471 -0.63573 -0.978686 1.28495 -0.968014 -1.2838 1.06846 -0.648899 -1.53959 
1.57478 -0.635793 -0.978694 1.28541 -0.969024 -1.28263 1.06897 -0.649051 -1.53806 
1.57494 -0.635948 -0.978725 1.2862 -0.970064 -1.28142 1.06963 -0.649538 -1.53561 
1.57515 -0.636055 -0.97884 1.28741 -0.971678 -1.27899 1.07262 -0.649416 -1.53309 
1.57522 -0.636102 -0.978798 1.28777 -0.972197 -1.27824 1.07321 -0.649769 -1.53184 
1.57528 -0.636084 -0.978823 1.28877 -0.972699 -1.27723 1.07487 -0.649825 -1.53062 
1.5754 -0.636186 -0.978753 1.28998 -0.974345 -1.27453 1.07653 -0.650037 -1.5268 
1.57542 -0.636264 -0.978889 1.29035 -0.974916 -1.27356 1.0786 -0.650099 -1.52611 
1.57562 -0.636338 -0.979038 1.29129 -0.976111 -1.27178 1.08154 -0.649265 -1.52447 
1.57629 -0.636461 -0.979314 1.29301 -0.978032 -1.26834 1.08548 -0.64893 -1.51976 
1.57641 -0.636641 -0.979473 1.29348 -0.979306 -1.2662 1.08678 -0.649 -1.51817 
1.57665 -0.636825 -0.979614 1.29425 -0.98038 -1.26347 1.089 -0.649452 -1.51392 
1.578 -0.637409 -0.980159 1.29586 -0.98251 -1.25867 1.09409 -0.648788 -1.509 
1.57829 -0.637467 -0.980112 1.29738 -0.98366 -1.25675 1.09505 -0.648873 -1.50685 
1.57873 -0.637738 -0.979942 1.29785 -0.984514 -1.25391 1.09647 -0.649276 -1.50212 
1.57902 -0.638794 -0.979143 1.29843 -0.985603 -1.24987 1.1004 -0.648293 -1.49881 
1.57948 -0.639001 -0.978938 1.29892 -0.986133 -1.24663 1.10161 -0.648439 -1.49541 
1.57981 -0.639245 -0.978668 1.29895 -0.986461 -1.24355 1.10427 -0.648276 -1.49253 
1.58028 -0.639606 -0.978327 1.29835 -0.987144 -1.23776 1.10781 -0.647283 -1.48871 
1.58067 -0.63971 -0.978016 1.29794 -0.987194 -1.23565 1.10805 -0.647514 -1.48629 
1.5811 -0.640199 -0.978028 1.29722 -0.987395 -1.23219 1.11024 -0.646358 -1.48528 
1.58167 -0.640475 -0.977884 1.296 -0.987378 -1.22667 1.11167 -0.646637 -1.48044 
1.58207 -0.640554 -0.978135 1.29546 -0.98743 -1.22429 1.11275 -0.646371 -1.47949 
1.58229 -0.640826 -0.978151 1.2955 -0.987712 -1.22084 1.11422 -0.646703 -1.47661 
1.58275 -0.640935 -0.978628 1.29524 -0.98847 -1.21456 1.117 -0.64665 -1.4739 
1.58275 -0.640991 -0.978524 1.2952 -0.988829 -1.21254 1.11878 -0.645695 -1.47358 
1.58302 -0.641127 -0.978472 1.2951 -0.989315 -1.2098 1.11951 -0.646321 -1.47041 
1.5842 -0.640996 -0.978335 1.29548 -0.989655 -1.20664 1.11929 -0.646129 -1.46722 
1.58455 -0.641429 -0.978246 1.29542 -0.989595 -1.2061 1.11932 -0.645497 -1.46642 
1.58482 -0.641511 -0.978079 1.29537 -0.989412 -1.20553 1.11901 -0.645273 -1.46538 
1.58514 -0.641762 -0.978328 1.29544 -0.989294 -1.20469 1.11959 -0.644867 -1.46421 
1.58522 -0.641946 -0.978402 1.2955 -0.989374 -1.2042 1.12039 -0.644814 -1.46352 
1.58574 -0.642219 -0.978793 1.29562 -0.989805 -1.2031 1.12242 -0.644625 -1.46359 
1.58612 -0.64282 -0.979131 1.29635 -0.99102 -1.20121 1.1238 -0.644632 -1.46176 
1.58613 -0.643791 -0.97888 1.29692 -0.991324 -1.20078 1.12454 -0.644135 -1.4611 
1.58657 -0.643961 -0.978869 1.29802 -0.991785 -1.20047 1.12498 -0.643827 -1.46002 
1.58771 -0.644202 -0.978754 1.29835 -0.991748 -1.2002 1.12471 -0.643111 -1.45836 
1.58796 -0.644341 -0.978648 1.29835 -0.991668 -1.20017 1.1246 -0.642912 -1.45834 
1.58858 -0.644174 -0.978674 1.29839 -0.991575 -1.20009 1.1249 -0.642862 -1.45861 
1.58863 -0.644148 -0.978727 1.2985 -0.991653 -1.19948 1.12559 -0.642955 -1.45852 
1.58857 -0.644198 -0.978628 1.29883 -0.99201 -1.1987 1.12569 -0.643571 -1.45713 
1.5887 -0.644152 -0.978635 1.29921 -0.992943 -1.19707 1.12611 -0.643732 -1.45591 
1.58897 -0.644158 -0.978414 1.30013 -0.993559 -1.19514 1.1265 -0.644035 -1.45384 
1.58922 -0.644198 -0.978096 1.30033 -0.99381 -1.19431 1.12654 -0.644174 -1.45319 
1.58946 -0.644187 -0.977783 1.30024 -0.993868 -1.19323 1.12794 -0.643814 -1.45303 
1.58983 -0.644088 -0.977334 1.29904 -0.993014 -1.19244 1.12851 -0.642825 -1.45345 
1.5898 -0.644014 -0.977174 1.29806 -0.992368 -1.19254 1.12684 -0.642444 -1.45289 
1.58973 -0.643844 -0.977034 1.29596 -0.991374 -1.19243 1.12684 -0.641376 -1.45281 
1.5887 -0.643766 -0.976106 1.29435 -0.990071 -1.19219 1.12714 -0.639521 -1.45297 
1.58867 -0.64374 -0.97614 1.29399 -0.989884 -1.19191 1.12684 -0.639374 -1.45292 
1.5886 -0.643857 -0.976201 1.29365 -0.989539 -1.19169 1.12645 -0.639228 -1.45278 
1.58928 -0.643709 -0.977362 1.2936 -0.989578 -1.19165 1.12639 -0.639071 -1.4525 
1.58924 -0.643647 -0.977369 1.29397 -0.990074 -1.19161 1.12651 -0.63914 -1.4525 
1.58925 -0.643609 -0.977355 1.29453 -0.990254 -1.192 1.12643 -0.639249 -1.45257 
1.58915 -0.643669 -0.977433 1.29529 -0.990475 -1.19337 1.12669 -0.639211 -1.45272 
1.58915 -0.643634 -0.977485 1.2957 -0.990601 -1.19398 1.12701 -0.639236 -1.45281 
1.58906 -0.643651 -0.977553 1.29639 -0.991153 -1.19482 1.12718 -0.63963 -1.45285 
1.58897 -0.643796 -0.977631 1.2982 -0.991986 -1.19663 1.12694 -0.640577 -1.45291 
1.58896 -0.643743 -0.977707 1.29865 -0.992126 -1.19712 1.1272 -0.640562 -1.45307 
1.58903 -0.643709 -0.977802 1.29938 -0.992637 -1.19759 1.12878 -0.640427 -1.45437 
1.58895 -0.64371 -0.97802 1.30108 -0.99323 -1.19734 1.12867 -0.641467 -1.45443 
1.589 -0.643736 -0.977849 1.30151 -0.993945 -1.19691 1.12899 -0.642223 -1.45401 
1.58896 -0.643719 -0.977885 1.30318 -0.994802 -1.19686 1.12874 -0.642868 -1.45363 
1.58887 -0.643661 -0.977995 1.30374 -0.995675 -1.19663 1.12868 -0.642996 -1.45262 
1.58876 -0.643591 -0.977957 1.30349 -0.995093 -1.19703 1.12887 -0.642767 -1.45253 
1.58873 -0.643471 -0.977902 1.30229 -0.994745 -1.19677 1.12913 -0.642511 -1.45302 
1.58856 -0.643404 -0.977744 1.30074 -0.993219 -1.19672 1.12886 -0.641432 -1.45313 
1.58851 -0.64338 -0.977771 1.30012 -0.992955 -1.19653 1.12844 -0.640965 -1.45279 
1.58858 -0.643331 -0.97785 1.29889 -0.99253 -1.19611 1.12636 -0.640799 -1.4519 
1.58854 -0.643327 -0.977765 1.29778 -0.991873 -1.19588 1.12605 -0.639296 -1.45188 
1.58863 -0.642508 -0.977877 1.29656 -0.991266 -1.19549 1.12606 -0.638808 -1.45186 
1.58858 -0.642426 -0.977788 1.29611 -0.990938 -1.19535 1.12609 -0.638524 -1.45182 
1.58752 -0.642951 -0.976318 1.296 -0.990607 -1.19602 1.12534 -0.637381 -1.45169 
1.58758 -0.642904 -0.976297 1.29609 -0.99058 -1.19665 1.12509 -0.637019 -1.45144 
1.58763 -0.642925 -0.976323 1.29609 -0.990492 -1.19722 1.12509 -0.635957 -1.45111 
1.5877 -0.642919 -0.976437 1.29618 -0.990323 -1.19813 1.12515 -0.636424 -1.45136 
1.58862 -0.642378 -0.977869 1.29627 -0.990326 -1.19846 1.12534 -0.636368 -1.45145 
1.58867 -0.64246 -0.977977 1.29647 -0.990474 -1.19902 1.12534 -0.636498 -1.45178 
1.58852 -0.643341 -0.977845 1.29672 -0.990673 -1.19975 1.12519 -0.636308 -1.45187 
1.58851 -0.643377 -0.978055 1.29669 -0.990723 -1.20039 1.12517 -0.635529 -1.45218 
1.5885 -0.64337 -0.978103 1.29668 -0.99071 -1.20077 1.12447 -0.63562 -1.45185 
1.5885 -0.64338 -0.978169 1.29643 -0.990661 -1.20125 1.1243 -0.635395 -1.452 
1.58848 -0.643443 -0.978127 1.29623 -0.990645 -1.20138 1.12386 -0.635396 -1.45211 
1.5885 -0.643405 -0.978156 1.29589 -0.990499 -1.20156 1.12324 -0.635495 -1.45221 
1.58847 -0.643336 -0.978098 1.29516 -0.989884 -1.20182 1.12253 -0.635076 -1.45267 
1.58844 -0.643243 -0.978096 1.29439 -0.98901 -1.20216 1.1221 -0.634849 -1.45299 
1.58847 -0.642459 -0.978403 1.29379 -0.98867 -1.20219 1.12043 -0.635233 -1.45255 
1.58812 -0.642339 -0.978239 1.29303 -0.988245 -1.20219 1.11926 -0.635636 -1.45347 
1.58793 -0.642355 -0.978161 1.29227 -0.987808 -1.20222 1.11896 -0.635014 -1.45437 
1.58778 -0.642259 -0.978134 1.29114 -0.987541 -1.2022 1.11849 -0.634794 -1.4546 
1.58775 -0.642143 -0.978162 1.29069 -0.987299 -1.2024 1.11778 -0.634188 -1.45521 
1.58766 -0.642156 -0.978036 1.29044 -0.987227 -1.20258 1.11727 -0.634369 -1.4559 
1.58765 -0.642114 -0.978049 1.29021 -0.986657 -1.2034 1.11599 -0.635116 -1.45671 
1.58763 -0.64206 -0.978187 1.28908 -0.985881 -1.20419 1.11332 -0.63559 -1.4592 
1.58761 -0.641975 -0.978164 1.28782 -0.984969 -1.20496 1.11189 -0.635861 -1.46166 
1.58742 -0.641937 -0.978112 1.28676 -0.983427 -1.20643 1.10978 -0.635425 -1.46439 
1.58687 -0.641911 -0.978159 1.28421 -0.981464 -1.20832 1.10647 -0.635438 -1.46777 
1.58671 -0.641852 -0.978423 1.28372 -0.980664 -1.20954 1.10594 -0.63482 -1.46944 
1.58615 -0.641705 -0.978348 1.28277 -0.980397 -1.21013 1.10463 -0.634866 -1.47048 
1.58601 -0.641695 -0.978486 1.28202 -0.979608 -1.21135 1.10305 -0.634831 -1.47307 
1.58597 -0.641659 -0.978558 1.2818 -0.979429 -1.21156 1.1026 -0.635111 -1.47362 
1.58594 -0.641795 -0.978605 1.28033 -0.978577 -1.2122 1.10055 -0.635724 -1.47486 
1.58597 -0.64175 -0.978601 1.27914 -0.977349 -1.21291 1.09987 -0.635754 -1.47689 
1.58601 -0.641712 -0.978486 1.27731 -0.975319 -1.21465 1.09706 -0.636 -1.48103 
1.58601 -0.641605 -0.978495 1.27633 -0.974449 -1.21515 1.09609 -0.635974 -1.48253 
1.58593 -0.641398 -0.978477 1.27444 -0.97335 -1.21577 1.09345 -0.635683 -1.48531 
1.58559 -0.640773 -0.978309 1.27206 -0.970504 -1.21787 1.08994 -0.635314 -1.48923 
1.58551 -0.640764 -0.978336 1.27128 -0.969875 -1.21852 1.08826 -0.635193 -1.49021 
1.58538 -0.640675 -0.978429 1.2702 -0.968491 -1.21997 1.08714 -0.635523 -1.49186 
1.58509 -0.640641 -0.978486 1.26861 -0.967386 -1.22084 1.08551 -0.634967 -1.49529 
1.58506 -0.640594 -0.978572 1.26811 -0.967242 -1.22112 1.08467 -0.635151 -1.49587 
1.5849 -0.640585 -0.978567 1.26764 -0.966758 -1.22191 1.08249 -0.635785 -1.49588 
1.58486 -0.640626 -0.978491 1.26669 -0.96511 -1.22403 1.08059 -0.636166 -1.49993 
1.5849 -0.640612 -0.978462 1.26625 -0.964509 -1.22492 1.08018 -0.635997 -1.50182 
1.5849 -0.640559 -0.978453 1.26542 -0.96325 -1.22684 1.07823 -0.636295 -1.50449 
1.5848 -0.640439 -0.978338 1.26353 -0.961544 -1.22958 1.07516 -0.63668 -1.5087 
1.58478 -0.640405 -0.978338 1.26305 -0.960556 -1.23127 1.07437 -0.636448 -1.5111 
1.58479 -0.640331 -0.978372 1.26245 -0.959434 -1.23274 1.07381 -0.635908 -1.5143 
1.58448 -0.640352 -0.978439 1.26167 -0.958758 -1.2351 1.06977 -0.637134 -1.51528 
1.5845 -0.64035 -0.978491 1.26146 -0.958083 -1.23616 1.06966 -0.636302 -1.51703 
1.58442 -0.640327 -0.978624 1.26128 -0.957658 -1.2375 1.06838 -0.636777 -1.51855 
1.58432 -0.64044 -0.978654 1.26053 -0.956616 -1.24026 1.06619 -0.636913 -1.52229 
1.58431 -0.640438 -0.978705 1.26044 -0.956063 -1.24133 1.06556 -0.636768 -1.52401 
1.58432 -0.640405 -0.978641 1.25966 -0.954774 -1.24296 1.06322 -0.637007 -1.52554 
1.58431 -0.640374 -0.97868 1.25903 -0.952931 -1.24614 1.06116 -0.637328 -1.53042 
1.58428 -0.640375 -0.978708 1.25869 -0.952329 -1.24712 1.06024 -0.637272 -1.53223 
1.58418 -0.640376 -0.978713 1.25815 -0.951199 -1.24865 1.05679 -0.638366 -1.53325 
1.58312 -0.640729 -0.978159 1.25659 -0.949559 -1.25055 1.05542 -0.638474 -1.53663 
1.58305 -0.640717 -0.978165 1.25632 -0.949094 -1.2512 1.05457 -0.638265 -1.53829 
1.58323 -0.640671 -0.978548 1.25597 -0.948092 -1.25245 1.05355 -0.638224 -1.53976 
1.58292 -0.640666 -0.978242 1.25492 -0.946962 -1.25383 1.0515 -0.638376 -1.5427 
1.58312 -0.640637 -0.978546 1.25459 -0.94644 -1.2544 1.04915 -0.639578 -1.54255 
1.58281 -0.640589 -0.978165 1.25385 -0.945343 -1.2554 1.04825 -0.639524 -1.54531 
1.58285 -0.640457 -0.978153 1.25204 -0.942493 -1.25807 1.043 -0.64107 -1.54843 
1.58272 -0.640415 -0.97808 1.2514 -0.941251 -1.25917 1.04181 -0.640771 -1.5511 
1.58265 -0.640288 -0.978002 1.25043 -0.939875 -1.261 1.0398 -0.640867 -1.5541 
1.58247 -0.640155 -0.977907 1.24897 -0.937532 -1.26394 1.0358 -0.641453 -1.55822 
1.58236 -0.640142 -0.977976 1.24785 -0.936375 -1.26474 1.03501 -0.640835 -1.56016 
1.58227 -0.640129 -0.978016 1.24716 -0.935379 -1.26645 1.03364 -0.640864 -1.56298 
1.58187 -0.640193 -0.977985 1.24628 -0.933917 -1.26836 1.02986 -0.641731 -1.56422 
1.58188 -0.640195 -0.978019 1.24613 -0.933382 -1.26921 1.02902 -0.641716 -1.56547 
1.58211 -0.640187 -0.97818 1.24599 -0.932337 -1.27091 1.02773 -0.642047 -1.5678 
1.58183 -0.640155 -0.97806 1.24548 -0.93045 -1.27341 1.02475 -0.642049 -1.57131 
1.58194 -0.640169 -0.978013 1.2453 -0.929413 -1.27472 1.02269 -0.642607 -1.57139 
1.58195 -0.640191 -0.978025 1.24508 -0.928579 -1.27623 1.02179 -0.64344 -1.57326 
1.5822 -0.640187 -0.978187 1.24434 -0.926858 -1.27832 1.02059 -0.643 -1.57702 
1.58183 -0.640102 -0.978109 1.2443 -0.926406 -1.27914 1.01967 -0.643512 -1.57789 
1.58177 -0.64023 -0.97807 1.24398 -0.925721 -1.28027 1.01819 -0.643903 -1.5786 
1.58172 -0.640218 -0.978146 1.24342 -0.924511 -1.2821 1.01495 -0.644433 -1.58088 
1.58159 -0.640177 -0.978127 1.24327 -0.923561 -1.28345 1.01414 -0.644469 -1.58256 
1.58165 -0.640177 -0.978158 1.24271 -0.922501 -1.28476 1.01241 -0.645165 -1.58426 
1.58154 -0.639717 -0.978019 1.24143 -0.920158 -1.28728 1.00841 -0.646015 -1.58742 
1.58148 -0.640099 -0.97802 1.24094 -0.919227 -1.28815 1.00776 -0.646285 -1.58909 
1.58145 -0.639655 -0.978009 1.23992 -0.917878 -1.28956 1.00551 -0.646976 -1.59126 
1.5813 -0.639643 -0.978099 1.23889 -0.915536 -1.29153 1.00182 -0.647449 -1.59369 
1.58121 -0.639699 -0.978099 1.23858 -0.914904 -1.29228 1.00115 -0.647602 -1.59538 
1.58107 -0.639661 -0.97819 1.23787 -0.913506 -1.29355 1.00005 -0.648087 -1.59706 
1.58102 -0.639631 -0.978103 1.23485 -0.91136 -1.29471 0.995419 -0.650064 -1.59936 
1.58103 -0.639516 -0.978246 1.23582 -0.910322 -1.29645 0.994122 -0.650834 -1.60077 
1.58089 -0.63953 -0.978121 1.23493 -0.908785 -1.29789 0.992651 -0.650598 -1.60415 
1.58087 -0.639484 -0.978056 1.23353 -0.905373 -1.30049 0.987662 -0.651279 -1.60698 
1.58079 -0.639395 -0.978089 1.23301 -0.904229 -1.30135 0.986745 -0.651723 -1.60927 
1.58074 -0.639391 -0.978094 1.23164 -0.902023 -1.3029 0.985244 -0.651773 -1.61213 
1.5806 -0.639419 -0.978083 1.23018 -0.898995 -1.30551 0.980117 -0.653359 -1.61485 
1.58057 -0.639382 -0.978042 1.22961 -0.897663 -1.30622 0.978959 -0.65338 -1.61704 
1.58054 -0.639175 -0.978524 1.22874 -0.895845 -1.30747 0.977244 -0.653435 -1.61898 
1.58062 -0.63914 -0.978615 1.22653 -0.892608 -1.30935 0.973232 -0.654569 -1.62171 
1.58053 -0.639161 -0.978507 1.22611 -0.891669 -1.31004 0.972718 -0.654601 -1.62339 
1.58054 -0.639062 -0.978564 1.2251 -0.889922 -1.31058 0.971057 -0.655039 -1.62602 
1.58047 -0.638949 -0.978491 1.2235 -0.886542 -1.31211 0.966294 -0.656817 -1.62738 
1.58036 -0.638944 -0.978482 1.22269 -0.885267 -1.31286 0.965291 -0.65665 -1.62955 
1.58036 -0.638827 -0.978411 1.22122 -0.882967 -1.31379 0.963219 -0.656789 -1.6315 
1.58017 -0.638728 -0.978292 1.21951 -0.879552 -1.3155 0.95929 -0.657771 -1.63407 
1.58004 -0.638684 -0.978226 1.21886 -0.87816 -1.31594 0.958351 -0.657822 -1.63569 
1.57995 -0.638566 -0.978237 1.21784 -0.876572 -1.31697 0.957321 -0.657915 -1.63776 
1.57977 -0.638479 -0.978244 1.21599 -0.8733 -1.31873 0.952807 -0.659353 -1.63957 
1.57977 -0.638477 -0.978178 1.21575 -0.872053 -1.31981 0.952048 -0.65928 -1.64091 
1.57971 -0.638517 -0.978251 1.21496 -0.87049 -1.32066 0.950896 -0.659094 -1.64385 
1.57981 -0.638539 -0.978336 1.21377 -0.867241 -1.32292 0.94856 -0.659506 -1.64657 
1.57975 -0.638557 -0.978419 1.21347 -0.86625 -1.32378 0.945921 -0.660111 -1.64704 
1.57981 -0.638552 -0.978494 1.21112 -0.864125 -1.32441 0.945032 -0.660831 -1.64937 
1.57978 -0.638767 -0.978487 1.21189 -0.860636 -1.32819 0.942223 -0.662143 -1.65308 
1.57974 -0.638892 -0.97859 1.21139 -0.859328 -1.32922 0.941391 -0.662015 -1.65505 
1.57989 -0.638959 -0.97878 1.21085 -0.856972 -1.3307 0.940304 -0.662062 -1.65743 
1.57987 -0.639215 -0.97917 1.21023 -0.852902 -1.33353 0.937234 -0.661682 -1.66056 
1.57987 -0.639283 -0.979159 1.20988 -0.851677 -1.33419 0.93671 -0.661352 -1.66178 
1.57989 -0.639397 -0.979349 1.20883 -0.850181 -1.33492 0.93474 -0.661097 -1.66319 
1.58009 -0.639546 -0.979825 1.20798 -0.846938 -1.33683 0.931544 -0.661643 -1.66452 
1.58016 -0.639613 -0.979945 1.20764 -0.845706 -1.3374 0.931143 -0.662203 -1.66562 
1.58012 -0.639704 -0.979986 1.2071 -0.843997 -1.3383 0.930165 -0.662517 -1.66811 
1.58009 -0.639746 -0.980014 1.20594 -0.840226 -1.34022 0.927304 -0.663035 -1.67014 
1.57984 -0.639753 -0.979913 1.20533 -0.838557 -1.34116 0.926345 -0.662869 -1.671 
1.57968 -0.639638 -0.979892 1.2041 -0.836266 -1.34184 0.924121 -0.662602 -1.67233 
1.57953 -0.639387 -0.979915 1.20299 -0.832716 -1.34315 0.922686 -0.661945 -1.67529 
1.57935 -0.639259 -0.980035 1.20246 -0.83103 -1.34343 0.921147 -0.662101 -1.67606 
1.57917 -0.639188 -0.979827 1.20178 -0.828717 -1.34445 0.920219 -0.661823 -1.67819 
1.5793 -0.639238 -0.980018 1.2 -0.824433 -1.34541 0.917047 -0.661895 -1.67897 
1.57913 -0.639176 -0.979817 1.19957 -0.823064 -1.34571 0.916393 -0.661642 -1.67976 
1.57874 -0.63957 -0.979557 1.19888 -0.820404 -1.34641 0.914526 -0.661305 -1.68101 
1.57869 -0.639594 -0.97984 1.1975 -0.816389 -1.3476 0.911438 -0.661689 -1.68204 
1.57901 -0.639055 -0.979893 1.19714 -0.814649 -1.34805 0.910707 -0.662078 -1.68272 
1.57859 -0.639484 -0.979659 1.19643 -0.812382 -1.34866 0.909601 -0.661685 -1.68442 
1.57845 -0.639502 -0.979663 1.19472 -0.808426 -1.34984 0.908424 -0.660953 -1.68735 
1.57846 -0.63945 -0.979797 1.19431 -0.807048 -1.35036 0.907917 -0.660699 -1.68841 
1.5783 -0.639456 -0.979783 1.19333 -0.804401 -1.35095 0.904844 -0.660593 -1.6879 
1.57818 -0.639466 -0.979857 1.19256 -0.801398 -1.35199 0.903412 -0.65971 -1.68985 
1.57827 -0.639516 -0.980115 1.19254 -0.800033 -1.35265 0.90309 -0.659374 -1.69065 
1.57804 -0.63944 -0.979901 1.19204 -0.797623 -1.35361 0.903081 -0.658487 -1.69249 
1.57811 -0.638628 -0.980381 1.19131 -0.793755 -1.35573 0.902284 -0.656217 -1.69524 
1.57806 -0.638615 -0.980341 1.1911 -0.792249 -1.35641 0.901166 -0.655969 -1.69547 
1.57796 -0.638535 -0.980441 1.19073 -0.7894 -1.35751 0.900535 -0.654773 -1.69691 
1.57772 -0.638536 -0.980725 1.18977 -0.785318 -1.35889 0.898427 -0.652781 -1.69826 
1.57784 -0.638972 -0.980995 1.1893 -0.783758 -1.35957 0.897886 -0.652177 -1.69886 
1.57675 -0.639427 -0.980481 1.18655 -0.781559 -1.35928 0.896931 -0.651141 -1.70013 
1.5767 -0.639457 -0.980651 1.18736 -0.778291 -1.36083 0.896599 -0.648774 -1.70192 
1.57681 -0.639441 -0.980794 1.18696 -0.77713 -1.36088 0.896217 -0.648349 -1.70216 
1.57679 -0.639473 -0.980735 1.18691 -0.775611 -1.36103 0.895454 -0.647524 -1.70251 
1.57687 -0.639478 -0.980698 1.1864 -0.773342 -1.36103 0.892567 -0.647617 -1.70102 
1.57689 -0.639498 -0.980734 1.18582 -0.771934 -1.361 0.892327 -0.646895 -1.70171 
1.57688 -0.639461 -0.980778 1.18522 -0.769964 -1.36093 0.891719 -0.645947 -1.70208 
1.57682 -0.639376 -0.980763 1.18461 -0.767745 -1.36126 0.890535 -0.644 -1.70322 
1.57677 -0.639406 -0.980653 1.18437 -0.766283 -1.36178 0.890212 -0.643679 -1.70359 
1.57669 -0.639412 -0.980631 1.18403 -0.764573 -1.36197 0.889846 -0.642992 -1.70409 
1.57669 -0.639377 -0.980665 1.18183 -0.761958 -1.36183 0.888609 -0.64192 -1.7045 
1.57659 -0.639334 -0.980649 1.18179 -0.761569 -1.36183 0.888522 -0.641725 -1.70488 
1.57652 -0.639288 -0.980669 1.18158 -0.760729 -1.36198 0.888209 -0.641555 -1.70521 
1.5765 -0.639274 -0.98065 1.18277 -0.759603 -1.36251 0.8878 -0.641197 -1.70535 
1.57656 -0.639327 -0.980761 1.18229 -0.757626 -1.36284 0.887154 -0.640339 -1.70565 
1.57646 -0.639358 -0.980706 1.18207 -0.756429 -1.36314 0.886642 -0.640089 -1.70586 
1.57647 -0.63934 -0.980831 1.18148 -0.754843 -1.36304 0.884925 -0.639802 -1.70532 
1.57644 -0.639332 -0.980816 1.18124 -0.750274 -1.36391 0.883864 -0.63682 -1.70772 
1.57648 -0.639317 -0.980902 1.18109 -0.749193 -1.36428 0.883746 -0.636111 -1.70816 
1.57648 -0.639345 -0.980834 1.18083 -0.746558 -1.36473 0.883071 -0.635119 -1.70918 
1.57641 -0.639302 -0.980847 1.17866 -0.741638 -1.36513 0.881399 -0.633731 -1.7104 
1.57637 -0.639336 -0.980785 1.17853 -0.739883 -1.36546 0.880926 -0.632828 -1.71184 
1.57635 -0.639282 -0.98086 1.17984 -0.737683 -1.36692 0.880364 -0.631416 -1.71295 
1.57624 -0.639223 -0.981027 1.17965 -0.734543 -1.36751 0.879005 -0.629933 -1.71323 
1.57608 -0.639132 -0.981114 1.17953 -0.73393 -1.36766 0.878791 -0.629792 -1.71347 
1.57597 -0.63909 -0.981179 1.1794 -0.733645 -1.36781 0.878527 -0.629612 -1.71353 
1.57565 -0.639115 -0.980997 1.1793 -0.733952 -1.3679 0.87826 -0.629325 -1.71307 
1.57566 -0.639109 -0.980976 1.17926 -0.734146 -1.36785 0.878329 -0.629259 -1.71302 
1.57551 -0.638654 -0.980744 1.17927 -0.734299 -1.36769 0.878411 -0.629488 -1.71303 
1.5754 -0.638436 -0.980397 1.17929 -0.733953 -1.36738 0.878424 -0.629746 -1.71272 
1.57527 -0.637946 -0.98021 1.1794 -0.733733 -1.36729 0.878384 -0.629631 -1.71265 
1.57521 -0.637808 -0.980039 1.17935 -0.733573 -1.36719 0.87845 -0.629358 -1.71252 
1.57501 -0.637588 -0.979783 1.17907 -0.7342 -1.36701 0.878566 -0.629251 -1.71241 
1.57492 -0.637504 -0.979699 1.17902 -0.734722 -1.36701 0.878668 -0.629304 -1.71231 
1.57478 -0.637461 -0.979579 1.17703 -0.735966 -1.36618 0.878703 -0.629756 -1.71156 
1.57468 -0.637244 -0.979585 1.17856 -0.737885 -1.36667 0.878991 -0.630295 -1.71113 
1.57464 -0.637234 -0.979584 1.17849 -0.738302 -1.36656 0.88005 -0.630017 -1.71204 
1.57464 -0.637249 -0.97959 1.17843 -0.738874 -1.36623 0.880059 -0.630155 -1.71176 
1.57463 -0.637361 -0.979675 1.17839 -0.738805 -1.36616 0.878767 -0.630549 -1.71051 
1.57472 -0.637259 -0.97969 1.17837 -0.738727 -1.36613 0.878874 -0.630427 -1.71055 
1.57461 -0.637208 -0.979631 1.17845 -0.738826 -1.36624 0.880083 -0.630033 -1.71176 
1.57454 -0.637097 -0.97941 1.17869 -0.739155 -1.36623 0.880477 -0.630466 -1.71214 
1.57456 -0.637046 -0.979384 1.17873 -0.739377 -1.36627 0.880471 -0.630675 -1.71205 
1.57443 -0.637068 -0.979277 1.1788 -0.739883 -1.36629 0.880662 -0.630743 -1.71223 
1.57438 -0.636932 -0.979204 1.17875 -0.74097 -1.36636 0.880801 -0.630962 -1.71213 
1.57428 -0.636997 -0.979235 1.17874 -0.741307 -1.36633 0.880778 -0.631112 -1.71205 
1.57436 -0.636963 -0.979318 1.17875 -0.741742 -1.36635 0.88088 -0.631036 -1.71196 
1.57431 -0.636942 -0.979246 1.17727 -0.742509 -1.36575 0.881327 -0.630996 -1.71136 
1.57432 -0.636915 -0.979344 1.17731 -0.743509 -1.36569 0.881397 -0.631179 -1.71128 
1.57437 -0.636932 -0.979339 1.17744 -0.744261 -1.36568 0.881721 -0.631576 -1.71106 
1.57436 -0.636977 -0.97936 1.17718 -0.746239 -1.36497 0.882102 -0.632297 -1.71006 
1.57437 -0.636962 -0.979358 1.17729 -0.747182 -1.36487 0.88219 -0.632541 -1.70951 
1.57443 -0.63694 -0.979353 1.17726 -0.74869 -1.36457 0.88265 -0.632899 -1.70923 
1.57435 -0.636877 -0.979449 1.17949 -0.751792 -1.36487 0.883772 -0.633512 -1.70909 
1.5743 -0.63687 -0.979341 1.17968 -0.752642 -1.36477 0.883708 -0.634486 -1.70853 
1.57426 -0.636817 -0.979325 1.1798 -0.753951 -1.36463 0.884165 -0.635192 -1.70791 
1.57431 -0.636859 -0.979273 1.18014 -0.756419 -1.3642 0.884375 -0.636208 -1.70655 
1.57433 -0.636887 -0.979311 1.18024 -0.75723 -1.36404 0.884404 -0.636762 -1.70607 
1.57432 -0.636885 -0.97932 1.18033 -0.758699 -1.36347 0.884661 -0.637241 -1.70566 
1.57444 -0.636906 -0.979386 1.18021 -0.760851 -1.3629 0.885425 -0.638012 -1.70444 
1.57439 -0.636955 -0.979277 1.18041 -0.761552 -1.36276 0.885542 -0.638469 -1.70385 
1.57448 -0.636984 -0.979335 1.18075 -0.762951 -1.36274 0.885526 -0.6397 -1.70284 
1.57451 -0.63706 -0.97945 1.18118 -0.765146 -1.36232 0.887233 -0.639808 -1.70366 
1.57452 -0.637109 -0.979558 1.18121 -0.765798 -1.36232 0.887565 -0.640078 -1.70362 
1.57455 -0.637228 -0.979648 1.18138 -0.766792 -1.36225 0.88788 -0.6404 -1.7035 
1.57456 -0.6372 -0.979784 1.18136 -0.768574 -1.36221 0.888537 -0.640868 -1.70339 
1.5745 -0.637225 -0.979857 1.18144 -0.769098 -1.36225 0.88868 -0.641009 -1.70325 
1.57443 -0.637357 -0.979924 1.18143 -0.77028 -1.36223 0.889712 -0.64116 -1.70361 
1.57444 -0.637207 -0.980016 1.18045 -0.772073 -1.36131 0.890192 -0.641729 -1.70304 
1.57439 -0.637183 -0.979919 1.1805 -0.772733 -1.36116 0.890237 -0.642368 -1.70247 
1.57435 -0.63717 -0.979827 1.18078 -0.7739 -1.36084 0.890417 -0.642842 -1.7016 
1.57438 -0.637052 -0.979809 1.18263 -0.776213 -1.36066 0.891053 -0.643653 -1.70038 
1.57436 -0.637078 -0.97975 1.18264 -0.776989 -1.36036 0.891313 -0.643905 -1.70005 
1.57436 -0.637034 -0.97969 1.18283 -0.778364 -1.35984 0.891622 -0.644836 -1.69896 
1.57433 -0.636944 -0.979591 1.18338 -0.782604 -1.35866 0.893715 -0.645456 -1.69878 
1.57435 -0.636866 -0.979593 1.18366 -0.784445 -1.35811 0.894338 -0.646019 -1.69806 
1.57431 -0.63694 -0.979594 1.18415 -0.78829 -1.35695 0.896106 -0.64702 -1.69599 
1.57432 -0.637011 -0.97975 1.18581 -0.79441 -1.35511 0.897141 -0.649868 -1.69218 
1.57443 -0.63701 -0.979765 1.18609 -0.796663 -1.35405 0.898025 -0.650574 -1.69081 
1.57442 -0.637081 -0.979752 1.18668 -0.800407 -1.3528 0.901286 -0.651333 -1.69002 
1.57456 -0.637113 -0.979748 1.18775 -0.806447 -1.35071 0.902971 -0.653231 -1.68696 
1.57454 -0.637072 -0.979766 1.18814 -0.808776 -1.34967 0.903585 -0.654599 -1.68446 
1.57462 -0.63706 -0.97975 1.1893 -0.811527 -1.34892 0.904681 -0.655292 -1.68266 
1.57477 -0.637066 -0.979675 1.19002 -0.815723 -1.3475 0.908155 -0.655661 -1.68238 
1.57486 -0.636972 -0.979653 1.1904 -0.817058 -1.3471 0.908673 -0.655816 -1.68168 
1.57471 -0.637068 -0.979629 1.19094 -0.818753 -1.34671 0.909554 -0.656203 -1.67974 
1.57469 -0.636992 -0.979478 1.19201 -0.822853 -1.34621 0.91064 -0.657136 -1.67775 
1.57465 -0.636987 -0.979508 1.19242 -0.824262 -1.34612 0.911676 -0.657354 -1.67695 
1.57466 -0.63705 -0.97974 1.194 -0.827265 -1.34639 0.915469 -0.656926 -1.67773 
1.57463 -0.637119 -0.980056 1.19641 -0.832897 -1.34603 0.917418 -0.658212 -1.67421 
1.57462 -0.637269 -0.98017 1.19708 -0.835325 -1.3456 0.918905 -0.658912 -1.67225 
1.57464 -0.637361 -0.980407 1.19795 -0.839216 -1.34509 0.922961 -0.658548 -1.67271 
1.57485 -0.637464 -0.980665 1.20052 -0.844995 -1.34328 0.927117 -0.658455 -1.66914 
1.57499 -0.637503 -0.980888 1.20105 -0.846934 -1.34263 0.928126 -0.658406 -1.6679 
1.57517 -0.637674 -0.980963 1.20175 -0.849433 -1.34136 0.930258 -0.658551 -1.66531 
1.57543 -0.637717 -0.981116 1.20262 -0.852344 -1.33936 0.931761 -0.65859 -1.6616 
1.57551 -0.637675 -0.981134 1.2028 -0.853575 -1.33826 0.93379 -0.658146 -1.66043 
1.57552 -0.637658 -0.981087 1.20291 -0.855189 -1.33636 0.935542 -0.658011 -1.65889 
1.57529 -0.637529 -0.980764 1.20358 -0.858945 -1.33379 0.937733 -0.657784 -1.654 
1.57517 -0.637428 -0.980634 1.20403 -0.860455 -1.33307 0.938616 -0.657903 -1.65262 
1.57504 -0.637375 -0.98044 1.20472 -0.862998 -1.33171 0.941783 -0.657025 -1.65192 
1.5748 -0.637273 -0.980162 1.20688 -0.867415 -1.32998 0.94488 -0.657542 -1.64783 
1.57471 -0.63719 -0.979987 1.20766 -0.868846 -1.32965 0.947093 -0.657194 -1.64764 
1.57479 -0.637257 -0.980054 1.2088 -0.871106 -1.3289 0.948642 -0.657697 -1.64518 
1.57495 -0.637341 -0.980146 1.21032 -0.87435 -1.32773 0.951547 -0.657732 -1.6428 
1.57495 -0.63732 -0.98023 1.21083 -0.875572 -1.32701 0.952369 -0.658361 -1.64104 
1.57509 -0.637335 -0.980325 1.21238 -0.876983 -1.32637 0.954868 -0.658118 -1.64019 
1.57525 -0.637354 -0.980616 1.21423 -0.880488 -1.32468 0.958271 -0.657781 -1.6369 
1.57529 -0.637412 -0.980617 1.21503 -0.882055 -1.32404 0.959204 -0.658074 -1.63491 
1.57536 -0.63746 -0.980692 1.21712 -0.885189 -1.3229 0.962888 -0.657457 -1.63311 
1.57529 -0.637506 -0.98065 1.21978 -0.889977 -1.32104 0.968108 -0.657855 -1.62902 
1.57539 -0.637466 -0.980677 1.22088 -0.89253 -1.31977 0.969971 -0.658163 -1.62739 
1.57532 -0.637471 -0.980513 1.22323 -0.894948 -1.31877 0.972745 -0.65875 -1.62371 
1.57542 -0.637396 -0.980314 1.22627 -0.899342 -1.31687 0.978449 -0.658756 -1.61994 
1.57541 -0.637399 -0.980296 1.22788 -0.901294 -1.31597 0.979834 -0.658119 -1.61834 
1.57538 -0.637365 -0.980132 1.22913 -0.903785 -1.31449 0.983226 -0.657502 -1.61603 
1.57548 -0.637373 -0.980087 1.23105 -0.90683 -1.31214 0.986777 -0.65766 -1.61108 
1.57547 -0.637365 -0.980174 1.2317 -0.908469 -1.3107 0.988883 -0.657506 -1.61001 
1.57554 -0.637419 -0.980264 1.23303 -0.910474 -1.3094 0.990823 -0.657795 -1.60654 
1.57549 -0.637459 -0.980376 1.23457 -0.913993 -1.30568 0.994325 -0.65818 -1.60065 
1.57558 -0.637435 -0.980435 1.23544 -0.915725 -1.30409 0.997958 -0.656775 -1.60052 
1.57555 -0.637465 -0.980411 1.23694 -0.918302 -1.30176 1.00009 -0.657085 -1.59576 
1.57567 -0.637413 -0.980408 1.23935 -0.923264 -1.29747 1.00625 -0.656423 -1.58978 
1.57566 -0.637426 -0.980273 1.24046 -0.925406 -1.29522 1.00937 -0.656695 -1.58661 
1.57615 -0.637282 -0.980487 1.24286 -0.928404 -1.2924 1.01352 -0.65636 -1.582 
1.5763 -0.637215 -0.980294 1.24632 -0.933618 -1.28687 1.02134 -0.655612 -1.57406 
1.57629 -0.637174 -0.980205 1.2474 -0.935731 -1.28407 1.02474 -0.655285 -1.57131 
1.57638 -0.637167 -0.980134 1.24913 -0.939188 -1.27998 1.02888 -0.654864 -1.56493 
1.57691 -0.636725 -0.980141 1.2525 -0.944318 -1.27328 1.03742 -0.654328 -1.55675 
1.57662 -0.637288 -0.97994 1.25357 -0.94644 -1.27019 1.04022 -0.654315 -1.55314 
1.57676 -0.637331 -0.979725 1.25532 -0.948343 -1.26691 1.04497 -0.65324 -1.54904 
1.57819 -0.636543 -0.980215 1.25723 -0.952 -1.26112 1.04969 -0.652904 -1.54144 
1.57842 -0.63654 -0.980111 1.25769 -0.952924 -1.25946 1.05161 -0.652631 -1.53819 
1.57843 -0.636517 -0.979823 1.25885 -0.954207 -1.25665 1.05389 -0.65213 -1.53538 
1.57838 -0.636414 -0.979612 1.25944 -0.955416 -1.25368 1.05773 -0.650412 -1.53189 
1.57842 -0.636315 -0.979636 1.25953 -0.955737 -1.25283 1.059 -0.650478 -1.53078 
1.57841 -0.636355 -0.979538 1.25942 -0.956305 -1.25119 1.05972 -0.6501 -1.52862 
1.57839 -0.636387 -0.979664 1.25915 -0.956463 -1.24976 1.06061 -0.649792 -1.52649 
1.57837 -0.636422 -0.979671 1.25918 -0.95656 -1.24915 1.061 -0.649563 -1.52591 
1.57832 -0.636429 -0.979773 1.25927 -0.956848 -1.24853 1.06177 -0.649379 -1.52474 
1.57847 -0.636582 -0.980065 1.26018 -0.958415 -1.2471 1.06545 -0.648492 -1.52365 
1.57854 -0.636688 -0.980158 1.26095 -0.958914 -1.24669 1.06603 -0.648599 -1.52251 
1.57866 -0.637161 -0.980423 1.26263 -0.959893 -1.2463 1.06739 -0.64893 -1.52052 
1.57905 -0.637416 -0.980555 1.26502 -0.96243 -1.24449 1.07224 -0.648549 -1.51802 
1.57918 -0.637557 -0.980535 1.2662 -0.963573 -1.24406 1.07331 -0.649062 -1.5157 
1.57943 -0.637743 -0.980582 1.26861 -0.96531 -1.24351 1.07501 -0.649602 -1.51344 
1.57949 -0.638819 -0.980142 1.27153 -0.967673 -1.24227 1.07996 -0.650078 -1.51057 
1.57995 -0.638959 -0.980322 1.27282 -0.968675 -1.24164 1.08097 -0.650209 -1.5092 
1.5802 -0.639222 -0.980397 1.27465 -0.969942 -1.24062 1.08379 -0.650282 -1.50696 
1.58091 -0.64003 -0.980756 1.27663 -0.971998 -1.23832 1.0876 -0.649913 -1.50363 
1.58121 -0.640272 -0.981044 1.27711 -0.972623 -1.2373 1.08804 -0.65044 -1.50147 
1.58144 -0.640587 -0.981131 1.27833 -0.974185 -1.23538 1.09153 -0.649884 -1.501 
1.58185 -0.640805 -0.980967 1.28057 -0.975395 -1.23289 1.09375 -0.650241 -1.49574 
1.5819 -0.640816 -0.980914 1.28111 -0.975897 -1.23195 1.09471 -0.649654 -1.49419 
1.58225 -0.641315 -0.980678 1.28197 -0.97701 -1.23026 1.09774 -0.649486 -1.49309 
1.58259 -0.641442 -0.980541 1.28428 -0.978856 -1.2267 1.10048 -0.650941 -1.48782 
1.58283 -0.641559 -0.980318 1.28499 -0.979581 -1.22498 1.10318 -0.650859 -1.48728 
1.58308 -0.641732 -0.980288 1.28662 -0.981092 -1.22195 1.10614 -0.651025 -1.4837 
1.58359 -0.642242 -0.980165 1.28981 -0.984147 -1.21635 1.11154 -0.651723 -1.47832 
1.58385 -0.642428 -0.980041 1.29069 -0.985132 -1.21413 1.11255 -0.652196 -1.47605 
1.5854 -0.642739 -0.980321 1.29199 -0.986039 -1.21112 1.11372 -0.653398 -1.47145 
1.58684 -0.643652 -0.97941 1.29258 -0.987015 -1.20679 1.11543 -0.653655 -1.46811 
1.58738 -0.643839 -0.978906 1.29315 -0.986849 -1.20558 1.11566 -0.653713 -1.46654 
1.58831 -0.643609 -0.978754 1.29292 -0.986851 -1.20334 1.11584 -0.653361 -1.46477 
1.58845 -0.643509 -0.978393 1.29194 -0.986744 -1.20009 1.11735 -0.652465 -1.46144 
1.58832 -0.643491 -0.97839 1.29125 -0.986482 -1.1986 1.11797 -0.651633 -1.46054 
1.58824 -0.643492 -0.978504 1.29042 -0.986264 -1.19671 1.11845 -0.651597 -1.45926 
1.58816 -0.643614 -0.9785 1.28831 -0.985444 -1.19337 1.11778 -0.652077 -1.45867 
1.5882 -0.643588 -0.978385 1.2878 -0.985208 -1.19248 1.11766 -0.651927 -1.45844 
1.58815 -0.64339 -0.978342 1.28726 -0.984779 -1.19153 1.11775 -0.651433 -1.45787 
1.58758 -0.642519 -0.978322 1.28683 -0.984781 -1.18923 1.11912 -0.651079 -1.45683 
1.5875 -0.642476 -0.978493 1.28723 -0.984992 -1.18801 1.1208 -0.650787 -1.45649 
1.58747 -0.642464 -0.978344 1.28737 -0.985482 -1.18548 1.12248 -0.651162 -1.45331 
1.58785 -0.642464 -0.978291 1.28953 -0.987376 -1.18168 1.12374 -0.65248 -1.4482 
1.58812 -0.642419 -0.978204 1.28996 -0.988168 -1.1798 1.12436 -0.652851 -1.44604 
1.5887 -0.642385 -0.978036 1.29062 -0.988825 -1.1784 1.12428 -0.653217 -1.4442 
1.58811 -0.642862 -0.976101 1.29099 -0.988776 -1.17757 1.12506 -0.652736 -1.44264 
1.58814 -0.642771 -0.975981 1.29089 -0.988616 -1.17735 1.12537 -0.652371 -1.44232 
1.58806 -0.642704 -0.975908 1.29072 -0.988453 -1.17712 1.12594 -0.65192 -1.44232 
1.58786 -0.642783 -0.975925 1.29039 -0.98834 -1.17759 1.12601 -0.651448 -1.4437 
1.58793 -0.642811 -0.97598 1.2902 -0.988161 -1.17831 1.12433 -0.651535 -1.44302 
1.58794 -0.64286 -0.975942 1.28958 -0.987323 -1.18088 1.12361 -0.649831 -1.44397 
1.58795 -0.642956 -0.975794 1.28737 -0.985447 -1.18565 1.12277 -0.645351 -1.44671 
1.58793 -0.642971 -0.975868 1.28736 -0.985226 -1.1875 1.12239 -0.644361 -1.44715 
1.58794 -0.643008 -0.976083 1.28717 -0.98487 -1.18972 1.12283 -0.643417 -1.44839 
1.58873 -0.643498 -0.977907 1.28881 -0.98555 -1.19114 1.12389 -0.64371 -1.44865 
1.58872 -0.643689 -0.978086 1.29022 -0.986202 -1.19144 1.12404 -0.644173 -1.44843 
1.58889 -0.643999 -0.978307 1.29139 -0.987307 -1.19199 1.12431 -0.645652 -1.44757 
1.58922 -0.644237 -0.978281 1.29252 -0.987861 -1.19313 1.12489 -0.645743 -1.44744 
1.58926 -0.64421 -0.978218 1.29283 -0.987763 -1.1936 1.12524 -0.645638 -1.44763 
1.58927 -0.64411 -0.978185 1.29322 -0.987741 -1.19402 1.12583 -0.645353 -1.44809 
1.58897 -0.643947 -0.978283 1.29412 -0.988466 -1.19376 1.12634 -0.64599 -1.44811 
1.58894 -0.643939 -0.978258 1.29451 -0.988839 -1.19342 1.12661 -0.646538 -1.44777 
1.58886 -0.643809 -0.978288 1.29531 -0.989768 -1.19241 1.1268 -0.647901 -1.44712 
1.5888 -0.643691 -0.978072 1.29653 -0.9902 -1.19134 1.12927 -0.648679 -1.44815 
1.58877 -0.643585 -0.977969 1.29678 -0.990422 -1.19041 1.13056 -0.648853 -1.44856 
1.58893 -0.643511 -0.977783 1.29646 -0.990529 -1.18921 1.13112 -0.649908 -1.44856 
1.58898 -0.643413 -0.977593 1.29525 -0.989734 -1.18787 1.13158 -0.650295 -1.44912 
1.58899 -0.643373 -0.97752 1.29413 -0.989623 -1.18725 1.13128 -0.649962 -1.44908 
1.58914 -0.642493 -0.977687 1.29314 -0.988474 -1.18715 1.13085 -0.648452 -1.44915 
1.58809 -0.642972 -0.976158 1.29106 -0.987149 -1.18786 1.12899 -0.6458 -1.44915 
1.58801 -0.643047 -0.976165 1.29047 -0.98631 -1.18876 1.1283 -0.644743 -1.44906 
1.58908 -0.642458 -0.977668 1.28966 -0.985733 -1.18939 1.12612 -0.64415 -1.44821 
1.589 -0.642465 -0.977823 1.28872 -0.985404 -1.19028 1.12539 -0.643161 -1.44901 
1.58872 -0.64324 -0.977685 1.28852 -0.985181 -1.1915 1.12499 -0.642479 -1.45008 
1.58868 -0.643312 -0.977812 1.28815 -0.985205 -1.19237 1.12441 -0.642265 -1.45088 
1.58891 -0.643678 -0.978114 1.28763 -0.985024 -1.19381 1.12242 -0.642759 -1.45129 
1.58896 -0.643806 -0.978227 1.28711 -0.984816 -1.1941 1.12152 -0.642897 -1.45196 
1.58908 -0.643859 -0.978351 1.28611 -0.983598 -1.19526 1.11863 -0.643771 -1.45286 
1.58913 -0.643488 -0.97799 1.28429 -0.982477 -1.19722 1.11663 -0.64185 -1.45648 
1.58903 -0.643318 -0.977831 1.28391 -0.982056 -1.19831 1.11587 -0.641153 -1.45716 
1.58877 -0.643212 -0.977981 1.28349 -0.981519 -1.19974 1.11556 -0.639641 -1.45855 
1.58861 -0.643305 -0.978195 1.28318 -0.98165 -1.2008 1.11519 -0.639317 -1.45902 
1.58846 -0.643415 -0.978314 1.2837 -0.981851 -1.20121 1.11483 -0.639608 -1.45932 
1.58834 -0.643428 -0.978387 1.28399 -0.98187 -1.20195 1.113 -0.641497 -1.45923 
1.58789 -0.643244 -0.978193 1.28325 -0.981289 -1.20307 1.1101 -0.64441 -1.46336 
1.588 -0.642413 -0.978512 1.2826 -0.980676 -1.20411 1.10894 -0.644648 -1.46576 
1.58787 -0.642267 -0.978421 1.28104 -0.979152 -1.20556 1.10486 -0.64568 -1.4692 
1.58772 -0.642132 -0.978423 1.27796 -0.976365 -1.20857 1.09906 -0.645101 -1.47339 
1.58751 -0.642002 -0.978444 1.27616 -0.974605 -1.21106 1.09504 -0.64435 -1.47674 
1.58719 -0.641941 -0.978553 1.27415 -0.972974 -1.21365 1.09162 -0.643092 -1.47968 
1.58655 -0.641955 -0.978735 1.27226 -0.970713 -1.21644 1.08845 -0.643173 -1.48364 
1.58603 -0.641846 -0.978643 1.2713 -0.969959 -1.21807 1.08557 -0.643841 -1.48596 
1.58628 -0.64169 -0.979255 1.27049 -0.968655 -1.22 1.08481 -0.644635 -1.48979 
1.58621 -0.641701 -0.979304 1.26885 -0.967397 -1.22133 1.08157 -0.646174 -1.49274 
1.58625 -0.641701 -0.979273 1.26774 -0.966305 -1.22265 1.07889 -0.646287 -1.49523 
1.58628 -0.641944 -0.97906 1.26645 -0.96447 -1.22426 1.07675 -0.646048 -1.49748 
1.58663 -0.641886 -0.97951 1.26432 -0.96254 -1.226 1.07313 -0.645744 -1.50071 
1.58632 -0.641965 -0.979052 1.26328 -0.961373 -1.22734 1.07196 -0.645141 -1.50352 
1.58663 -0.641816 -0.979555 1.26214 -0.959867 -1.22864 1.06956 -0.645184 -1.50631 
1.58619 -0.641613 -0.979343 1.26029 -0.957123 -1.23142 1.06588 -0.646108 -1.51068 
1.58596 -0.64152 -0.979385 1.25887 -0.956262 -1.23219 1.06461 -0.646698 -1.51242 
1.58543 -0.641547 -0.978864 1.25776 -0.955343 -1.23364 1.06272 -0.646583 -1.51526 
1.58502 -0.64079 -0.978718 1.2562 -0.953334 -1.2358 1.05933 -0.646895 -1.51819 
1.58489 -0.640657 -0.978603 1.25545 -0.952517 -1.23679 1.0585 -0.646347 -1.52028 
1.58472 -0.640558 -0.97861 1.25395 -0.951412 -1.2376 1.05675 -0.646631 -1.52158 
1.58458 -0.640431 -0.978641 1.25338 -0.950467 -1.239 1.0539 -0.648058 -1.52274 
1.58449 -0.640393 -0.978612 1.25259 -0.949772 -1.23997 1.05249 -0.648764 -1.52578 
1.58453 -0.640295 -0.978603 1.25186 -0.948562 -1.24129 1.05165 -0.649015 -1.52844 
1.5846 -0.640164 -0.978442 1.25086 -0.946725 -1.24415 1.04716 -0.649347 -1.53133 
1.58455 -0.640074 -0.978375 1.25066 -0.945992 -1.24528 1.04632 -0.649775 -1.5329 
1.58448 -0.640007 -0.978282 1.24965 -0.944368 -1.2468 1.04482 -0.649729 -1.53561 
1.58439 -0.639947 -0.97831 1.24878 -0.943208 -1.24917 1.04254 -0.650583 -1.53842 
1.58436 -0.639983 -0.978374 1.24871 -0.942774 -1.25006 1.04093 -0.651089 -1.53771 
1.58418 -0.639995 -0.978424 1.24824 -0.942153 -1.25151 1.03965 -0.65127 -1.54025 
1.5831 -0.640436 -0.977887 1.24791 -0.941548 -1.25265 1.03891 -0.651121 -1.54209 
1.58299 -0.640445 -0.977992 1.24684 -0.940431 -1.25455 1.0363 -0.651578 -1.54543 
1.5829 -0.640423 -0.97795 1.24592 -0.939431 -1.25569 1.03535 -0.651832 -1.54669 
1.58285 -0.640457 -0.978002 1.24536 -0.938358 -1.25708 1.03279 -0.652531 -1.54897 
1.5828 -0.640384 -0.977967 1.24412 -0.935963 -1.25995 1.02972 -0.653343 -1.55267 
1.58277 -0.640309 -0.978046 1.24373 -0.93508 -1.26107 1.02826 -0.653317 -1.55508 
1.58265 -0.640371 -0.977954 1.24316 -0.933472 -1.26309 1.02584 -0.653955 -1.55614 
1.58273 -0.640378 -0.978163 1.24233 -0.931819 -1.26544 1.0231 -0.653809 -1.56066 
1.58263 -0.640433 -0.978155 1.24124 -0.930565 -1.26647 1.02223 -0.65407 -1.56201 
1.58288 -0.640474 -0.978617 1.24088 -0.929705 -1.26786 1.01959 -0.655236 -1.56321 
1.58282 -0.640561 -0.978738 1.24023 -0.927851 -1.27027 1.01764 -0.655863 -1.56686 
1.58289 -0.640567 -0.97883 1.24014 -0.927264 -1.27137 1.01605 -0.656286 -1.56735 
1.58298 -0.640723 -0.978949 1.23981 -0.926257 -1.27293 1.01436 -0.656244 -1.56979 
1.58299 -0.640794 -0.978925 1.23901 -0.924344 -1.27606 1.01123 -0.656776 -1.57269 
1.58305 -0.64071 -0.978808 1.23878 -0.923802 -1.27688 1.01041 -0.657365 -1.57406 
1.58304 -0.640627 -0.97868 1.23779 -0.922809 -1.27829 1.00931 -0.657409 -1.57579 
1.58314 -0.640743 -0.978104 1.23739 -0.921637 -1.28019 1.00614 -0.658352 -1.57774 
1.58422 -0.64033 -0.97869 1.23686 -0.921161 -1.28098 1.00518 -0.659056 -1.5783 
1.5844 -0.640298 -0.978535 1.2366 -0.920217 -1.28243 1.00481 -0.658805 -1.58002 
1.58473 -0.640207 -0.978337 1.236 -0.918751 -1.28371 1.00296 -0.659347 -1.58271 
1.58483 -0.640255 -0.978216 1.23577 -0.918099 -1.28438 1.0021 -0.659632 -1.58359 
1.5849 -0.640162 -0.978049 1.23517 -0.916608 -1.28552 0.999669 -0.660288 -1.58426 
1.58479 -0.640024 -0.977888 1.23334 -0.914265 -1.2868 0.9976 -0.660916 -1.58846 
1.58472 -0.639954 -0.977823 1.23291 -0.913008 -1.288 0.996553 -0.660912 -1.59 
1.58459 -0.639856 -0.977824 1.23198 -0.911667 -1.28889 0.993939 -0.661509 -1.59179 
1.58468 -0.639341 -0.977923 1.2303 -0.90892 -1.29077 0.990536 -0.661927 -1.59436 
1.58432 -0.639765 -0.977772 1.22965 -0.908176 -1.29151 0.989047 -0.661835 -1.59582 
1.58415 -0.639857 -0.977776 1.22827 -0.906467 -1.29244 0.987613 -0.662046 -1.59807 
1.5829 -0.640407 -0.977319 1.22713 -0.90414 -1.29474 0.983744 -0.663334 -1.60061 
1.58284 -0.640408 -0.977395 1.22664 -0.902823 -1.29581 0.983297 -0.663112 -1.60273 
1.58276 -0.640465 -0.977464 1.2261 -0.901551 -1.29724 0.981086 -0.664346 -1.60367 
1.5827 -0.64052 -0.977479 1.22552 -0.898736 -1.30017 0.977808 -0.664454 -1.60683 
1.58271 -0.640651 -0.977519 1.22538 -0.898159 -1.30103 0.977479 -0.664508 -1.60809 
1.58269 -0.640862 -0.977585 1.22437 -0.89735 -1.30196 0.976621 -0.664549 -1.60998 
1.58274 -0.64122 -0.977818 1.22381 -0.895085 -1.30437 0.974346 -0.664641 -1.61317 
1.58277 -0.641358 -0.977971 1.22359 -0.894287 -1.30517 0.972396 -0.665356 -1.61289 
1.5831 -0.641483 -0.978414 1.22329 -0.892951 -1.3064 0.97092 -0.666271 -1.61462 
1.58335 -0.641893 -0.978593 1.2227 -0.890323 -1.30867 0.968973 -0.666694 -1.61778 
1.58341 -0.641944 -0.978704 1.22254 -0.888959 -1.30961 0.967646 -0.666981 -1.61832 
1.58341 -0.642111 -0.978711 1.22196 -0.887417 -1.3112 0.966247 -0.666966 -1.6202 
1.58339 -0.642263 -0.978835 1.22073 -0.885303 -1.31291 0.963711 -0.667009 -1.62248 
1.58338 -0.642301 -0.978868 1.22056 -0.884297 -1.3141 0.963324 -0.667022 -1.62369 
1.58337 -0.642406 -0.978841 1.22046 -0.883206 -1.31535 0.962144 -0.667328 -1.62589 
1.58327 -0.642489 -0.978906 1.21967 -0.880609 -1.31824 0.958022 -0.668787 -1.62746 
1.5832 -0.64247 -0.978926 1.21964 -0.879445 -1.31952 0.956984 -0.66878 -1.62952 
1.58307 -0.642428 -0.978872 1.2194 -0.877463 -1.32178 0.956263 -0.668609 -1.63168 
1.58289 -0.642228 -0.978812 1.21921 -0.875196 -1.32485 0.954033 -0.669006 -1.63604 
1.58291 -0.64225 -0.978828 1.21916 -0.874217 -1.3264 0.953426 -0.669105 -1.63731 
1.58277 -0.642323 -0.978835 1.21859 -0.872343 -1.3284 0.951492 -0.669418 -1.63866 
1.58281 -0.64208 -0.979001 1.21881 -0.870408 -1.33132 0.949904 -0.669858 -1.64216 
1.58269 -0.642117 -0.979005 1.21885 -0.869646 -1.33229 0.949596 -0.669727 -1.64305 
1.58257 -0.642054 -0.978942 1.21891 -0.868805 -1.33338 0.949326 -0.669499 -1.64482 
1.58254 -0.641921 -0.979145 1.21898 -0.867377 -1.33518 0.94892 -0.669691 -1.64695 
1.58248 -0.641956 -0.978991 1.21889 -0.866934 -1.33556 0.948345 -0.669682 -1.64793 
1.58239 -0.641854 -0.978974 1.21824 -0.866041 -1.336 0.946608 -0.67067 -1.64736 
1.58214 -0.641461 -0.978732 1.21742 -0.863546 -1.33685 0.944397 -0.670452 -1.64776 
1.58213 -0.641369 -0.978621 1.21706 -0.862721 -1.33715 0.944016 -0.670413 -1.64833 
1.58178 -0.641131 -0.978326 1.21644 -0.861089 -1.33761 0.943516 -0.670013 -1.65006 
1.58124 -0.640737 -0.977587 1.21466 -0.858293 -1.33824 0.941049 -0.670504 -1.65188 
1.58113 -0.640634 -0.977443 1.21413 -0.857139 -1.33857 0.940049 -0.670664 -1.65295 
1.5809 -0.64041 -0.977449 1.21275 -0.854453 -1.33961 0.937503 -0.670959 -1.65353 
1.58057 -0.639824 -0.977303 1.21004 -0.84989 -1.34071 0.934329 -0.670779 -1.65697 
1.58035 -0.639696 -0.977257 1.20938 -0.848182 -1.34125 0.933373 -0.67023 -1.65849 
1.58022 -0.63949 -0.977244 1.20805 -0.845129 -1.34226 0.930248 -0.669839 -1.65971 
1.57984 -0.639291 -0.977092 1.206 -0.8406 -1.3438 0.927948 -0.668589 -1.6637 
1.57979 -0.639186 -0.977144 1.20474 -0.839165 -1.34401 0.926226 -0.668693 -1.66416 
1.57951 -0.639098 -0.977253 1.20422 -0.836101 -1.3454 0.923701 -0.669322 -1.66469 
1.57929 -0.638939 -0.977267 1.20241 -0.832166 -1.34682 0.921327 -0.668722 -1.66805 
1.5792 -0.638964 -0.977197 1.20182 -0.830272 -1.34723 0.920831 -0.668138 -1.66951 
1.57916 -0.63882 -0.977239 1.20105 -0.828186 -1.34788 0.917614 -0.668406 -1.66911 
1.57894 -0.638756 -0.977189 1.1991 -0.823362 -1.34909 0.915273 -0.667312 -1.67293 
1.57885 -0.63877 -0.97719 1.19816 -0.820743 -1.35008 0.914405 -0.666733 -1.67436 
1.57904 -0.638546 -0.977584 1.19681 -0.816474 -1.35136 0.910197 -0.665884 -1.67518 
1.57899 -0.63846 -0.977588 1.19473 -0.808596 -1.35351 0.907505 -0.662724 -1.67941 
1.57891 -0.638453 -0.977646 1.19379 -0.805535 -1.35435 0.905828 -0.660627 -1.68079 
1.57875 -0.638324 -0.977655 1.19235 -0.801361 -1.35611 0.902842 -0.65941 -1.68138 
1.57859 -0.637115 -0.978436 1.1897 -0.795915 -1.35778 0.900123 -0.656824 -1.68492 
1.57826 -0.637096 -0.978667 1.18891 -0.794245 -1.35822 0.899507 -0.65576 -1.68586 
1.57796 -0.636971 -0.978934 1.18799 -0.792241 -1.3589 0.898502 -0.65488 -1.68674 
1.57686 -0.636958 -0.978667 1.18471 -0.789479 -1.35875 0.89612 -0.653589 -1.68741 
1.57673 -0.63701 -0.978632 1.18454 -0.788685 -1.3588 0.895936 -0.653032 -1.68831 
1.57668 -0.637027 -0.978633 1.18541 -0.787845 -1.35949 0.895622 -0.652606 -1.68889 
1.5768 -0.636987 -0.978577 1.18491 -0.785072 -1.35982 0.89535 -0.651853 -1.69001 
1.57681 -0.636981 -0.978614 1.18471 -0.783801 -1.35992 0.895076 -0.651335 -1.69068 
1.57691 -0.636976 -0.978535 1.18473 -0.781947 -1.36051 0.894589 -0.650812 -1.69138 
1.57696 -0.636906 -0.978482 1.18387 -0.777831 -1.36115 0.892755 -0.648605 -1.69307 
1.57694 -0.636949 -0.978519 1.18369 -0.776315 -1.36202 0.892185 -0.647932 -1.6939 
1.57686 -0.636946 -0.978528 1.18344 -0.774475 -1.36254 0.890638 -0.647152 -1.69434 
1.57676 -0.636991 -0.978776 1.18059 -0.77162 -1.36257 0.889909 -0.646007 -1.6958 
1.57673 -0.63703 -0.978853 1.18195 -0.770688 -1.36363 0.889554 -0.645698 -1.69612 
1.57629 -0.637683 -0.978891 1.18164 -0.769156 -1.36377 0.888956 -0.64522 -1.69664 
1.5763 -0.637725 -0.979043 1.18112 -0.766634 -1.36371 0.887047 -0.644525 -1.69716 
1.57628 -0.637747 -0.97897 1.18088 -0.765223 -1.36368 0.88649 -0.644396 -1.69737 
1.57628 -0.637773 -0.978988 1.18 -0.761833 -1.36379 0.885196 -0.644124 -1.69824 
1.57626 -0.637773 -0.97889 1.17884 -0.754699 -1.36429 0.882098 -0.643083 -1.6995 
1.57628 -0.637616 -0.978849 1.17778 -0.750769 -1.36454 0.879846 -0.642448 -1.7 
1.57619 -0.637667 -0.978881 1.17502 -0.745085 -1.36391 0.877985 -0.640423 -1.7011 
1.57603 -0.637501 -0.978908 1.17497 -0.735308 -1.36537 0.874121 -0.637007 -1.70313 
1.57625 -0.636916 -0.979246 1.17251 -0.731772 -1.36483 0.872663 -0.635492 -1.70326 
1.5758 -0.637424 -0.978946 1.17142 -0.727864 -1.36467 0.870122 -0.635129 -1.70225 
1.5752 -0.637465 -0.978762 1.17268 -0.7252 -1.36583 0.869127 -0.634708 -1.70309 
1.57552 -0.63685 -0.978911 1.17268 -0.725266 -1.36584 0.86911 -0.634677 -1.70307 
1.57552 -0.63679 -0.978869 1.17269 -0.726294 -1.36541 0.869462 -0.63425 -1.70305 
1.57558 -0.636917 -0.978835 1.1729 -0.728348 -1.36559 0.869916 -0.635957 -1.70238 
1.57561 -0.636968 -0.978781 1.17309 -0.728794 -1.36567 0.870042 -0.636274 -1.7024 
1.57571 -0.636928 -0.978944 1.17164 -0.728895 -1.365 0.870201 -0.636533 -1.70252 
1.57578 -0.636981 -0.979141 1.1719 -0.728735 -1.3653 0.871758 -0.634761 -1.7042 
1.5753 -0.637556 -0.978915 1.17169 -0.728848 -1.36532 0.871795 -0.634305 -1.70431 
1.57529 -0.637478 -0.978889 1.17205 -0.730069 -1.36579 0.871953 -0.633023 -1.70468 
1.57519 -0.637389 -0.978987 1.17353 -0.734183 -1.36711 0.872821 -0.631927 -1.70368 
1.57507 -0.637455 -0.979018 1.17434 -0.737145 -1.36726 0.87323 -0.63223 -1.70231 
1.57492 -0.637252 -0.978946 1.1742 -0.741537 -1.36648 0.875175 -0.632339 -1.70171 
1.57479 -0.63731 -0.979013 1.17483 -0.748418 -1.3654 0.876485 -0.634743 -1.69922 
1.57485 -0.637268 -0.979039 1.17505 -0.750801 -1.36478 0.878274 -0.634937 -1.69959 
1.57483 -0.637251 -0.979082 1.17556 -0.755153 -1.36359 0.879368 -0.635947 -1.69833 
1.57476 -0.637283 -0.979285 1.17416 -0.760323 -1.36112 0.88149 -0.637678 -1.69571 
1.57482 -0.637262 -0.979345 1.17615 -0.762748 -1.36129 0.881603 -0.638878 -1.6946 
1.57469 -0.637254 -0.979255 1.17645 -0.766366 -1.36025 0.882228 -0.640319 -1.69257 
1.57461 -0.63716 -0.979129 1.17693 -0.772732 -1.35813 0.883677 -0.643164 -1.68865 
1.57454 -0.637093 -0.979163 1.17708 -0.775708 -1.35708 0.885246 -0.644283 -1.68861 
1.57447 -0.637105 -0.979128 1.17763 -0.780105 -1.35557 0.887032 -0.64618 -1.68696 
1.57432 -0.637188 -0.979285 1.17915 -0.787828 -1.35321 0.890378 -0.648852 -1.68376 
1.5744 -0.637093 -0.979234 1.17958 -0.79104 -1.35197 0.891339 -0.649895 -1.68273 
1.5745 -0.637086 -0.979188 1.18031 -0.795478 -1.35048 0.893842 -0.651778 -1.68033 
1.57468 -0.637109 -0.978986 1.18298 -0.804211 -1.34814 0.897606 -0.654126 -1.67675 
1.57529 -0.636521 -0.979189 1.18383 -0.807319 -1.34724 0.899527 -0.655693 -1.67497 
1.57549 -0.636523 -0.979178 1.1851 -0.812805 -1.34521 0.901024 -0.657851 -1.67184 
1.57561 -0.636511 -0.979138 1.18829 -0.820679 -1.34288 0.906453 -0.660308 -1.66824 
1.57556 -0.636452 -0.979124 1.1896 -0.824154 -1.34174 0.90762 -0.661575 -1.66542 
1.57541 -0.636505 -0.979074 1.19095 -0.82868 -1.33988 0.910331 -0.663477 -1.66338 
1.5753 -0.63653 -0.979112 1.19396 -0.836714 -1.33812 0.91432 -0.665512 -1.65883 
1.5752 -0.636568 -0.979059 1.19483 -0.839617 -1.33763 0.917274 -0.66569 -1.65815 
1.57523 -0.636505 -0.979131 1.19492 -0.843406 -1.33617 0.920469 -0.665183 -1.65717 
1.57501 -0.636485 -0.979044 1.19867 -0.848951 -1.33542 0.92297 -0.666229 -1.65228 
1.57517 -0.636467 -0.979078 1.1996 -0.850738 -1.33519 0.925972 -0.665849 -1.65308 
1.57526 -0.636518 -0.979177 1.20026 -0.85288 -1.33432 0.927187 -0.66606 -1.65136 
1.57506 -0.637171 -0.979065 1.20136 -0.855113 -1.33345 0.92856 -0.665885 -1.64874 
1.57507 -0.63724 -0.979135 1.20139 -0.855531 -1.33309 0.928754 -0.665247 -1.64783 
1.57511 -0.637247 -0.97937 1.20144 -0.856461 -1.33241 0.928984 -0.664817 -1.647 
1.57518 -0.637339 -0.979544 1.20132 -0.857731 -1.33171 0.930726 -0.663887 -1.64694 
1.57509 -0.637336 -0.979544 1.20137 -0.858161 -1.33147 0.931059 -0.663557 -1.64613 
1.57504 -0.637352 -0.979651 1.20134 -0.858784 -1.33121 0.931715 -0.663522 -1.64489 
1.57487 -0.637387 -0.979795 1.20178 -0.860353 -1.33079 0.932914 -0.663224 -1.64353 
1.57488 -0.637324 -0.979871 1.20198 -0.861138 -1.33054 0.934339 -0.662316 -1.64379 
1.5747 -0.637364 -0.979794 1.2023 -0.863372 -1.32997 0.9352 -0.662164 -1.64258 
1.57447 -0.637439 -0.979857 1.20302 -0.866433 -1.32878 0.936569 -0.662382 -1.63916 
1.5745 -0.63742 -0.9799 1.20358 -0.86761 -1.3284 0.938845 -0.661279 -1.63952 
1.57449 -0.637458 -0.979987 1.20405 -0.869214 -1.32778 0.940279 -0.661129 -1.63809 
1.57456 -0.637494 -0.980043 1.2058 -0.872213 -1.32694 0.942596 -0.661137 -1.63549 
1.57458 -0.637538 -0.980143 1.20664 -0.874048 -1.32634 0.945311 -0.660766 -1.63446 
1.57453 -0.637531 -0.980167 1.2078 -0.876757 -1.32539 0.94716 -0.661268 -1.632 
1.57455 -0.637526 -0.980266 1.21042 -0.880712 -1.32366 0.950949 -0.661045 -1.62771 
1.57459 -0.637576 -0.980332 1.21132 -0.88235 -1.32301 0.953271 -0.661192 -1.62724 
1.57481 -0.637619 -0.980459 1.21299 -0.885412 -1.32191 0.956376 -0.660892 -1.62437 
1.57492 -0.637789 -0.98065 1.21499 -0.888547 -1.32031 0.960192 -0.660135 -1.62155 
1.57505 -0.637789 -0.980821 1.21708 -0.891456 -1.31944 0.962761 -0.660386 -1.61892 
1.57504 -0.637834 -0.980894 1.21845 -0.894182 -1.31775 0.964405 -0.66071 -1.61521 
1.5751 -0.637894 -0.980909 1.22002 -0.896948 -1.3158 0.968006 -0.660533 -1.61273 
1.57513 -0.637902 -0.98094 1.22128 -0.898707 -1.31481 0.970364 -0.659923 -1.61009 
1.57515 -0.637947 -0.980961 1.22189 -0.900604 -1.31308 0.971647 -0.659884 -1.60796 
1.5752 -0.637933 -0.980997 1.22269 -0.902334 -1.31099 0.975148 -0.659109 -1.60519 
1.57512 -0.637944 -0.981038 1.22362 -0.904623 -1.30907 0.976939 -0.658926 -1.6031 
1.57511 -0.637899 -0.981129 1.2241 -0.906316 -1.30752 0.979862 -0.6587 -1.60071 
1.57507 -0.637888 -0.981104 1.22589 -0.908991 -1.3049 0.983171 -0.658989 -1.59663 
1.57498 -0.637876 -0.981026 1.22676 -0.911803 -1.30255 0.984694 -0.658908 -1.5928 
1.57495 -0.637829 -0.980885 1.22808 -0.914573 -1.30016 0.989265 -0.658672 -1.59068 
1.57499 -0.637762 -0.980758 1.23068 -0.917841 -1.29743 0.993499 -0.658308 -1.58588 
1.575 -0.637799 -0.980626 1.23219 -0.92044 -1.29538 0.997031 -0.658231 -1.58214 
1.57512 -0.63782 -0.980603 1.23458 -0.923154 -1.29299 1.00075 -0.658616 -1.57841 
1.57529 -0.637873 -0.980614 1.23699 -0.927254 -1.28966 1.00531 -0.658364 -1.5728 
1.57555 -0.638372 -0.980818 1.2384 -0.929802 -1.2869 1.01041 -0.657297 -1.57006 
1.57571 -0.638513 -0.980921 1.2406 -0.932839 -1.28437 1.01243 -0.65789 -1.56492 
1.57717 -0.639029 -0.982414 1.24231 -0.936131 -1.28078 1.01782 -0.657114 -1.56067 
1.57744 -0.639406 -0.982671 1.24409 -0.938044 -1.27835 1.02096 -0.656862 -1.55685 
1.57782 -0.639786 -0.982854 1.24498 -0.939858 -1.27608 1.02417 -0.656003 -1.55419 
1.57813 -0.640492 -0.98321 1.24583 -0.94163 -1.27331 1.02731 -0.655587 -1.54967 
1.57816 -0.640648 -0.983253 1.24582 -0.942006 -1.2723 1.02808 -0.655286 -1.54828 
1.57831 -0.640727 -0.983395 1.24605 -0.942275 -1.27096 1.02863 -0.654797 -1.54643 
1.57834 -0.640648 -0.983337 1.24557 -0.94258 -1.26887 1.03046 -0.653311 -1.54485 
1.57837 -0.640626 -0.983343 1.24537 -0.942599 -1.26829 1.03107 -0.652963 -1.5438 
1.57826 -0.640648 -0.983303 1.24527 -0.942789 -1.26745 1.03153 -0.652126 -1.5426 
1.57815 -0.640623 -0.98326 1.24571 -0.943763 -1.26597 1.03439 -0.651428 -1.5407 
1.5781 -0.640571 -0.983213 1.2464 -0.944876 -1.26506 1.03566 -0.651555 -1.53868 
1.57805 -0.640438 -0.983192 1.24844 -0.946516 -1.26437 1.0385 -0.650889 -1.53709 
1.57799 -0.640559 -0.983155 1.25131 -0.949965 -1.26231 1.04409 -0.650863 -1.53333 
1.57805 -0.640659 -0.983169 1.25306 -0.951201 -1.26152 1.04543 -0.651134 -1.53048 
1.57829 -0.6409 -0.983264 1.25506 -0.953013 -1.26035 1.04892 -0.650524 -1.52838 
1.5797 -0.641391 -0.984192 1.25859 -0.955667 -1.25849 1.05257 -0.650994 -1.52294 
1.58005 -0.641627 -0.984421 1.25979 -0.956892 -1.25788 1.0551 -0.650656 -1.52239 
1.58072 -0.642866 -0.98481 1.26088 -0.95795 -1.25699 1.05605 -0.650928 -1.5201 
1.5814 -0.644471 -0.985132 1.26203 -0.958889 -1.25607 1.05856 -0.649942 -1.5176 
1.58174 -0.644783 -0.985493 1.26267 -0.959576 -1.25572 1.05909 -0.649825 -1.51634 
1.58209 -0.64571 -0.985992 1.26393 -0.960095 -1.25501 1.05994 -0.649703 -1.51502 
1.5827 -0.646511 -0.986862 1.26459 -0.961467 -1.25318 1.0632 -0.649239 -1.51289 
1.583 -0.64667 -0.987502 1.26481 -0.961934 -1.25254 1.0646 -0.649119 -1.51256 
1.58304 -0.646773 -0.987645 1.26556 -0.962756 -1.25139 1.06555 -0.649329 -1.5108 
1.58261 -0.646249 -0.986776 1.26757 -0.964836 -1.24824 1.06958 -0.649715 -1.507 
1.58227 -0.645979 -0.986341 1.26817 -0.9659 -1.24645 1.07147 -0.650401 -1.50552 
1.58248 -0.6456 -0.985892 1.27045 -0.967371 -1.24439 1.07474 -0.650922 -1.50255 
1.58309 -0.645418 -0.985481 1.27304 -0.969974 -1.24034 1.07917 -0.651358 -1.49704 
1.58352 -0.645386 -0.984998 1.27579 -0.972419 -1.23706 1.08416 -0.651607 -1.4932 
1.58374 -0.645472 -0.984826 1.27897 -0.974919 -1.23357 1.08869 -0.651816 -1.48879 
1.58522 -0.645308 -0.985232 1.28351 -0.979061 -1.22776 1.09565 -0.653353 -1.48094 
1.58552 -0.645342 -0.985038 1.28509 -0.979798 -1.22725 1.09684 -0.653668 -1.47961 
1.58654 -0.645739 -0.984285 1.28867 -0.982362 -1.22398 1.10142 -0.654648 -1.47429 
1.58658 -0.646303 -0.9828 1.29114 -0.98409 -1.22184 1.10434 -0.654414 -1.4704 
1.58759 -0.647424 -0.982354 1.2935 -0.985604 -1.21985 1.10879 -0.653453 -1.46723 
1.58784 -0.647545 -0.982253 1.29424 -0.985847 -1.21961 1.10991 -0.653866 -1.46705 
1.58822 -0.647714 -0.982115 1.29459 -0.985852 -1.21939 1.11044 -0.654166 -1.46641 
1.58873 -0.647772 -0.982398 1.29449 -0.985644 -1.21928 1.11119 -0.653866 -1.46763 
1.58879 -0.647756 -0.982497 1.2943 -0.985566 -1.21922 1.11123 -0.653797 -1.46772 
1.58865 -0.64781 -0.982538 1.29411 -0.985364 -1.21906 1.11132 -0.653699 -1.46773 
1.5885 -0.647909 -0.982815 1.29365 -0.985721 -1.21761 1.11118 -0.654601 -1.467 
1.58847 -0.647921 -0.982836 1.29356 -0.985855 -1.217 1.11099 -0.654888 -1.46657 
1.5881 -0.647942 -0.982587 1.2937 -0.986022 -1.21608 1.11134 -0.655078 -1.46559 
1.58787 -0.647669 -0.982455 1.29518 -0.987252 -1.2131 1.11518 -0.654155 -1.46287 
1.58779 -0.647624 -0.982386 1.29588 -0.988719 -1.21111 1.1159 -0.654961 -1.46036 
1.58782 -0.647511 -0.982128 1.29725 -0.989876 -1.20827 1.11741 -0.656258 -1.45699 
1.58835 -0.647423 -0.981896 1.29939 -0.991686 -1.205 1.11924 -0.657234 -1.45323 
1.58868 -0.647513 -0.981695 1.29956 -0.991869 -1.20449 1.11909 -0.657405 -1.45203 
1.58903 -0.647573 -0.981349 1.29931 -0.991645 -1.20457 1.11859 -0.656885 -1.45158 
1.58903 -0.647209 -0.980824 1.29766 -0.990019 -1.20554 1.11794 -0.654776 -1.45204 
1.58866 -0.647133 -0.981257 1.29616 -0.988864 -1.20636 1.11769 -0.652828 -1.45277 
1.58872 -0.647409 -0.981608 1.29559 -0.988458 -1.20677 1.11737 -0.652032 -1.45303 
1.58833 -0.647572 -0.981887 1.29408 -0.987619 -1.20791 1.11643 -0.651062 -1.45383 
1.58853 -0.647817 -0.982336 1.2923 -0.987155 -1.20884 1.1146 -0.650038 -1.45422 
1.5886 -0.647891 -0.982405 1.2918 -0.986678 -1.20971 1.11375 -0.649414 -1.45533 
1.58864 -0.647839 -0.982362 1.29037 -0.985561 -1.21156 1.11159 -0.647998 -1.45565 
1.58866 -0.647796 -0.98233 1.28922 -0.984764 -1.2123 1.11099 -0.647061 -1.45686 
1.58869 -0.647721 -0.982181 1.28886 -0.984496 -1.2125 1.11092 -0.646733 -1.4572 
1.58854 -0.647633 -0.982062 1.28866 -0.984343 -1.21271 1.11097 -0.646428 -1.4572 
1.58828 -0.647593 -0.981837 1.28847 -0.984277 -1.21251 1.11095 -0.646763 -1.457 
1.58831 -0.64752 -0.981793 1.28861 -0.984426 -1.21253 1.11111 -0.646837 -1.45718 
1.5883 -0.647542 -0.981711 1.28802 -0.984178 -1.21254 1.11106 -0.64684 -1.45765 
1.58819 -0.64746 -0.981735 1.28654 -0.98379 -1.21258 1.11092 -0.645749 -1.4589 
1.58822 -0.647376 -0.981727 1.28613 -0.98344 -1.21264 1.11041 -0.645473 -1.45924 
1.58813 -0.647244 -0.981675 1.28474 -0.982389 -1.21278 1.10859 -0.644835 -1.45985 
1.58772 -0.646256 -0.98123 1.28343 -0.981944 -1.21292 1.10798 -0.644285 -1.46066 
1.58746 -0.646083 -0.981065 1.28274 -0.98147 -1.21292 1.10761 -0.644255 -1.46126 
1.58713 -0.645642 -0.98099 1.282 -0.981102 -1.21308 1.10684 -0.644566 -1.46239 
1.58662 -0.645 -0.980353 1.27929 -0.979587 -1.21438 1.10398 -0.644607 -1.46654 
1.58649 -0.644938 -0.980316 1.27919 -0.979075 -1.21479 1.10364 -0.64455 -1.46706 
1.58615 -0.644671 -0.980155 1.27779 -0.978397 -1.2161 1.10178 -0.644026 -1.46924 
1.58588 -0.644083 -0.979939 1.27681 -0.977074 -1.21747 1.09905 -0.645037 -1.4706 
1.58558 -0.64289 -0.98035 1.27477 -0.975966 -1.21865 1.09747 -0.644861 -1.47475 
1.58547 -0.642819 -0.980323 1.27444 -0.97569 -1.21902 1.09578 -0.645616 -1.47519 
1.58415 -0.642543 -0.979648 1.27261 -0.974173 -1.22104 1.09254 -0.645943 -1.47783 
1.58388 -0.642274 -0.979515 1.27108 -0.972971 -1.22242 1.09083 -0.645537 -1.48149 
1.58351 -0.641989 -0.979486 1.26775 -0.970479 -1.22485 1.08599 -0.646115 -1.48605 
1.5834 -0.641809 -0.97946 1.2669 -0.969333 -1.22634 1.08537 -0.645819 -1.48906 
1.58336 -0.641697 -0.979375 1.26545 -0.967805 -1.22753 1.08208 -0.64653 -1.49184 
1.5834 -0.641626 -0.979458 1.26224 -0.964852 -1.2298 1.07686 -0.647043 -1.49709 
1.58328 -0.641643 -0.979612 1.26117 -0.96367 -1.23079 1.07499 -0.646905 -1.50029 
1.58327 -0.641608 -0.979533 1.25881 -0.961674 -1.23255 1.07137 -0.648021 -1.50339 
1.58323 -0.641447 -0.979708 1.2559 -0.957877 -1.23555 1.06502 -0.648636 -1.51005 
1.5831 -0.641403 -0.979582 1.25488 -0.956469 -1.2374 1.06319 -0.648709 -1.51204 
1.58284 -0.640993 -0.979445 1.25299 -0.954789 -1.23884 1.0596 -0.649351 -1.51533 
1.58243 -0.64056 -0.97932 1.25062 -0.952345 -1.24167 1.05588 -0.649702 -1.52022 
1.58232 -0.640455 -0.979292 1.24996 -0.951508 -1.24296 1.05363 -0.650265 -1.52087 
1.5818 -0.640384 -0.979039 1.24865 -0.950501 -1.24382 1.05173 -0.650277 -1.52366 
1.58167 -0.640263 -0.979056 1.24757 -0.948917 -1.24605 1.04875 -0.650609 -1.52814 
1.58174 -0.640284 -0.979057 1.24691 -0.948039 -1.24695 1.04603 -0.651872 -1.5289 
1.58161 -0.640209 -0.979003 1.24607 -0.946118 -1.24905 1.0444 -0.651956 -1.5333 
1.58132 -0.639661 -0.978338 1.24352 -0.943403 -1.25209 1.03872 -0.652998 -1.53812 
1.58122 -0.639597 -0.978285 1.24285 -0.942035 -1.25342 1.03762 -0.65283 -1.54015 
1.58107 -0.639478 -0.978164 1.24215 -0.940387 -1.2557 1.0352 -0.652369 -1.54341 
1.58088 -0.639395 -0.978135 1.24087 -0.938288 -1.25855 1.03192 -0.65298 -1.54636 
1.58084 -0.639403 -0.978164 1.24038 -0.937894 -1.25925 1.03097 -0.653091 -1.54839 
1.58099 -0.639182 -0.978533 1.23949 -0.936901 -1.26043 1.02883 -0.654451 -1.54968 
1.58104 -0.639178 -0.978665 1.23854 -0.934849 -1.26346 1.02489 -0.655187 -1.55418 
1.58092 -0.639211 -0.978517 1.23812 -0.933829 -1.2649 1.02358 -0.655363 -1.55676 
1.58083 -0.639091 -0.978657 1.2371 -0.931398 -1.26709 1.01953 -0.656474 -1.55888 
1.58086 -0.638988 -0.978319 1.23514 -0.927851 -1.27097 1.01548 -0.656964 -1.56462 
1.58064 -0.638909 -0.978395 1.23467 -0.926567 -1.27258 1.0139 -0.65699 -1.56697 
1.58061 -0.638794 -0.978384 1.23391 -0.925082 -1.27454 1.0115 -0.656909 -1.5697 
1.58049 -0.638742 -0.978313 1.23241 -0.922333 -1.27769 1.0065 -0.658113 -1.57293 
1.58052 -0.638651 -0.978361 1.23191 -0.921331 -1.27881 1.00517 -0.65797 -1.57555 
1.58044 -0.638737 -0.978305 1.23075 -0.919449 -1.28072 1.00346 -0.65899 -1.57831 
1.58034 -0.63875 -0.97833 1.22932 -0.91643 -1.28374 0.99894 -0.659794 -1.5823 
1.58037 -0.638719 -0.978351 1.22875 -0.915338 -1.28458 0.998298 -0.659599 -1.58448 
1.58032 -0.638622 -0.978334 1.22792 -0.91331 -1.2863 0.996479 -0.659946 -1.58773 
1.5803 -0.63863 -0.978295 1.22583 -0.910008 -1.28879 0.990987 -0.660863 -1.59104 
1.58029 -0.638606 -0.978244 1.22514 -0.90818 -1.29 0.988573 -0.661969 -1.59231 
1.58034 -0.638553 -0.978253 1.22455 -0.90516 -1.29279 0.984474 -0.662175 -1.59559 
1.58037 -0.638598 -0.978282 1.22196 -0.900312 -1.29688 0.97848 -0.663286 -1.60101 
1.58023 -0.638642 -0.978213 1.22105 -0.898237 -1.29884 0.977196 -0.663011 -1.60434 
1.58027 -0.638537 -0.978345 1.21996 -0.896008 -1.30105 0.974936 -0.663471 -1.60681 
1.57995 -0.638568 -0.978453 1.21812 -0.893137 -1.30288 0.971164 -0.663858 -1.60968 
1.57992 -0.638546 -0.978541 1.21776 -0.892019 -1.30387 0.970316 -0.664031 -1.61089 
1.57993 -0.638543 -0.978673 1.21698 -0.890112 -1.30547 0.968482 -0.665049 -1.61354 
1.57999 -0.638675 -0.978798 1.21564 -0.886448 -1.30827 0.9634 -0.666286 -1.61707 
1.58012 -0.638632 -0.978761 1.21512 -0.88442 -1.30989 0.962225 -0.666921 -1.61909 
1.58017 -0.638649 -0.978711 1.21375 -0.881491 -1.31237 0.959806 -0.666707 -1.62266 
1.57996 -0.638554 -0.978508 1.21233 -0.87724 -1.31625 0.955879 -0.666989 -1.62785 
1.57985 -0.638506 -0.978527 1.21164 -0.87573 -1.3175 0.95469 -0.666896 -1.62977 
1.57983 -0.638464 -0.978618 1.21014 -0.873256 -1.31932 0.951072 -0.667436 -1.63089 
1.5798 -0.638503 -0.978608 1.20878 -0.869378 -1.32208 0.948292 -0.667609 -1.63541 
1.57979 -0.638604 -0.978694 1.2082 -0.867565 -1.32309 0.946078 -0.668222 -1.63684 
1.57985 -0.638655 -0.978814 1.20728 -0.864828 -1.32537 0.943329 -0.667999 -1.63875 
1.57985 -0.63871 -0.978819 1.20571 -0.860743 -1.32776 0.941523 -0.667808 -1.64381 
1.58001 -0.638653 -0.978762 1.20464 -0.857325 -1.33022 0.937354 -0.668466 -1.64518 
1.57992 -0.638716 -0.978672 1.20386 -0.853962 -1.3326 0.935935 -0.668244 -1.64908 
1.58007 -0.638785 -0.978643 1.20108 -0.847857 -1.33551 0.931542 -0.668512 -1.65449 
1.5802 -0.638808 -0.978657 1.20037 -0.844933 -1.33725 0.928493 -0.668639 -1.65582 
1.58024 -0.638927 -0.978657 1.19896 -0.840855 -1.33912 0.926139 -0.668101 -1.6586 
1.58027 -0.63901 -0.978799 1.19635 -0.834072 -1.34177 0.921242 -0.667401 -1.66304 
1.58023 -0.639107 -0.978842 1.19539 -0.831377 -1.34301 0.918828 -0.667374 -1.66494 
1.58008 -0.63915 -0.978881 1.19387 -0.826859 -1.3447 0.914864 -0.667663 -1.66697 
1.57994 -0.639307 -0.979358 1.19076 -0.818316 -1.34768 0.909109 -0.665886 -1.67095 
1.57999 -0.639367 -0.979672 1.18958 -0.814741 -1.34899 0.907921 -0.664127 -1.67374 
1.57983 -0.639362 -0.979944 1.18718 -0.808541 -1.35084 0.904748 -0.661055 -1.67717 
1.57887 -0.639721 -0.980037 1.18324 -0.797896 -1.35403 0.898545 -0.656885 -1.68118 
1.57875 -0.639661 -0.980111 1.1821 -0.794221 -1.35493 0.896243 -0.654777 -1.6821 
1.57861 -0.639561 -0.980291 1.18083 -0.788189 -1.35631 0.894054 -0.652447 -1.68516 
1.57834 -0.63956 -0.980496 1.17813 -0.780118 -1.35792 0.889621 -0.648766 -1.68755 
1.57867 -0.639173 -0.981098 1.17727 -0.777379 -1.35829 0.888502 -0.647401 -1.68913 
1.57853 -0.639263 -0.98112 1.17639 -0.772941 -1.35883 0.88662 -0.645608 -1.69048 
1.57864 -0.639189 -0.981245 1.17447 -0.766286 -1.35934 0.883598 -0.643757 -1.6912 
1.57857 -0.639171 -0.981198 1.174 -0.764439 -1.35934 0.88274 -0.642086 -1.69275 
1.57869 -0.6391 -0.981212 1.1732 -0.761549 -1.3591 0.88196 -0.641092 -1.69357 
1.57859 -0.639146 -0.981091 1.17224 -0.756226 -1.359 0.880578 -0.639117 -1.69509 
1.57856 -0.639103 -0.981091 1.17156 -0.754127 -1.35877 0.879278 -0.638319 -1.69471 
1.57864 -0.639091 -0.98113 1.16905 -0.750303 -1.35805 0.87818 -0.637468 -1.69501 
1.57853 -0.639088 -0.98109 1.16909 -0.745462 -1.35865 0.875225 -0.636127 -1.69543 
1.57854 -0.639017 -0.981166 1.16896 -0.743324 -1.35884 0.874866 -0.635657 -1.69604 
1.57843 -0.639078 -0.981135 1.16846 -0.740746 -1.35882 0.873542 -0.635395 -1.69651 
1.57834 -0.639004 -0.981035 1.16775 -0.734617 -1.35922 0.871797 -0.634351 -1.69855 
1.5783 -0.638984 -0.980947 1.16745 -0.731705 -1.35978 0.87119 -0.634016 -1.69921 
1.57808 -0.638585 -0.980773 1.16692 -0.728328 -1.35982 0.868867 -0.633825 -1.69901 
1.57824 -0.638956 -0.980889 1.16593 -0.720782 -1.36031 0.867737 -0.632523 -1.70148 
1.57821 -0.638981 -0.980922 1.16575 -0.717765 -1.36067 0.866121 -0.632559 -1.70189 
1.57821 -0.638934 -0.981008 1.16497 -0.713859 -1.36056 0.864839 -0.632195 -1.7028 
1.57811 -0.638948 -0.981017 1.16413 -0.70617 -1.36056 0.862018 -0.632175 -1.70297 
1.57798 -0.63893 -0.981042 1.16162 -0.702892 -1.35988 0.861444 -0.632199 -1.70349 
1.57806 -0.638961 -0.981008 1.16169 -0.699419 -1.35935 0.86031 -0.632209 -1.7048 
1.57776 -0.638461 -0.980925 1.16202 -0.695068 -1.35989 0.858497 -0.632462 -1.70453 
1.57762 -0.638482 -0.98083 1.15993 -0.691895 -1.35878 0.857529 -0.632514 -1.7044 
1.57764 -0.638336 -0.980802 1.16101 -0.68949 -1.3593 0.856943 -0.632305 -1.70461 
1.57658 -0.638733 -0.980039 1.16053 -0.686692 -1.3585 0.856163 -0.632441 -1.70434 
1.57656 -0.638658 -0.979921 1.16035 -0.684625 -1.35821 0.854485 -0.633045 -1.70305 
1.5765 -0.638574 -0.97987 1.1601 -0.682795 -1.35826 0.853965 -0.633731 -1.7027 
1.57789 -0.637747 -0.980683 1.16003 -0.680339 -1.35789 0.853331 -0.633856 -1.70206 
1.57746 -0.638194 -0.98044 1.15986 -0.679094 -1.35766 0.85311 -0.633842 -1.70184 
1.57655 -0.638603 -0.979923 1.16005 -0.678151 -1.35766 0.853012 -0.633788 -1.70182 
1.5775 -0.63819 -0.98052 1.15997 -0.677512 -1.35755 0.852893 -0.63369 -1.70191 
1.57654 -0.638559 -0.979815 1.16 -0.67708 -1.35747 0.852985 -0.633761 -1.70196 
1.57751 -0.638303 -0.980379 1.16006 -0.676626 -1.35744 0.852966 -0.634099 -1.70197 
1.57653 -0.638755 -0.97982 1.16013 -0.673603 -1.35745 0.852842 -0.635016 -1.70265 
1.57758 -0.638347 -0.980478 1.15856 -0.672186 -1.35676 0.852814 -0.635014 -1.70271 
1.57656 -0.638732 -0.979821 1.16022 -0.671255 -1.35736 0.852398 -0.634262 -1.70307 
1.57756 -0.638197 -0.980556 1.15835 -0.671135 -1.35645 0.852178 -0.633196 -1.70287 
1.57649 -0.638698 -0.979849 1.15767 -0.671251 -1.35622 0.852128 -0.632162 -1.7031 
1.57649 -0.638693 -0.979938 1.15766 -0.671008 -1.35586 0.851268 -0.632522 -1.70211 
1.57753 -0.63832 -0.980596 1.15734 -0.670293 -1.35501 0.850659 -0.63278 -1.7008 
1.57756 -0.638297 -0.980564 1.15708 -0.669277 -1.35456 0.850432 -0.632573 -1.70041 
1.57654 -0.638647 -0.97982 1.15683 -0.668621 -1.35427 0.850326 -0.632449 -1.70031 
1.57661 -0.638128 -0.979749 1.15671 -0.668137 -1.35405 0.850388 -0.632725 -1.70036 
1.57749 -0.638164 -0.980288 1.15671 -0.667959 -1.3541 0.850662 -0.632833 -1.7007 
1.57755 -0.638166 -0.980293 1.1572 -0.667598 -1.35441 0.850845 -0.633028 -1.70088 
1.57784 -0.637745 -0.980357 1.1573 -0.667013 -1.35445 0.851599 -0.633779 -1.70188 
1.57788 -0.637763 -0.980344 1.15722 -0.666944 -1.35444 0.851743 -0.633716 -1.70196 
1.5779 -0.637735 -0.980464 1.15726 -0.666948 -1.35459 0.851783 -0.633406 -1.70213 
1.57755 -0.63818 -0.980208 1.15721 -0.667106 -1.35454 0.851479 -0.632377 -1.7022 
1.57747 -0.638189 -0.980197 1.15719 -0.667401 -1.35457 0.85135 -0.631988 -1.70202 
1.57786 -0.637724 -0.980414 1.15723 -0.668164 -1.3544 0.851303 -0.631383 -1.70187 
1.57783 -0.637704 -0.980428 1.15717 -0.670348 -1.35475 0.851314 -0.630432 -1.70081 
1.57658 -0.637983 -0.979706 1.15823 -0.672104 -1.3558 0.852339 -0.628948 -1.70154 
1.57653 -0.637971 -0.979821 1.15834 -0.673694 -1.35601 0.852355 -0.628544 -1.70119 
1.5764 -0.637931 -0.979947 1.15913 -0.678869 -1.35665 0.852863 -0.627386 -1.70043 
1.57651 -0.637904 -0.980005 1.15932 -0.681691 -1.357 0.853094 -0.626246 -1.70013 
1.57644 -0.637837 -0.980076 1.15979 -0.687477 -1.35783 0.854332 -0.62481 -1.69947 
1.57605 -0.637753 -0.980171 1.16054 -0.700442 -1.35905 0.858642 -0.62521 -1.69994 
1.5755 -0.637918 -0.979932 1.16088 -0.704699 -1.3596 0.860653 -0.626582 -1.70048 
1.57544 -0.637925 -0.98004 1.1623 -0.711965 -1.36002 0.862434 -0.628093 -1.70005 
1.57585 -0.638305 -0.980461 1.16419 -0.724664 -1.35992 0.868172 -0.629042 -1.69927 
1.57553 -0.637931 -0.980286 1.16443 -0.727268 -1.35956 0.868821 -0.629311 -1.69858 
1.57548 -0.638012 -0.980342 1.16552 -0.736472 -1.35842 0.873081 -0.631375 -1.69696 
1.57562 -0.638328 -0.980606 1.16633 -0.743022 -1.35704 0.874666 -0.634559 -1.69468 
1.57598 -0.638389 -0.980738 1.16697 -0.754608 -1.35308 0.878764 -0.637047 -1.6894 
1.57616 -0.638337 -0.980692 1.16591 -0.758798 -1.35071 0.880759 -0.637786 -1.68781 
1.57611 -0.638243 -0.980556 1.1681 -0.765209 -1.34837 0.882083 -0.64087 -1.68401 
1.57622 -0.637727 -0.980473 1.16907 -0.775428 -1.34379 0.886458 -0.644617 -1.67931 
1.57629 -0.637697 -0.980275 1.16933 -0.779154 -1.3417 0.887315 -0.645888 -1.67695 
1.57623 -0.637594 -0.98012 1.17041 -0.784138 -1.33941 0.888983 -0.648515 -1.67258 
1.57618 -0.637427 -0.97991 1.17156 -0.794034 -1.33496 0.893847 -0.650632 -1.6686 
1.57605 -0.637403 -0.979832 1.17213 -0.79775 -1.33336 0.894801 -0.652252 -1.66577 
1.57602 -0.637333 -0.979713 1.17364 -0.803315 -1.33148 0.898552 -0.653355 -1.66375 
1.57609 -0.637312 -0.979733 1.17501 -0.811363 -1.32763 0.903154 -0.656058 -1.65991 
1.57604 -0.637425 -0.979642 1.17564 -0.81411 -1.32621 0.904319 -0.657257 -1.65828 
1.57621 -0.637384 -0.979728 1.17715 -0.817907 -1.3245 0.906661 -0.658427 -1.6556 
1.57638 -0.637521 -0.980004 1.17869 -0.824921 -1.32127 0.912447 -0.659466 -1.65271 
1.57656 -0.637529 -0.980198 1.17915 -0.827842 -1.3199 0.91414 -0.660127 -1.65056 
1.57671 -0.637725 -0.980404 1.17984 -0.832022 -1.31776 0.917884 -0.660709 -1.64832 
1.57775 -0.638098 -0.981277 1.18165 -0.838726 -1.31396 0.922625 -0.660744 -1.64311 
1.57785 -0.638145 -0.981375 1.18238 -0.840922 -1.31269 0.925386 -0.660208 -1.64266 
1.57805 -0.638696 -0.981588 1.18301 -0.844247 -1.31042 0.927789 -0.660566 -1.63917 
1.57824 -0.638739 -0.981663 1.1841 -0.84825 -1.30728 0.931617 -0.659828 -1.63539 
1.57816 -0.638802 -0.981506 1.18423 -0.85018 -1.30579 0.93301 -0.659772 -1.63356 
1.57823 -0.638726 -0.981571 1.1849 -0.852344 -1.304 0.934829 -0.659292 -1.63138 
1.57799 -0.638231 -0.981341 1.18549 -0.855683 -1.30113 0.93948 -0.6585 -1.62886 
1.57793 -0.638276 -0.981297 1.18589 -0.857651 -1.29991 0.940456 -0.658749 -1.62688 
1.57792 -0.638158 -0.981287 1.1872 -0.860161 -1.29874 0.942299 -0.659094 -1.6241 
1.57776 -0.638162 -0.981259 1.18899 -0.86503 -1.29666 0.9479 -0.658735 -1.62122 
1.57681 -0.638637 -0.980595 1.18982 -0.867355 -1.29552 0.949148 -0.659107 -1.61947 
1.57774 -0.638256 -0.981284 1.1915 -0.870578 -1.29431 0.952753 -0.659381 -1.61682 
1.57803 -0.638751 -0.98171 1.19525 -0.876658 -1.29256 0.958786 -0.660008 -1.61291 
1.57708 -0.639275 -0.981146 1.1966 -0.879142 -1.29131 0.961892 -0.659621 -1.61102 
1.57718 -0.639455 -0.981224 1.19902 -0.882611 -1.29002 0.96432 -0.660374 -1.60755 
1.57908 -0.639096 -0.983043 1.20152 -0.888877 -1.2869 0.971321 -0.66042 -1.60198 
1.57916 -0.639188 -0.983118 1.20449 -0.891324 -1.28628 0.974568 -0.660097 -1.60142 
1.57932 -0.639217 -0.983221 1.20604 -0.894705 -1.2847 0.977743 -0.660603 -1.59733 
1.57943 -0.639373 -0.983212 1.20928 -0.899342 -1.28216 0.98385 -0.661003 -1.59329 
1.57938 -0.639408 -0.983193 1.21009 -0.90123 -1.28067 0.986794 -0.660995 -1.59157 
1.57945 -0.639292 -0.983287 1.2114 -0.904449 -1.27867 0.990098 -0.660159 -1.58935 
1.57942 -0.639251 -0.983229 1.21412 -0.908792 -1.27508 0.996274 -0.659474 -1.58442 
1.57936 -0.63922 -0.983176 1.21501 -0.91062 -1.27323 0.997881 -0.659889 -1.58095 
1.57933 -0.639199 -0.983114 1.21679 -0.913284 -1.27067 1.00194 -0.660105 -1.57716 
1.57934 -0.639141 -0.982951 1.21914 -0.918328 -1.26539 1.00894 -0.658931 -1.57181 
1.57941 -0.639065 -0.982903 1.22015 -0.919877 -1.26375 1.01067 -0.659199 -1.56767 
1.57874 -0.639284 -0.981714 1.22203 -0.922354 -1.26088 1.01465 -0.65821 -1.56439 
1.57897 -0.639133 -0.981373 1.22395 -0.926016 -1.25712 1.01926 -0.657506 -1.55836 
1.57906 -0.639106 -0.98139 1.22464 -0.927342 -1.2555 1.02162 -0.657032 -1.55699 
1.57884 -0.639579 -0.980749 1.22583 -0.928221 -1.25396 1.02385 -0.656632 -1.55462 
1.57899 -0.639687 -0.980832 1.22634 -0.92949 -1.25133 1.02496 -0.655993 -1.55063 
1.57945 -0.639164 -0.981474 1.22644 -0.929723 -1.25045 1.02549 -0.655997 -1.54919 
1.57945 -0.639215 -0.981598 1.22671 -0.930266 -1.24873 1.02786 -0.655157 -1.54819 
1.58006 -0.639073 -0.982739 1.22762 -0.931837 -1.24681 1.03033 -0.654388 -1.54559 
1.58005 -0.639113 -0.982731 1.22812 -0.932573 -1.24616 1.03166 -0.654427 -1.54364 
1.58 -0.639175 -0.982812 1.22928 -0.933912 -1.24528 1.03447 -0.6534 -1.54282 
1.58 -0.639157 -0.982667 1.23291 -0.937577 -1.24423 1.03852 -0.653832 -1.53839 
1.57927 -0.63938 -0.981617 1.23426 -0.939468 -1.24342 1.04111 -0.653917 -1.53651 
1.57902 -0.639731 -0.980957 1.23746 -0.941524 -1.24337 1.04421 -0.654131 -1.53449 
1.57918 -0.639762 -0.980703 1.24292 -0.946019 -1.24324 1.05081 -0.65503 -1.53073 
1.57919 -0.639827 -0.980609 1.24507 -0.948333 -1.24294 1.0528 -0.655111 -1.52821 
1.57937 -0.639847 -0.980602 1.2479 -0.950715 -1.2428 1.05754 -0.655239 -1.52662 
1.57948 -0.640044 -0.980737 1.25348 -0.955967 -1.24213 1.06407 -0.655871 -1.52269 
1.57963 -0.640128 -0.980844 1.256 -0.957439 -1.242 1.06598 -0.656211 -1.52045 
1.57992 -0.640295 -0.981145 1.25937 -0.960238 -1.24154 1.07047 -0.656222 -1.51763 
1.58045 -0.640771 -0.981534 1.26459 -0.964982 -1.24035 1.07735 -0.656465 -1.5127 
1.58066 -0.640965 -0.981634 1.26722 -0.966316 -1.23984 1.07991 -0.657157 -1.51002 
1.58099 -0.641215 -0.981702 1.27019 -0.968905 -1.23807 1.08521 -0.657429 -1.50732 
1.58253 -0.642081 -0.981664 1.27561 -0.97316 -1.23454 1.09281 -0.658388 -1.50309 
1.58293 -0.642368 -0.981646 1.27771 -0.974797 -1.23305 1.09482 -0.659326 -1.49992 
1.58365 -0.642793 -0.981499 1.28107 -0.976688 -1.23115 1.09946 -0.659852 -1.49786 
1.586 -0.643828 -0.981655 1.28545 -0.979471 -1.22749 1.10454 -0.661293 -1.49313 
1.58608 -0.644855 -0.980895 1.28673 -0.980352 -1.22626 1.10556 -0.661673 -1.49088 
1.5864 -0.645027 -0.980614 1.28877 -0.981961 -1.22455 1.10885 -0.661352 -1.48793 
1.58666 -0.645112 -0.980375 1.29144 -0.984344 -1.22253 1.11266 -0.661999 -1.4846 
1.58681 -0.645083 -0.980422 1.29254 -0.984708 -1.22225 1.11402 -0.662189 -1.4836 
1.58679 -0.645122 -0.980426 1.29319 -0.985557 -1.22212 1.11702 -0.661607 -1.48392 
1.58659 -0.645192 -0.980597 1.29388 -0.986074 -1.22215 1.12019 -0.659786 -1.48196 
1.58648 -0.645326 -0.980713 1.29406 -0.986537 -1.22225 1.12084 -0.659364 -1.48131 
1.58661 -0.645557 -0.981248 1.2944 -0.986808 -1.22218 1.12146 -0.659177 -1.48056 
1.58666 -0.64576 -0.981848 1.29534 -0.987591 -1.22078 1.1234 -0.659418 -1.47985 
1.58665 -0.645775 -0.981871 1.29539 -0.987784 -1.22009 1.12375 -0.659521 -1.47946 
1.58683 -0.645851 -0.981971 1.29529 -0.988033 -1.21896 1.12344 -0.660177 -1.4786 
1.58715 -0.645837 -0.981621 1.29477 -0.987489 -1.2176 1.12111 -0.661408 -1.47765 
1.58717 -0.645752 -0.981305 1.2938 -0.987269 -1.21725 1.12062 -0.661129 -1.47748 
1.58692 -0.645504 -0.980665 1.29327 -0.98649 -1.21748 1.12032 -0.660179 -1.47708 
1.5865 -0.645123 -0.980292 1.29255 -0.985702 -1.21749 1.12134 -0.658115 -1.47823 
1.58642 -0.645063 -0.980362 1.29261 -0.98575 -1.21733 1.1214 -0.658552 -1.47767 
1.58623 -0.64506 -0.980458 1.293 -0.986139 -1.21658 1.12333 -0.659005 -1.47797 
1.5862 -0.645243 -0.980789 1.29482 -0.987475 -1.2149 1.12555 -0.659132 -1.47436 
1.58649 -0.645356 -0.981204 1.29538 -0.988447 -1.21363 1.1261 -0.659247 -1.47276 
1.5867 -0.645526 -0.981458 1.296 -0.989153 -1.21243 1.12672 -0.659906 -1.47029 
1.58706 -0.645634 -0.981278 1.29613 -0.989242 -1.21218 1.12613 -0.660461 -1.47077 
1.58707 -0.645541 -0.981007 1.29571 -0.988834 -1.21267 1.12582 -0.659881 -1.47106 
1.58689 -0.645322 -0.980567 1.29504 -0.987743 -1.21384 1.12564 -0.657955 -1.4718 
1.58669 -0.645117 -0.980389 1.29361 -0.986169 -1.21542 1.12656 -0.655099 -1.47348 
1.58664 -0.645121 -0.980443 1.29344 -0.98601 -1.21596 1.12656 -0.654802 -1.47378 
1.58653 -0.645181 -0.980597 1.29347 -0.986208 -1.21613 1.12652 -0.654804 -1.47373 
1.58666 -0.645535 -0.98123 1.29359 -0.986677 -1.21618 1.12622 -0.655229 -1.47301 
1.58675 -0.645636 -0.981376 1.29336 -0.986733 -1.21628 1.12614 -0.655152 -1.47296 
1.58689 -0.645766 -0.981583 1.29263 -0.986443 -1.21655 1.12578 -0.654617 -1.47326 
1.58723 -0.645989 -0.981854 1.29115 -0.985338 -1.21737 1.1231 -0.653353 -1.47284 
1.58739 -0.646035 -0.981896 1.29039 -0.984533 -1.21796 1.12103 -0.653412 -1.472 
1.58768 -0.646079 -0.981978 1.28833 -0.983692 -1.21766 1.1198 -0.651472 -1.47261 
1.58799 -0.646022 -0.98181 1.2855 -0.981692 -1.21765 1.1178 -0.649945 -1.4731 
1.58796 -0.645915 -0.981742 1.28458 -0.981084 -1.21761 1.11736 -0.649353 -1.47368 
1.58785 -0.645576 -0.981401 1.28341 -0.980001 -1.21745 1.11719 -0.648483 -1.47475 
1.58744 -0.64512 -0.980762 1.28263 -0.979461 -1.21755 1.11675 -0.647929 -1.4752 
1.58725 -0.644966 -0.980394 1.2822 -0.979211 -1.2176 1.11641 -0.647485 -1.47514 
1.58745 -0.644412 -0.980428 1.28186 -0.9791 -1.21755 1.11465 -0.647706 -1.4742 
1.58675 -0.644784 -0.980116 1.28021 -0.978668 -1.21724 1.11305 -0.647791 -1.47638 
1.58716 -0.644144 -0.980308 1.27967 -0.978296 -1.21747 1.1118 -0.647865 -1.47699 
1.58701 -0.644041 -0.980267 1.2787 -0.977386 -1.21818 1.11038 -0.647511 -1.47879 
1.58689 -0.643831 -0.980344 1.27561 -0.974875 -1.21956 1.10596 -0.64723 -1.48303 
1.58681 -0.643823 -0.980329 1.27475 -0.973619 -1.22099 1.10317 -0.647347 -1.48483 
1.58676 -0.643773 -0.98032 1.27284 -0.972099 -1.22237 1.09974 -0.647836 -1.48773 
1.58673 -0.643666 -0.980278 1.26946 -0.968961 -1.22555 1.09323 -0.648331 -1.49341 
1.58672 -0.643754 -0.980336 1.26859 -0.967093 -1.2274 1.0914 -0.648024 -1.49569 
1.58659 -0.643712 -0.980299 1.26733 -0.96591 -1.2293 1.08753 -0.648364 -1.49846 
1.58665 -0.643652 -0.980461 1.26488 -0.962829 -1.23316 1.08194 -0.649301 -1.50364 
1.58656 -0.64368 -0.980466 1.26404 -0.962045 -1.2347 1.08005 -0.649719 -1.50669 
1.5865 -0.643225 -0.980779 1.26257 -0.960549 -1.23723 1.07723 -0.650039 -1.5116 
1.58634 -0.643139 -0.980808 1.25902 -0.956922 -1.24233 1.07079 -0.651681 -1.52011 
1.58634 -0.643119 -0.980789 1.25793 -0.955067 -1.24432 1.06733 -0.651969 -1.52354 
1.58616 -0.643058 -0.980808 1.25576 -0.952259 -1.24771 1.06344 -0.651731 -1.52942 
1.58592 -0.642821 -0.980923 1.25331 -0.947951 -1.25339 1.055 -0.6535 -1.53506 
1.58582 -0.642773 -0.980959 1.25234 -0.946703 -1.25478 1.05315 -0.652832 -1.53832 
1.5856 -0.642754 -0.981072 1.25092 -0.945148 -1.25696 1.0503 -0.653098 -1.54159 
1.58546 -0.642819 -0.981318 1.2491 -0.942389 -1.2597 1.04572 -0.653905 -1.54541 
1.58546 -0.642778 -0.981442 1.24853 -0.941538 -1.26056 1.04375 -0.653695 -1.54705 
1.58553 -0.642812 -0.981495 1.24762 -0.93989 -1.26202 1.04009 -0.654851 -1.54898 
1.58546 -0.642779 -0.981298 1.24509 -0.936558 -1.26517 1.03568 -0.655674 -1.55468 
1.58552 -0.642734 -0.981254 1.24429 -0.9353 -1.26616 1.03347 -0.656259 -1.55604 
1.58548 -0.642579 -0.981273 1.24294 -0.933247 -1.2676 1.03141 -0.656053 -1.55981 
1.5843 -0.642556 -0.980403 1.2405 -0.929791 -1.26962 1.02622 -0.656502 -1.56263 
1.5843 -0.642386 -0.980409 1.23996 -0.928785 -1.27018 1.02491 -0.657096 -1.56377 
1.5841 -0.642267 -0.980281 1.23916 -0.927389 -1.27132 1.0222 -0.657673 -1.56506 
1.58394 -0.642064 -0.980133 1.23663 -0.924246 -1.27374 1.01654 -0.658457 -1.5696 
1.58387 -0.642052 -0.980057 1.23616 -0.922675 -1.27552 1.01358 -0.659357 -1.57092 
1.58377 -0.641867 -0.979923 1.2349 -0.920279 -1.27758 1.01096 -0.659456 -1.57502 
1.58367 -0.641463 -0.979533 1.23338 -0.916148 -1.28168 1.00501 -0.660568 -1.57934 
1.58337 -0.641118 -0.979285 1.23243 -0.91478 -1.2829 1.00429 -0.660269 -1.58226 
1.58332 -0.641038 -0.979245 1.2318 -0.913203 -1.28492 1.00133 -0.660527 -1.58478 
1.58327 -0.641063 -0.979264 1.23107 -0.911085 -1.28792 0.997927 -0.661634 -1.58816 
1.5833 -0.64104 -0.979316 1.23064 -0.909065 -1.29011 0.995339 -0.662645 -1.59008 
1.5833 -0.641129 -0.979323 1.23012 -0.907557 -1.29228 0.992304 -0.663101 -1.59286 
1.58349 -0.641438 -0.979579 1.22899 -0.904181 -1.29616 0.98988 -0.662854 -1.59926 
1.58354 -0.641535 -0.979614 1.2287 -0.90264 -1.29784 0.988133 -0.663264 -1.6001 
1.58355 -0.641557 -0.979844 1.22789 -0.901116 -1.29952 0.985437 -0.664047 -1.60245 
1.58361 -0.641507 -0.979856 1.22708 -0.899058 -1.30134 0.983989 -0.664543 -1.60459 
1.58356 -0.641582 -0.980016 1.22579 -0.897037 -1.3026 0.98102 -0.665016 -1.60721 
1.58353 -0.641514 -0.980029 1.22466 -0.89547 -1.30312 0.980119 -0.664744 -1.6089 
1.58357 -0.641468 -0.97988 1.22389 -0.893977 -1.30411 0.977483 -0.665384 -1.60962 
1.5833 -0.641041 -0.979378 1.22215 -0.889834 -1.3066 0.97249 -0.666672 -1.61279 
1.58324 -0.640944 -0.979285 1.22149 -0.888007 -1.30769 0.97099 -0.666779 -1.61488 
1.58318 -0.640798 -0.979094 1.21999 -0.885361 -1.30926 0.969501 -0.667054 -1.61881 
1.58304 -0.640418 -0.978764 1.21802 -0.881273 -1.31204 0.964763 -0.667298 -1.62246 
1.58266 -0.640334 -0.97823 1.21746 -0.879365 -1.31319 0.963885 -0.667103 -1.62424 
1.58258 -0.640219 -0.978237 1.21637 -0.877621 -1.31424 0.962338 -0.667034 -1.62686 
1.58248 -0.640162 -0.978412 1.21411 -0.873965 -1.3157 0.957577 -0.667976 -1.62864 
1.58242 -0.640202 -0.978406 1.21391 -0.87343 -1.31586 0.95719 -0.668041 -1.62926 
1.58269 -0.640236 -0.978924 1.21282 -0.871874 -1.31624 0.956288 -0.668224 -1.6307 
1.5826 -0.640344 -0.978997 1.21168 -0.869661 -1.31715 0.954848 -0.668601 -1.63252 
1.58266 -0.640241 -0.979059 1.20993 -0.866513 -1.31829 0.952064 -0.66901 -1.63486 
1.58261 -0.640288 -0.979043 1.20951 -0.865244 -1.31883 0.950077 -0.669636 -1.63494 
1.58259 -0.640219 -0.978992 1.20801 -0.861625 -1.32038 0.947215 -0.669585 -1.63863 
1.58228 -0.640206 -0.978577 1.20651 -0.858242 -1.32226 0.94363 -0.670548 -1.64059 
1.58209 -0.640226 -0.978551 1.20489 -0.855413 -1.32356 0.942058 -0.670458 -1.64389 
1.58157 -0.640157 -0.978384 1.20376 -0.852463 -1.32521 0.939301 -0.671581 -1.64591 
1.58135 -0.64009 -0.978486 1.202 -0.847933 -1.32741 0.935621 -0.671683 -1.64846 
1.58137 -0.639871 -0.978957 1.20065 -0.845861 -1.32809 0.934136 -0.671576 -1.65062 
1.58132 -0.639533 -0.979298 1.19867 -0.840638 -1.33036 0.929158 -0.671856 -1.65341 
1.58099 -0.639451 -0.979569 1.19579 -0.834947 -1.33259 0.925714 -0.671488 -1.65761 
1.58095 -0.639478 -0.979579 1.19475 -0.83132 -1.33387 0.921986 -0.67152 -1.65895 
1.58086 -0.639452 -0.979514 1.19145 -0.82235 -1.33708 0.91614 -0.670375 -1.66315 
1.58092 -0.639332 -0.97947 1.18762 -0.811099 -1.34076 0.911505 -0.665494 -1.66969 
1.58066 -0.639265 -0.979233 1.18611 -0.804708 -1.34266 0.908015 -0.663326 -1.67208 
1.58028 -0.639213 -0.97947 1.18219 -0.792308 -1.34568 0.902015 -0.658677 -1.6769 
1.57994 -0.639082 -0.979607 1.17925 -0.780175 -1.3489 0.89695 -0.654129 -1.68183 
1.57979 -0.639001 -0.979647 1.17736 -0.774677 -1.34989 0.895315 -0.651919 -1.68378 
1.57956 -0.63894 -0.979842 1.17554 -0.765144 -1.35192 0.891617 -0.647223 -1.68749 
1.57929 -0.638907 -0.98009 1.1738 -0.758327 -1.35389 0.888434 -0.645035 -1.69037 
1.57922 -0.638949 -0.98016 1.17331 -0.755704 -1.35454 0.888042 -0.644377 -1.69176 
1.57916 -0.63893 -0.980225 1.17337 -0.751876 -1.35616 0.887191 -0.643209 -1.69383 
1.57911 -0.638994 -0.980072 1.17349 -0.749403 -1.35699 0.886829 -0.642834 -1.69543 
1.57921 -0.639083 -0.980374 1.17348 -0.748006 -1.35727 0.886397 -0.642801 -1.69636 
1.57939 -0.639136 -0.980408 1.17339 -0.745364 -1.35811 0.885869 -0.642268 -1.69756 
1.57963 -0.63926 -0.980448 1.17321 -0.740841 -1.35917 0.884279 -0.640808 -1.69805 
1.57935 -0.639729 -0.98033 1.17323 -0.738187 -1.35956 0.883789 -0.640228 -1.69887 
1.57943 -0.639741 -0.980553 1.17202 -0.73037 -1.36052 0.882257 -0.637919 -1.70235 
1.5793 -0.639792 -0.980608 1.17099 -0.722532 -1.36178 0.879146 -0.636421 -1.70326 
1.57932 -0.639768 -0.980709 1.17061 -0.718819 -1.36212 0.877512 -0.635817 -1.70391 
1.57915 -0.639807 -0.98091 1.16745 -0.711152 -1.36144 0.875269 -0.634289 -1.70603 
1.57907 -0.639825 -0.980912 1.16827 -0.704877 -1.36285 0.872987 -0.632784 -1.70626 
1.5791 -0.639794 -0.980946 1.16784 -0.70214 -1.36299 0.872081 -0.632454 -1.70629 
1.57918 -0.639828 -0.981001 1.16676 -0.697801 -1.36201 0.869245 -0.632502 -1.70508 
1.57926 -0.639863 -0.980846 1.16623 -0.692985 -1.36138 0.867957 -0.632132 -1.70455 
1.57919 -0.639928 -0.980811 1.16592 -0.691323 -1.36067 0.866461 -0.632177 -1.70359 
1.57931 -0.639785 -0.980678 1.16363 -0.687944 -1.35959 0.86524 -0.631657 -1.7027 
1.57939 -0.639153 -0.980396 1.16284 -0.683657 -1.35817 0.863588 -0.630823 -1.70128 
1.57917 -0.639017 -0.980034 1.16416 -0.68247 -1.35837 0.862478 -0.629966 -1.70041 
1.57905 -0.638809 -0.979807 1.16372 -0.680744 -1.35789 0.861769 -0.629315 -1.7 
1.57891 -0.638664 -0.979785 1.16341 -0.680385 -1.3576 0.861387 -0.628831 -1.69977 
1.57904 -0.637842 -0.980263 1.16331 -0.680176 -1.35747 0.861372 -0.628648 -1.69983 
1.57885 -0.63787 -0.980247 1.16304 -0.679672 -1.35725 0.861032 -0.628444 -1.69956 
1.57887 -0.637807 -0.980417 1.163 -0.679338 -1.35728 0.860861 -0.628001 -1.69924 
1.57882 -0.637797 -0.980423 1.16304 -0.679315 -1.35743 0.860851 -0.627821 -1.69926 
1.57863 -0.637819 -0.980434 1.16308 -0.679191 -1.35768 0.86071 -0.627828 -1.69953 
1.57867 -0.637729 -0.980493 1.1631 -0.678805 -1.35783 0.860652 -0.627799 -1.69979 
1.57859 -0.637772 -0.980458 1.16308 -0.678604 -1.35795 0.860647 -0.627803 -1.69988 
1.57867 -0.637825 -0.980488 1.16319 -0.678279 -1.35807 0.860547 -0.627668 -1.69996 
1.57875 -0.637845 -0.980525 1.16322 -0.678125 -1.35803 0.860437 -0.62745 -1.69973 
1.57878 -0.637848 -0.980422 1.16321 -0.678123 -1.35798 0.860421 -0.627404 -1.69973 
1.57881 -0.637808 -0.980385 1.16324 -0.677982 -1.3579 0.860314 -0.627303 -1.69949 
1.57879 -0.637763 -0.98032 1.16335 -0.677868 -1.35798 0.860254 -0.627324 -1.69943 
1.57878 -0.637758 -0.980211 1.16342 -0.677889 -1.358 0.860343 -0.627379 -1.69948 
1.57875 -0.637619 -0.980083 1.16348 -0.677885 -1.35807 0.860481 -0.627516 -1.69966 
1.57867 -0.637621 -0.979901 1.16352 -0.677907 -1.35807 0.860537 -0.627586 -1.69973 
1.57865 -0.637566 -0.979947 1.16352 -0.677833 -1.35813 0.86051 -0.627507 -1.69975 
1.57853 -0.637588 -0.979824 1.16345 -0.677712 -1.35808 0.860359 -0.627454 -1.69968 
1.57863 -0.637454 -0.979674 1.16328 -0.677182 -1.358 0.860092 -0.627186 -1.69952 
1.57855 -0.637514 -0.979655 1.16322 -0.677109 -1.35797 0.859526 -0.627184 -1.69906 
1.57851 -0.637529 -0.979677 1.16319 -0.676907 -1.35793 0.859345 -0.626979 -1.6991 
1.57862 -0.637423 -0.979661 1.16322 -0.676881 -1.35802 0.859251 -0.626927 -1.69908 
1.57859 -0.637476 -0.979559 1.16326 -0.67684 -1.35803 0.859343 -0.626756 -1.6992 
1.5786 -0.637441 -0.979378 1.16328 -0.67684 -1.35807 0.859173 -0.626422 -1.69898 
1.57862 -0.637382 -0.979254 1.16328 -0.676777 -1.35803 0.859258 -0.626363 -1.69905 
1.57873 -0.636986 -0.979237 1.1633 -0.676771 -1.35799 0.859201 -0.626367 -1.69896 
1.5787 -0.636886 -0.978909 1.16326 -0.676661 -1.35799 0.859108 -0.626299 -1.69886 
1.57881 -0.636786 -0.978518 1.16318 -0.676645 -1.35788 0.859185 -0.62629 -1.69895 
1.57879 -0.636698 -0.97848 1.16308 -0.676604 -1.35784 0.859167 -0.626231 -1.69908 
1.5788 -0.636541 -0.978146 1.16298 -0.67646 -1.3577 0.858927 -0.626078 -1.69917 
1.57871 -0.636351 -0.977984 1.16294 -0.676245 -1.35759 0.858844 -0.625932 -1.6992 
1.57875 -0.636234 -0.977897 1.1629 -0.676116 -1.35754 0.858762 -0.625948 -1.6991 
