555.87 120.021 500.936 110.309 438.751 78.1487 
555.801 120.028 499.739 110.709 436.067 78.9611 
555.662 120.019 497.831 111.289 431.91 80.4431 
555.396 120.026 495.51 112.696 425.258 83.0268 
555.346 120.094 493.934 112.854 422.57 84.1117 
555.071 120.145 492.361 113.58 418.778 85.8102 
554.701 120.249 490.096 115.314 412.445 88.9445 
554.529 120.274 488.686 115.542 410.025 90.2176 
554.281 120.32 487.619 116.635 406.456 92.2691 
553.74 120.227 485.237 118.197 400.94 95.8141 
553.547 120.298 484.393 118.789 398.804 97.2568 
553.498 120.497 483.067 119.669 395.73 99.3625 
553.193 120.508 481.1 121.035 390.837 102.781 
552.814 120.347 480.252 121.66 388.874 104.224 
552.597 120.331 479.133 122.586 387.785 105.878 
552.449 120.5 477.079 123.716 383.829 109.063 
552.324 120.483 476.872 124.481 382.364 110.36 
552.093 120.435 475.476 125.166 380.286 112.347 
551.757 120.38 474.148 126.689 377.157 115.811 
551.584 120.185 473.628 127.367 376.023 117.228 
551.465 120.145 472.925 128.395 374.426 119.493 
551.281 120.334 471.827 129.827 371.894 123.391 
551.182 120.334 471.351 130.359 371.019 124.87 
551.071 120.352 470.776 131.397 370.181 127.23 
550.521 120.036 469.99 133.184 368.173 132.176 
550.436 120.018 469.612 134.0 367.298 133.932 
550.296 120.011 469.287 135.194 366.392 136.402 
550.355 120.184 468.913 137.018 366.614 140.616 
550.3 120.147 468.989 137.838 366.469 142.414 
550.158 120.064 468.798 139.009 366.468 145.242 
550.092 119.96 470.057 141.079 366.69 149.871 
549.908 119.693 470.161 141.76 366.941 151.71 
549.931 119.539 470.417 142.887 367.477 154.514 
550.322 119.516 470.869 144.478 368.605 158.871 
550.344 119.419 471.103 145.046 369.156 160.448 
550.416 119.313 471.462 145.839 370.066 162.719 
550.556 119.119 472.233 147.079 371.905 166.179 
550.58 118.977 472.601 147.574 372.77 167.471 
550.463 118.611 473.232 148.199 374.346 169.412 
550.807 118.397 474.444 149.236 375.076 172.296 
550.879 118.207 474.989 149.724 376.252 173.47 
551.413 118.138 475.916 150.336 378.299 175.102 
551.691 117.817 477.605 151.221 382.009 177.654 
551.876 117.682 478.33 151.529 383.598 178.712 
552.191 117.456 479.427 151.945 385.956 180.136 
552.747 117.059 481.135 152.531 389.509 181.856 
552.944 116.992 481.745 152.729 390.66 182.362 
553.273 116.866 482.601 152.928 392.184 183.052 
553.783 116.748 483.652 153.109 394.074 183.602 
553.939 116.741 483.943 153.118 394.576 183.738 
554.179 116.776 484.23 153.219 395.004 183.887 
554.496 116.8 484.425 153.09 395.286 183.89 
554.594 116.794 484.478 153.024 395.246 183.794 
554.71 116.801 484.475 152.933 394.908 183.575 
554.831 116.887 484.368 152.789 394.186 182.93 
554.856 116.909 484.264 152.689 393.799 182.554 
554.878 116.922 483.96 152.35 393.084 181.874 
554.805 116.644 483.529 151.664 391.632 180.469 
554.855 116.629 483.211 151.215 390.874 179.551 
555.152 116.794 482.629 150.439 389.478 178.015 
555.39 116.712 481.604 149.036 386.806 174.9 
555.433 116.76 481.167 148.416 385.625 173.472 
555.482 116.79 480.49 147.437 383.811 171.241 
555.572 116.82 479.353 145.649 380.697 167.113 
555.594 116.855 478.88 144.953 379.467 165.431 
555.606 116.927 478.27 143.883 380.347 162.854 
555.661 117.031 477.35 142.074 377.031 158.499 
555.666 117.062 477.058 141.36 376.143 156.693 
555.72 117.076 476.651 140.174 374.885 153.844 
555.845 117.063 476.173 138.247 373.336 149.366 
555.878 117.053 476.071 137.469 372.879 147.496 
555.928 117.014 475.936 136.342 372.345 144.809 
555.935 116.905 475.977 134.349 371.951 140.307 
556.109 116.841 476.064 133.591 371.987 138.513 
556.219 116.816 476.243 132.324 372.111 135.512 
556.413 116.769 476.75 130.085 372.663 130.734 
556.538 116.776 477.059 129.534 372.892 128.83 
556.716 116.796 476.236 128.149 373.753 125.84 
556.913 116.801 477.324 126.054 376.143 120.737 
557.226 116.916 477.894 125.179 376.786 118.868 
557.577 116.738 478.693 123.969 378.515 115.768 
558.496 117.002 480.513 121.801 382.052 110.431 
558.43 116.608 481.378 120.883 384.185 108.608 
558.873 116.725 482.72 119.497 386.457 105.049 
559.577 116.758 485.087 117.425 391.611 99.5137 
559.674 116.751 485.693 116.953 392.727 98.4046 
560.121 116.825 488.231 115.496 397.523 94.0724 
560.563 116.908 489.959 114.291 399.979 91.2863 
560.887 116.852 493.084 112.248 407.479 85.7069 
561.131 116.912 494.416 111.498 410.671 83.6682 
561.551 116.982 496.377 110.454 415.593 80.5523 
562.467 117.128 499.946 108.648 424.415 75.5279 
562.717 117.163 501.358 108.037 428.195 73.6871 
562.984 117.258 503.434 107.209 434.037 71.014 
563.549 117.383 507.393 105.842 444.165 66.9859 
563.683 117.413 508.965 105.352 448.524 65.6642 
563.915 117.459 510.834 104.343 455.279 63.5775 
564.288 117.577 515.478 103.628 467.101 60.3909 
564.377 117.602 517.214 103.234 471.848 59.3356 
564.573 117.596 519.327 102.297 479.071 57.8595 
564.674 117.604 523.428 101.535 490.995 55.8911 
564.752 117.601 525.073 101.184 495.675 55.236 
564.795 117.547 528.049 101.167 502.699 54.3417 
564.876 117.571 531.236 100.25 512.314 53.3432 
564.937 117.575 532.594 100.066 516.249 53.0547 
564.946 117.562 534.594 99.8236 521.529 52.708 
564.939 117.609 537.421 99.5292 528.666 52.3386 
564.91 117.61 538.225 99.4569 531.005 52.2331 
564.809 117.661 539.199 99.3995 533.93 52.0612 
564.752 117.761 540.588 99.1754 536.851 51.9296 
564.546 117.877 540.979 99.2031 538.01 51.8338 
564.444 117.969 541.51 99.1557 539.332 51.8911 
564.283 118.047 542.651 99.3748 541.07 51.4233 
564.211 118.073 542.827 99.3176 541.465 51.3493 
564.135 118.127 542.922 99.2243 541.963 50.9219 
564.016 118.129 542.545 98.6088 542.57 50.5779 
564.023 118.087 542.577 98.5233 542.731 50.3609 
564.08 118.014 542.597 98.3856 542.468 50.1434 
564.039 117.775 542.381 98.1257 540.504 49.837 
564.022 117.727 542.0 98.0839 539.069 49.9417 
564.003 117.656 540.995 97.9908 536.353 49.8113 
563.895 117.518 538.934 97.822 530.886 49.5049 
563.874 117.445 537.759 97.7437 527.987 49.4421 
563.743 117.411 536.118 97.6334 523.146 49.4997 
563.63 117.458 533.447 97.7032 514.641 50.0066 
563.602 117.461 532.191 97.8064 511.313 50.2345 
563.549 117.508 530.765 97.8208 507.53 50.4674 
563.521 117.514 527.705 98.0514 499.341 51.0232 
563.491 117.49 526.37 98.1823 495.954 51.3014 
563.456 117.5 524.834 98.7889 490.46 51.7349 
563.268 117.448 521.289 99.1898 480.694 52.93 
563.246 117.455 519.602 99.446 476.521 53.5714 
563.103 117.484 517.452 99.8174 470.208 54.6739 
562.922 117.489 513.031 100.352 459.536 57.2593 
562.857 117.467 511.191 100.909 455.276 58.4172 
562.664 117.465 508.536 101.748 448.745 60.3687 
561.99 117.564 504.056 103.467 437.926 64.3777 
561.818 117.579 502.107 104.386 433.577 66.309 
561.415 117.615 499.332 105.741 426.958 69.3548 
560.79 117.651 495.319 107.989 415.655 74.7312 
560.268 117.495 493.565 108.686 411.163 76.9428 
559.653 117.371 491.007 109.801 404.909 80.628 
559.019 117.574 487.511 111.87 395.82 87.0655 
558.788 117.572 486.183 112.807 392.586 89.7824 
558.385 117.546 484.824 114.12 390.077 93.0725 
557.262 117.229 480.765 116.722 384.689 98.1587 
557.227 117.522 479.859 117.474 382.959 99.9066 
556.872 117.511 478.763 118.673 381.2 102.969 
556.803 117.998 477.217 120.509 377.59 107.042 
556.721 117.955 476.689 121.158 376.518 108.643 
556.448 117.818 475.873 122.2 374.99 111.165 
555.642 117.231 474.608 123.559 372.879 115.195 
555.579 117.324 474.143 124.346 372.146 116.864 
555.37 117.328 473.699 125.893 371.118 119.369 
555.02 117.145 472.879 127.597 369.674 123.546 
554.869 117.104 472.595 128.114 369.531 125.392 
554.638 117.151 472.257 129.609 369.035 128.198 
554.122 117.046 473.072 132.108 368.542 133.504 
553.904 116.957 472.953 133.195 368.431 135.775 
553.313 116.711 472.768 134.675 368.434 139.367 
553.042 116.737 472.772 137.297 369.004 145.471 
552.92 116.72 472.808 138.383 369.416 147.966 
552.919 116.921 473.032 139.91 370.225 151.702 
552.642 116.88 473.674 142.619 372.14 158.194 
552.548 116.87 474.021 143.78 373.061 160.761 
552.442 117.005 474.681 145.553 374.647 164.649 
552.291 117.173 475.766 148.265 377.429 170.696 
552.235 117.262 476.209 149.255 378.614 173.083 
552.187 117.516 476.908 150.795 380.482 176.479 
552.157 117.87 478.149 153.124 383.741 181.861 
551.923 117.846 478.697 154.045 385.012 183.828 
552.148 118.193 479.417 155.308 386.829 186.535 
552.237 118.474 480.485 156.868 391.957 189.456 
552.273 118.63 480.899 157.344 390.247 191.025 
552.356 118.761 481.366 157.95 391.173 192.13 
552.476 118.975 481.686 158.306 394.296 191.948 
552.648 119.041 481.678 158.174 394.323 191.618 
552.897 119.153 481.474 157.807 393.715 190.718 
553.091 119.372 480.811 156.808 391.938 188.155 
553.148 119.44 480.513 156.292 390.853 186.801 
553.344 119.656 479.951 155.395 386.44 184.992 
553.579 119.852 479.005 153.431 383.259 180.189 
553.841 120.044 478.641 152.515 381.997 177.915 
554.113 120.258 478.076 150.976 380.176 174.334 
554.729 120.475 477.378 148.063 377.463 167.554 
554.901 120.529 477.133 146.8 376.549 164.57 
555.273 120.522 476.904 144.662 375.375 159.854 
555.936 120.548 476.717 141.14 373.952 151.617 
556.016 120.404 476.656 139.701 373.609 148.3 
556.031 120.168 476.722 137.428 373.308 143.345 
556.497 119.963 477.055 133.767 373.352 135.359 
556.634 119.9 477.27 132.37 373.56 132.297 
557.173 119.955 477.618 130.301 373.917 128.033 
558.087 120.293 478.543 127.134 375.162 120.711 
558.306 120.272 478.983 125.791 375.958 117.865 
558.345 119.981 478.518 124.582 377.548 114.188 
559.028 119.597 479.724 122.512 380.174 107.14 
559.026 119.412 480.378 121.806 381.462 104.69 
559.593 119.542 481.293 120.697 383.603 101.068 
560.215 119.49 482.814 119.041 387.484 95.1947 
560.39 119.26 484.721 118.195 389.131 92.9636 
560.342 118.745 485.658 117.082 391.749 89.8023 
560.971 119.309 485.925 115.51 394.953 85.5989 
561.121 119.25 487.116 114.786 397.016 83.8465 
561.208 118.798 488.233 113.712 400.144 81.3052 
561.826 118.79 490.909 112.218 405.546 77.4415 
562.021 118.73 491.768 111.62 407.843 76.108 
562.152 118.7 493.278 110.676 411.466 73.9743 
562.393 118.71 495.748 109.149 417.843 70.3981 
562.502 118.685 496.843 108.481 420.6 68.9267 
562.667 118.648 498.442 107.52 424.821 66.6329 
562.89 118.57 501.315 105.932 432.171 62.9332 
562.964 118.538 502.408 105.406 435.312 61.5009 
563.105 118.44 504.237 104.608 440.094 59.364 
563.266 118.322 507.284 103.267 448.552 56.172 
563.321 118.261 508.525 102.739 452.013 54.8817 
563.377 118.121 510.352 101.964 457.305 53.0913 
563.506 117.89 513.344 100.691 466.388 50.252 
563.486 117.837 514.516 100.2 470.049 49.1787 
563.507 117.761 516.413 99.4096 475.679 47.712 
563.601 117.595 519.489 98.2229 485.276 45.4448 
563.604 117.554 520.254 97.3383 489.105 44.6862 
563.571 117.49 522.133 96.8057 494.812 43.7828 
563.505 117.446 525.256 96.0518 502.697 42.7341 
563.487 117.411 527.014 96.2158 506.057 42.3515 
563.445 117.379 528.689 95.8594 510.642 41.9589 
563.203 117.292 530.301 95.0371 516.926 41.4308 
563.131 117.303 530.858 94.9325 518.963 41.2694 
562.991 117.295 531.762 94.7096 521.552 40.9985 
562.916 117.113 532.511 94.3759 524.485 40.4384 
562.82 117.094 532.771 94.3124 525.332 40.2995 
562.245 117.054 532.974 94.2291 526.269 40.1312 
562.381 117.033 533.314 94.0555 527.308 39.9022 
562.266 117.051 533.789 94.5065 527.626 39.8863 
562.129 117.001 533.343 94.0402 527.918 39.974 
561.848 116.866 533.255 94.0349 528.027 40.1526 
561.818 116.808 533.102 94.0212 527.825 40.1841 
561.786 116.75 533.416 94.4139 527.102 40.2111 
561.696 116.64 531.939 94.0014 524.177 40.2915 
561.647 116.595 531.286 94.0536 522.253 40.4081 
561.533 116.533 530.256 94.0831 518.731 40.5203 
561.435 116.412 527.778 94.1177 511.129 40.8047 
561.372 116.363 526.535 94.1392 507.532 40.9383 
561.25 116.233 524.569 94.283 501.584 41.3647 
561.106 116.155 520.697 94.6122 491.893 42.4596 
560.384 116.358 519.266 94.7741 487.273 43.1744 
560.314 116.328 517.409 95.0035 480.445 44.4011 
560.343 116.241 513.758 95.6068 469.796 46.4871 
560.281 116.219 512.42 95.8282 465.855 47.3267 
560.267 116.209 510.453 96.3131 460.309 48.5244 
560.312 116.214 507.322 97.501 451.475 50.3199 
560.296 116.192 505.397 97.4204 447.895 51.0166 
560.323 116.201 503.25 97.9134 442.378 52.0557 
560.237 116.212 500.059 98.6481 433.256 54.4325 
560.131 116.215 499.237 99.3891 429.71 55.5399 
560.05 116.195 497.169 100.109 424.615 57.1511 
559.663 116.121 494.067 101.165 416.723 59.97 
559.54 116.12 492.727 101.759 413.653 61.1856 
559.272 116.171 490.858 102.729 409.123 63.2128 
558.924 116.285 487.629 104.556 401.608 66.8972 
558.667 116.266 486.422 105.282 398.492 68.5984 
558.357 116.149 484.118 106.157 393.904 71.5179 
558.054 116.424 482.216 108.267 386.445 77.5656 
556.913 115.099 481.107 109.192 383.661 80.3066 
557.103 115.909 478.427 110.817 381.299 84.2697 
556.324 115.61 475.906 113.926 376.058 92.1614 
556.09 115.775 474.943 115.442 374.268 95.5647 
555.662 115.759 473.63 117.371 372.027 100.582 
555.123 115.511 472.509 120.803 369.77 108.916 
554.994 115.481 473.431 122.24 368.972 112.134 
554.806 115.466 473.11 123.902 368.263 116.221 
554.562 115.435 472.738 126.701 367.643 122.683 
554.453 115.463 472.636 127.584 367.559 125.066 
554.406 115.515 472.64 128.876 367.616 128.179 
554.356 115.636 472.814 131.06 367.966 133.294 
554.365 115.739 472.92 131.933 368.196 135.164 
554.313 115.846 473.091 133.216 368.633 137.957 
554.171 116.134 473.344 135.621 369.355 142.805 
554.036 116.254 473.477 136.657 369.711 144.826 
553.902 116.408 473.745 138.236 370.333 148.008 
553.652 116.714 474.208 141.018 371.555 153.898 
553.24 116.634 474.439 142.099 372.189 156.352 
553.075 116.725 474.824 143.785 373.225 160.27 
553.016 117.2 475.486 146.561 375.207 166.544 
552.891 117.338 475.806 147.685 376.035 168.988 
552.762 117.397 476.362 149.314 377.387 172.392 
552.664 117.627 477.216 151.679 379.69 177.645 
552.646 117.742 477.604 152.606 380.609 179.527 
552.582 117.895 478.167 153.863 381.896 182.239 
552.544 118.177 478.992 155.4 384.049 185.912 
552.602 118.324 479.269 155.85 384.775 186.986 
552.689 118.506 479.631 156.383 385.721 188.296 
552.798 118.698 480.127 157.021 386.771 189.488 
552.877 118.835 480.226 157.121 387.002 189.625 
552.96 118.895 480.299 157.121 387.08 189.444 
552.962 118.913 480.17 156.65 386.524 188.192 
553.196 119.09 480.017 156.29 386.081 187.319 
553.166 118.892 479.718 155.601 385.217 185.779 
553.23 118.886 479.058 154.243 383.27 182.481 
553.271 118.914 478.758 153.637 382.304 180.872 
553.38 118.954 478.205 152.491 380.798 178.122 
553.593 118.973 477.328 150.134 378.26 172.834 
553.709 118.936 477.005 149.12 377.32 170.589 
553.927 119.04 476.478 147.498 375.953 167.056 
554.426 119.332 475.783 144.576 373.966 160.627 
554.46 119.338 475.691 144.02 373.631 159.329 
554.696 119.382 475.406 141.678 372.578 154.178 
555.061 119.304 475.336 138.829 371.862 147.879 
555.141 119.292 475.356 138.23 371.788 146.593 
555.394 119.242 475.626 136.015 371.777 141.639 
555.863 119.184 476.114 133.163 372.215 135.138 
555.985 119.206 476.26 132.544 372.351 133.889 
556.395 119.216 476.896 130.596 372.805 128.864 
556.706 119.367 477.392 129.02 373.644 124.958 
556.777 119.086 478.323 126.498 375.727 118.441 
557.077 119.431 477.42 125.439 376.436 115.824 
556.213 118.374 478.348 123.859 378.009 111.893 
557.648 119.0 479.938 121.244 381.052 105.784 
558.063 119.461 480.652 120.203 382.436 103.462 
558.547 119.222 481.666 118.914 384.694 100.133 
559.477 119.201 483.729 116.748 388.857 94.8912 
559.336 119.767 485.724 115.894 390.695 92.8802 
559.463 119.405 487.06 114.665 393.54 89.9164 
559.908 119.607 489.344 112.812 397.122 85.7082 
560.04 119.654 489.697 112.417 399.406 83.805 
560.222 119.619 491.196 111.4 402.715 81.2412 
560.834 119.791 493.653 109.8 408.317 77.031 
561.002 119.737 494.518 109.226 410.62 75.4079 
561.351 119.692 496.06 108.225 414.032 72.9963 
561.722 119.552 498.592 106.613 419.786 69.2288 
561.715 119.276 499.549 106.021 422.109 67.7776 
561.983 119.252 501.081 105.086 425.574 65.6895 
562.287 119.227 503.543 103.853 431.488 62.3439 
562.434 119.176 504.546 103.392 433.906 61.0648 
562.586 119.188 506.047 102.698 437.588 59.1927 
562.724 119.231 508.492 101.695 443.964 56.2478 
562.74 119.262 509.472 101.324 446.703 55.1574 
562.807 119.295 510.971 100.831 450.952 53.4357 
562.963 119.342 513.54 100.061 458.678 50.5991 
562.965 119.337 514.039 99.4527 462.022 49.4642 
563.008 119.392 515.64 99.0255 467.22 47.7269 
563.131 119.401 519.041 98.5637 476.345 45.0428 
563.381 119.544 519.759 97.8876 480.045 44.12 
563.259 119.305 521.575 97.4631 485.703 42.8342 
563.406 119.241 524.439 96.9199 495.386 40.9564 
563.409 119.208 525.608 96.7283 498.142 40.458 
563.441 119.14 527.823 96.8788 503.665 39.6516 
563.799 119.08 529.872 96.2912 512.363 38.8311 
563.621 118.847 530.642 96.2836 515.554 38.6345 
563.485 118.75 531.781 96.2638 519.921 38.3848 
563.37 118.638 533.558 96.0445 526.354 38.2582 
563.687 118.694 534.075 95.9263 527.755 37.933 
563.284 118.496 534.82 95.8045 530.812 38.1347 
563.211 118.647 535.601 95.7634 534.207 38.0776 
563.093 118.632 535.817 95.7504 535.26 38.1833 
562.7 118.568 535.996 95.7725 535.988 38.263 
562.422 118.572 536.057 95.7059 536.049 38.071 
562.521 118.756 535.989 95.5338 535.953 37.8697 
562.456 118.768 535.829 95.2227 535.65 37.4905 
562.386 118.773 535.419 94.8499 534.762 37.0384 
562.345 118.785 535.213 94.7805 534.142 36.9453 
562.295 118.815 535.326 95.1895 532.905 36.8069 
562.242 118.916 533.84 94.7394 529.647 36.6856 
562.252 118.932 533.373 94.7232 527.393 36.3736 
561.975 118.814 532.378 94.6395 524.345 36.2631 
562.038 118.837 531.299 94.5245 517.679 36.1945 
563.078 118.695 529.952 93.8834 514.625 36.2518 
563.114 118.644 529.12 94.2464 509.505 36.3901 
563.017 118.543 525.437 94.0144 500.074 37.2091 
562.96 118.533 523.883 94.1826 496.134 37.7233 
562.907 118.553 521.791 94.3693 489.764 38.4532 
562.218 118.632 518.044 94.841 479.575 40.0539 
562.164 118.657 516.304 95.1636 475.005 40.9176 
562.646 118.538 514.575 96.0018 468.228 42.2962 
561.714 118.819 510.81 96.9544 457.922 45.0104 
561.708 118.79 509.209 97.4698 454.104 46.0568 
561.7 118.843 506.835 98.0904 448.55 47.524 
561.496 118.662 503.317 99.0503 439.627 50.0895 
561.503 118.659 501.93 99.4814 436.09 51.1899 
561.71 118.724 499.982 100.16 430.905 53.048 
561.372 118.536 496.777 101.698 422.893 56.6294 
561.139 118.603 495.534 102.386 419.925 58.2139 
560.935 118.643 493.744 103.461 415.554 60.6561 
560.628 118.752 491.117 105.077 408.594 64.8811 
560.531 118.715 490.063 105.84 405.889 66.7945 
560.197 118.681 488.593 107.011 401.865 69.8852 
559.497 118.296 485.424 109.177 395.527 75.7508 
559.671 118.978 484.473 110.117 393.143 78.1701 
559.269 118.912 484.185 111.605 389.702 81.9657 
557.929 117.703 482.042 114.079 385.82 88.243 
558.254 118.29 481.269 115.19 383.957 90.9743 
557.962 118.13 478.829 117.064 381.306 95.4407 
557.797 118.123 477.263 120.383 377.569 103.247 
557.286 117.788 476.433 121.705 376.224 106.576 
556.748 117.608 475.733 123.935 374.394 111.514 
556.16 117.431 475.73 127.848 371.979 119.476 
555.869 117.229 475.331 129.391 371.23 122.868 
555.391 117.172 474.894 131.758 370.382 128.105 
554.884 117.022 474.502 135.714 370.104 137.339 
554.692 116.985 474.496 137.32 370.135 141.178 
554.311 116.918 474.604 139.632 370.468 146.938 
553.696 116.975 474.949 143.48 371.675 156.468 
553.444 117.056 475.144 144.868 372.357 160.037 
553.211 117.115 475.539 147.071 373.658 165.386 
552.72 117.164 476.609 150.77 376.503 174.171 
552.488 117.178 477.122 152.296 377.828 177.626 
552.248 117.249 477.998 154.538 379.999 182.631 
551.904 117.259 479.614 157.865 384.157 190.571 
551.651 117.32 480.426 159.17 385.98 193.617 
551.48 117.375 481.563 160.904 388.758 197.814 
551.329 117.376 483.44 163.313 393.328 203.735 
551.321 117.384 484.117 164.013 394.951 205.549 
551.348 117.421 485.039 164.925 397.132 207.816 
551.571 117.468 486.176 165.937 399.773 210.144 
551.688 117.531 486.532 166.121 400.491 210.592 
551.913 117.531 486.879 166.203 401.239 210.924 
552.601 117.355 487.224 166.12 401.576 210.567 
552.371 117.567 487.208 165.983 401.352 210.191 
552.529 117.579 486.964 165.569 400.695 209.204 
552.765 117.395 486.431 164.602 398.951 206.909 
552.924 117.302 486.191 164.073 398.067 205.777 
553.002 117.229 485.606 163.253 396.41 203.77 
553.185 117.025 484.394 161.297 393.141 199.494 
553.519 116.903 483.893 160.382 391.748 197.49 
553.667 116.67 483.123 158.884 389.512 194.065 
553.999 116.332 481.762 155.982 385.697 187.708 
554.119 116.184 481.208 154.754 384.203 184.899 
554.365 115.968 480.433 152.8 382.039 180.58 
554.757 115.588 479.288 149.264 378.772 172.809 
554.88 115.47 478.847 147.835 377.657 169.613 
555.064 115.237 478.279 145.527 376.128 164.81 
555.233 114.693 477.627 141.784 374.207 156.377 
555.361 114.594 477.422 140.216 373.642 153.058 
556.031 114.542 477.332 137.843 373.094 147.893 
556.573 114.39 477.428 134.034 372.8 139.381 
556.833 114.309 477.563 132.456 372.858 136.024 
557.257 114.192 477.929 130.47 372.874 130.924 
558.046 113.943 478.78 126.614 374.101 122.265 
558.313 113.873 479.211 125.147 374.807 118.835 
558.816 113.82 479.898 123.316 376.273 113.888 
559.496 113.64 481.115 120.125 378.408 105.971 
560.05 113.826 481.618 118.913 379.495 102.902 
560.222 113.17 482.46 116.974 381.306 98.5196 
560.643 112.76 482.729 114.055 384.971 91.6087 
560.835 112.662 483.524 112.859 386.687 89.0387 
561.164 112.513 486.154 111.152 389.51 85.2397 
562.526 112.849 488.695 108.287 393.653 79.2792 
562.567 112.303 489.794 107.223 396.187 76.5627 
562.768 112.129 490.274 105.703 400.35 72.5944 
563.269 111.963 493.962 103.446 408.178 66.0812 
563.706 112.07 495.266 102.519 411.549 63.687 
564.021 111.983 497.461 101.007 416.891 60.26 
564.416 111.757 501.299 98.8428 426.537 55.172 
564.653 111.642 502.909 98.0104 430.507 53.3096 
564.918 111.537 505.341 96.825 436.694 50.481 
565.191 111.316 509.134 95.0704 447.28 46.0364 
565.3 111.237 510.727 94.3286 451.554 44.3479 
565.477 111.02 513.122 93.2286 457.917 41.9221 
565.575 110.737 516.569 91.2424 468.542 38.5084 
565.57 110.664 518.677 91.0703 472.773 37.328 
565.566 110.5 521.039 90.2316 479.02 35.5978 
565.614 110.236 524.607 88.4331 489.249 33.2345 
565.615 110.048 526.084 87.9733 493.264 32.3862 
565.638 110.023 528.949 87.7677 499.061 31.2375 
565.597 109.815 532.472 86.9153 507.24 29.6773 
565.291 109.611 533.194 86.1038 510.589 29.0041 
565.455 109.753 535.178 85.5492 515.5 28.1656 
565.547 109.683 538.59 85.2551 522.64 26.9341 
565.49 109.691 538.951 84.5492 525.094 26.5478 
565.403 109.727 540.203 84.2767 528.282 26.1393 
565.079 109.852 541.676 84.0623 532.759 25.8653 
564.881 109.908 542.62 84.5156 533.126 25.5165 
564.702 109.96 543.209 84.3361 534.957 25.1678 
564.455 109.938 543.541 83.4723 535.731 25.1624 
564.353 109.896 543.661 83.4251 535.468 25.2455 
564.029 109.932 543.662 83.3275 535.239 25.2795 
563.696 109.915 543.25 83.3184 534.99 25.4807 
563.502 109.882 543.093 83.3801 534.775 25.7331 
563.358 109.901 542.799 83.4759 534.553 25.8862 
563.004 109.886 543.013 84.0818 534.329 25.9308 
562.927 109.889 542.945 84.1021 534.292 25.9805 
562.805 109.906 542.829 84.1368 534.314 26.0298 
562.521 109.966 542.203 83.7157 534.383 26.0119 
562.449 109.958 542.214 83.7156 534.401 25.9931 
562.376 109.981 542.789 84.2074 534.476 25.9717 
562.245 109.998 542.651 84.3653 534.604 26.0686 
562.2 110.01 542.623 84.4318 534.604 26.1396 
561.948 110.099 542.617 84.5135 534.595 26.2722 
561.885 110.11 542.559 84.6546 534.613 26.4695 
561.865 110.103 542.534 84.7112 534.632 26.5881 
561.837 110.119 542.445 84.7558 534.651 26.6536 
561.782 110.117 542.487 84.8183 534.646 26.826 
561.763 110.102 542.485 84.8873 534.718 26.9671 
561.716 110.113 542.027 84.5179 534.865 27.2565 
561.672 110.175 542.031 84.757 535.029 27.666 
561.648 110.2 541.975 84.8321 535.006 27.8649 
561.617 110.237 542.432 85.4056 534.896 28.0312 
561.516 110.221 541.661 85.0524 534.654 28.1905 
561.491 110.216 541.591 85.0539 534.55 28.2242 
561.605 110.269 541.549 84.9295 533.891 28.3244 
562.068 110.245 541.458 84.653 530.339 28.7289 
562.078 110.234 540.975 84.7576 527.889 29.118 
562.024 110.245 540.197 85.5056 523.534 29.7315 
561.757 110.305 535.984 85.5076 516.033 30.3803 
561.723 110.288 534.392 85.5682 512.357 30.7851 
561.716 110.243 532.508 85.5423 507.626 31.4186 
561.643 110.133 529.684 86.6831 497.664 33.7928 
561.605 110.138 527.764 87.2636 493.655 34.8708 
561.527 110.107 524.204 87.5473 487.175 36.3202 
561.533 110.041 519.971 88.6993 475.282 38.1604 
561.462 109.974 517.832 89.0328 469.929 39.1664 
561.304 109.886 514.528 89.738 461.519 41.1656 
560.897 109.898 508.583 91.76 446.618 45.9242 
560.711 109.861 506.107 92.6884 440.557 48.2798 
560.264 109.701 502.033 94.4982 431.268 52.4652 
559.63 109.709 495.527 98.1978 415.933 61.485 
559.167 109.837 493.023 99.8626 409.983 65.6418 
558.279 109.88 489.261 102.718 401.381 72.4215 
556.731 110.044 483.288 108.173 388.392 85.3206 
556.325 109.721 480.743 110.29 385.344 90.4043 
555.651 109.895 477.952 113.901 379.573 98.9865 
554.15 110.156 474.066 120.255 372.28 113.33 
553.416 110.224 472.986 122.868 370.164 118.987 
552.443 110.39 471.58 126.524 368.244 127.384 
551.434 110.628 471.524 132.065 366.415 140.637 
551.239 110.662 471.425 132.991 366.361 143.179 
550.094 110.748 471.127 136.98 366.819 152.806 
549.796 110.904 471.513 141.569 368.786 163.516 
549.57 110.976 471.675 142.512 369.331 165.518 
549.195 111.559 472.519 145.985 371.839 172.928 
548.62 111.793 473.983 150.215 375.625 181.42 
548.511 111.854 474.289 150.997 376.407 183.012 
548.029 112.001 475.564 153.97 379.845 188.945 
547.597 112.154 477.416 157.052 384.635 195.796 
547.56 112.162 477.795 157.563 385.625 197.093 
547.35 112.258 479.169 159.421 389.594 201.71 
547.188 112.36 480.748 161.324 394.052 206.315 
547.157 112.351 481.052 161.598 394.874 206.983 
547.038 112.267 482.072 162.456 397.724 209.434 
547.135 112.247 483.022 163.169 400.245 211.183 
547.14 112.236 483.164 163.25 400.582 211.38 
547.228 112.173 483.505 163.3 401.395 211.717 
547.362 112.048 483.506 162.979 401.151 210.946 
547.391 112.031 483.435 162.855 400.932 210.664 
547.571 111.993 482.943 162.049 399.466 209.036 
547.866 111.824 481.922 160.763 396.71 206.248 
547.938 111.82 481.705 160.461 396.053 205.52 
548.242 111.834 480.526 158.994 393.038 202.458 
547.831 111.562 478.917 156.872 388.675 197.737 
547.935 111.507 478.571 156.376 387.75 196.616 
548.892 111.363 477.185 154.199 383.898 191.701 
548.962 111.33 475.564 151.059 379.065 184.424 
549.141 111.276 475.243 150.322 378.132 182.814 
549.388 111.151 474.164 147.405 374.651 175.974 
550.013 110.895 473.038 143.555 371.084 166.921 
550.003 110.895 472.877 142.768 370.465 164.971 
550.853 110.614 472.303 139.395 368.369 157.194 
550.983 110.339 471.855 135.138 366.728 147.24 
551.219 110.223 471.877 134.315 366.547 145.202 
551.63 110.015 471.926 130.852 366.219 137.002 
552.828 109.749 472.49 126.715 365.868 127.07 
553.016 109.732 472.695 125.892 366.356 125.215 
553.634 109.562 473.553 122.653 368.83 116.881 
553.968 109.663 475.088 118.526 371.864 106.606 
554.139 109.665 475.483 117.748 373.059 105.24 
555.23 109.016 475.616 114.907 376.333 97.404 
556.179 108.799 479.661 110.736 382.242 88.1086 
556.285 108.718 480.241 110.01 383.544 86.3529 
556.861 108.575 482.656 107.199 387.812 80.1244 
557.505 108.775 485.379 104.349 395.868 72.1656 
557.689 108.714 486.104 103.72 397.599 70.6214 
558.299 108.512 488.892 101.258 404.659 64.5966 
558.853 108.244 492.543 98.4365 414.075 57.6579 
558.898 108.129 493.253 97.9721 416.163 56.3097 
559.139 107.952 496.229 96.0322 424.427 51.2023 
559.369 107.838 498.566 94.674 430.929 47.6262 
559.55 107.677 502.389 92.8142 442.229 42.1077 
559.577 107.597 504.022 92.0259 446.883 40.0667 
559.652 107.479 506.458 90.9696 454.013 37.4528 
559.691 107.37 510.972 89.2917 466.319 33.9264 
559.68 107.373 512.774 88.7606 471.399 32.7629 
559.862 107.011 515.447 88.124 479.137 31.4206 
559.122 107.205 519.378 86.7346 491.993 29.6136 
559.727 107.098 521.669 86.8837 495.69 29.3408 
559.517 107.161 523.631 85.93 502.471 28.7467 
558.822 107.143 527.225 85.5141 512.187 28.2877 
558.66 107.155 529.037 85.7965 515.276 28.1613 
558.472 107.189 530.12 85.0871 519.185 28.0765 
558.229 107.296 531.644 85.1347 523.126 28.6355 
557.892 107.362 532.203 85.1187 524.557 28.8212 
557.096 107.595 532.683 85.2425 526.385 29.1364 
556.734 107.633 532.997 85.5512 527.527 29.979 
556.516 107.648 532.961 85.6825 527.26 30.4696 
556.311 107.69 533.247 86.4511 526.665 31.0059 
555.299 107.955 532.188 86.0528 525.922 31.1886 
555.587 107.837 531.986 85.9908 525.659 31.1741 
555.338 107.895 531.679 85.9683 525.357 31.2455 
554.294 107.894 531.478 85.831 525.408 30.7938 
554.435 107.919 531.401 85.7555 525.476 30.6342 
554.3 107.932 531.333 85.5854 525.498 30.3367 
553.425 108.09 531.123 85.4082 525.529 29.8692 
553.301 108.09 531.047 85.3519 525.513 29.6707 
553.141 108.086 530.928 85.2866 525.537 29.4551 
553.431 107.943 530.787 85.2436 525.845 29.2283 
553.428 107.944 530.768 85.2235 525.985 29.2024 
553.369 107.931 530.743 85.1926 526.197 29.2207 
553.379 107.914 530.854 85.1007 526.456 29.1424 
553.369 107.894 530.879 85.0709 526.588 29.1217 
553.352 107.899 530.904 85.0841 526.773 29.167 
553.222 107.903 530.902 85.1585 527.159 29.347 
553.097 107.854 530.885 85.1988 527.363 29.4336 
553.095 107.875 530.876 85.2815 527.575 29.613 
552.947 107.884 530.928 85.4669 527.858 29.9945 
552.92 107.91 530.986 85.5622 527.951 30.1751 
