514.75 173.778 463.259 210.524 405.398 248.051 
514.686 173.851 462.11 210.488 402.851 248.022 
514.556 173.955 460.267 210.357 398.917 247.987 
514.302 174.091 458.048 210.072 392.617 247.835 
514.261 174.172 456.531 210.197 390.074 247.772 
514.003 174.346 455.028 210.145 386.489 247.661 
513.653 174.513 452.893 210.007 380.522 247.512 
513.491 174.617 451.541 210.124 378.248 247.474 
513.253 174.681 450.539 209.955 374.903 247.418 
512.721 174.796 448.295 209.965 369.748 247.291 
512.541 174.904 447.497 209.923 367.756 247.243 
512.503 174.926 446.245 209.888 364.872 247.06 
512.205 174.946 444.368 209.636 360.248 246.526 
511.826 175.011 443.567 209.581 358.406 246.383 
511.613 175.029 442.517 209.539 357.469 246.528 
511.473 175.003 440.547 209.326 353.689 245.688 
511.348 174.992 440.357 209.071 352.292 245.357 
511.117 174.997 439.025 209.04 350.316 244.875 
510.782 174.977 437.786 208.847 347.365 244.136 
510.607 175.052 437.305 208.783 346.301 243.849 
510.486 175.033 436.665 208.716 344.821 243.459 
510.307 174.934 435.634 208.426 342.488 242.829 
510.212 174.979 435.175 208.23 341.669 242.479 
510.104 174.994 434.657 208.146 340.767 241.067 
509.554 175.124 433.976 208.1 339.241 241.916 
509.471 175.141 433.648 208.095 338.583 242.477 
509.335 175.174 433.394 208.118 337.892 242.754 
509.402 175.19 433.08 207.731 337.967 240.353 
509.346 175.187 433.21 207.859 337.926 240.324 
509.205 175.233 433.097 207.98 338.078 240.249 
509.135 175.236 434.45 208.138 338.556 240.208 
508.939 175.219 434.583 208.113 338.903 240.189 
508.951 175.166 434.898 208.177 339.582 240.165 
509.327 175.024 435.402 208.006 340.888 239.909 
509.34 174.965 435.647 207.9 341.463 239.596 
509.4 174.868 436.007 207.606 342.402 239.128 
509.514 174.645 436.762 207.029 344.194 237.924 
509.52 174.492 437.117 206.764 345.009 237.296 
509.372 174.266 437.706 206.208 346.499 236.341 
509.672 173.816 438.826 205.094 347.06 234.344 
509.719 173.587 439.336 204.655 348.129 233.443 
510.218 173.195 440.194 203.891 349.976 231.927 
510.442 172.669 441.748 202.518 353.321 229.271 
510.601 172.411 442.415 201.959 354.786 228.346 
510.878 172.047 443.428 201.173 356.964 227.034 
511.36 171.287 445.006 199.976 360.211 224.978 
511.54 171.119 445.575 199.603 361.255 224.263 
511.843 170.87 446.367 199.038 362.656 223.434 
512.32 170.516 447.337 198.356 364.366 222.324 
512.468 170.433 447.601 198.145 364.821 222.037 
512.702 170.339 447.879 198.065 365.214 221.816 
513.014 170.283 448.057 197.994 365.497 221.872 
513.109 170.27 448.105 197.992 365.468 221.977 
513.223 170.257 448.102 198.045 365.151 222.15 
513.353 170.343 448.005 198.186 364.451 222.412 
513.381 170.376 447.901 198.218 364.066 222.506 
513.406 170.418 447.594 198.294 363.352 222.646 
513.319 170.404 447.149 198.401 361.918 223.037 
513.37 170.435 446.813 198.389 361.134 223.077 
513.675 170.479 446.208 198.434 359.703 223.181 
513.905 170.455 445.148 198.574 356.978 223.546 
513.953 170.498 444.699 198.684 355.779 223.762 
514.005 170.544 444.007 198.879 353.946 224.173 
514.103 170.644 442.838 199.232 350.796 224.981 
514.13 170.709 442.361 199.441 349.565 225.4 
514.154 170.839 441.75 199.842 350.362 225.941 
514.227 171.06 440.827 200.52 347.117 227.497 
514.239 171.137 440.537 200.83 346.231 228.032 
514.299 171.234 440.12 201.226 344.97 228.875 
514.429 171.341 439.621 201.874 343.432 230.347 
514.464 171.383 439.507 202.115 342.954 230.834 
514.519 171.498 439.354 202.465 342.39 231.545 
514.524 171.558 439.345 202.962 341.947 232.823 
514.69 171.499 439.411 203.148 341.948 233.274 
514.797 171.503 439.543 203.354 341.976 233.789 
514.989 171.531 439.921 203.32 342.466 235.245 
515.115 171.574 440.338 204.674 342.718 236.139 
515.294 171.587 439.413 204.214 343.454 236.588 
515.481 171.459 440.406 204.54 345.42 236.176 
515.797 171.485 440.931 204.661 346.155 237.567 
516.128 171.36 441.675 204.893 347.72 237.961 
517.042 171.234 443.373 205.165 350.941 238.529 
516.957 171.222 444.179 205.223 352.771 237.607 
517.397 171.163 445.425 205.265 354.989 239.007 
518.09 171.073 447.654 205.437 359.716 239.217 
518.184 171.052 448.224 205.454 360.739 239.226 
518.626 170.986 450.622 205.353 365.161 239.274 
519.063 170.911 452.25 205.343 367.314 238.756 
519.373 170.797 455.182 205.129 374.238 238.387 
519.613 170.726 456.442 205.081 377.216 238.316 
520.024 170.609 458.303 205.046 381.784 238.028 
520.917 170.263 461.684 204.859 390.001 237.47 
521.161 170.184 463.033 204.844 393.551 237.326 
521.427 170.155 465.02 204.844 399.049 237.107 
521.983 170.001 468.832 204.975 408.623 236.824 
522.115 169.965 470.347 205.022 412.789 236.896 
522.343 169.905 472.147 205.3 419.217 236.837 
522.722 169.977 476.65 205.349 430.484 236.71 
522.812 169.988 478.335 205.477 435.022 236.714 
523.001 169.922 480.376 205.778 441.931 236.715 
523.103 169.936 484.359 206.025 453.353 236.745 
523.18 169.941 485.951 206.08 457.839 236.76 
523.222 169.96 488.848 206.054 464.563 236.696 
523.306 170.014 491.941 206.462 473.755 236.412 
523.367 170.026 493.255 206.463 477.522 236.296 
523.378 170.073 495.197 206.532 482.579 236.182 
523.378 170.159 497.944 206.652 489.416 236.015 
523.351 170.167 498.723 206.646 491.65 235.881 
523.255 170.203 499.669 206.664 494.439 235.687 
523.203 170.21 500.997 206.47 497.197 235.099 
523.008 170.25 501.381 206.501 498.3 234.988 
522.914 170.301 501.894 206.481 499.564 234.866 
522.762 170.342 502.989 206.129 501.174 234.339 
522.692 170.363 503.153 206.064 501.54 234.191 
522.621 170.379 503.232 205.934 501.961 233.677 
522.502 170.352 502.836 205.942 502.499 233.285 
522.505 170.322 502.859 205.885 502.636 233.178 
522.556 170.288 502.869 205.831 502.366 233.095 
522.498 170.195 502.635 205.679 500.464 233.14 
522.478 170.181 502.262 205.676 499.096 233.248 
522.454 170.142 501.271 205.562 496.485 233.385 
522.335 170.041 499.236 205.303 491.22 233.569 
522.308 170.002 498.078 205.175 488.426 233.594 
522.176 170.005 496.457 204.944 483.766 233.635 
522.067 169.997 493.836 204.677 475.608 233.874 
522.04 170.005 492.613 204.633 472.42 234.006 
521.991 170.029 491.209 204.455 468.79 234.12 
521.962 170.018 488.208 204.124 460.888 233.911 
521.931 170.011 486.909 204.076 457.623 233.857 
521.899 170.041 485.411 203.73 452.304 233.583 
521.712 170.071 481.943 203.421 442.875 233.241 
521.693 170.101 480.303 203.353 438.855 233.147 
521.556 170.161 478.201 203.129 432.765 232.905 
521.38 170.193 473.904 203.098 422.545 232.915 
521.316 170.229 472.139 203.169 418.477 232.985 
521.135 170.393 469.591 203.241 412.247 233.085 
520.494 170.745 465.31 203.418 401.985 233.406 
520.331 170.831 463.464 203.58 397.886 233.609 
519.947 171.057 460.836 203.773 391.653 233.923 
519.355 171.46 457.009 203.633 380.949 233.959 
518.847 171.708 455.321 203.563 376.681 233.857 
518.249 171.959 452.869 203.519 370.792 233.86 
517.652 172.288 449.546 203.472 362.296 233.881 
517.43 172.379 448.303 203.573 359.311 233.981 
517.035 172.462 447.097 204.137 357.15 234.613 
515.93 172.783 443.23 203.905 352.145 234.338 
515.915 172.876 442.375 203.83 350.518 234.08 
515.562 172.853 441.356 203.776 348.802 232.925 
515.521 172.92 439.933 203.745 345.645 233.767 
515.439 172.931 439.447 203.725 344.673 233.646 
515.169 173.021 438.702 203.731 343.323 233.607 
514.345 173.032 437.483 203.265 341.47 233.422 
514.295 173.161 437.058 203.181 340.847 233.391 
514.095 173.27 436.778 203.888 339.976 233.291 
513.741 173.269 436.057 203.838 338.758 232.952 
513.59 173.278 435.74 203.223 338.593 232.117 
513.372 173.391 435.536 203.689 338.224 231.803 
512.866 173.545 436.505 204.084 338.061 231.84 
512.646 173.534 436.464 204.274 338.104 231.948 
512.052 173.564 436.375 204.433 338.361 232.213 
511.797 173.754 436.545 204.73 339.316 232.484 
511.681 173.811 436.653 204.896 339.892 232.664 
511.694 173.889 436.973 205.108 340.942 232.943 
511.423 173.963 437.786 205.555 343.322 233.828 
511.329 173.941 438.215 205.843 344.437 234.286 
511.235 174.012 438.991 206.241 346.315 235.012 
511.091 173.979 440.254 206.869 349.533 236.134 
511.038 173.935 440.757 207.067 350.892 236.616 
511.008 174.024 441.551 207.391 352.994 237.277 
511.0 174.094 442.928 207.863 356.617 238.378 
510.767 174.08 443.527 208.052 358.024 238.837 
511.003 174.041 444.321 208.329 360.011 239.379 
511.1 173.995 445.461 208.532 364.968 238.306 
511.143 173.989 445.89 208.553 363.656 240.041 
511.226 173.906 446.378 208.58 364.625 240.142 
511.343 173.735 446.691 208.412 367.357 238.268 
511.507 173.596 446.662 208.267 367.322 237.976 
511.749 173.428 446.426 208.082 366.652 237.745 
511.944 173.33 445.7 207.784 364.72 237.232 
511.999 173.27 445.374 207.695 363.587 237.156 
512.204 173.274 444.781 207.687 359.462 238.793 
512.435 173.114 443.748 207.576 356.139 238.919 
512.703 173.116 443.346 207.564 354.801 238.976 
512.984 173.155 442.718 207.561 352.858 239.103 
513.606 173.194 441.869 207.352 349.83 238.979 
513.78 173.212 441.549 207.193 348.728 238.676 
514.145 173.178 441.173 206.762 347.218 238.007 
514.794 173.063 440.726 205.943 345.11 236.378 
514.856 172.902 440.551 205.54 344.458 235.566 
514.852 172.778 440.428 204.844 343.678 234.295 
515.283 172.467 440.449 203.714 342.949 232.341 
515.411 172.391 440.544 203.28 342.872 231.698 
515.938 172.257 440.701 202.543 342.922 231.387 
516.84 171.978 441.365 201.76 343.556 230.425 
517.052 171.918 441.696 201.457 344.086 229.907 
517.07 171.818 441.209 201.755 345.277 228.959 
517.698 171.351 442.244 201.348 347.33 228.312 
517.689 171.38 442.846 201.323 348.408 228.057 
518.25 171.277 443.675 201.212 350.227 227.637 
518.852 171.1 445.08 201.196 353.578 226.947 
519.011 171.063 446.942 201.546 355.025 226.706 
518.943 171.12 447.8 201.514 357.363 226.425 
519.58 170.918 447.947 201.168 360.187 225.956 
519.722 170.87 449.093 201.32 362.118 226.031 
519.782 170.788 450.132 201.306 365.046 226.095 
520.386 170.682 452.683 201.344 370.174 226.501 
520.571 170.588 453.508 201.479 372.394 226.831 
520.7 170.604 454.943 201.526 375.864 227.151 
520.941 170.646 457.305 201.725 381.956 227.557 
521.046 170.632 458.348 201.764 384.579 227.635 
521.207 170.614 459.863 201.732 388.571 227.599 
521.421 170.556 462.6 201.768 395.538 227.54 
521.492 170.562 463.648 201.82 398.519 227.488 
521.623 170.484 465.413 201.966 403.055 227.379 
521.771 170.394 468.334 202.034 411.126 227.312 
521.82 170.343 469.522 202.039 414.422 227.236 
521.863 170.249 471.273 202.059 419.475 227.156 
521.97 170.081 474.134 202.025 428.144 226.911 
521.948 170.084 475.254 201.999 431.639 226.799 
521.963 170.058 477.063 201.919 437.023 226.624 
522.044 169.975 479.999 201.764 446.202 226.253 
522.043 169.948 480.711 201.847 449.874 226.151 
522.006 169.926 482.521 201.838 455.367 226.08 
521.941 169.962 485.543 201.916 462.956 225.916 
521.921 169.961 487.262 201.815 466.192 225.849 
521.88 170.002 488.885 201.87 470.627 225.917 
521.643 170.119 490.447 202.213 476.7 225.978 
521.575 170.15 490.988 202.246 478.664 225.951 
521.438 170.186 491.864 202.294 481.148 225.827 
521.372 170.468 492.572 202.187 483.937 225.524 
521.278 170.482 492.825 202.226 484.738 225.371 
520.702 170.403 493.022 202.267 485.627 225.241 
520.839 170.459 493.346 202.269 486.614 225.151 
520.729 170.497 493.826 202.182 486.923 225.168 
520.59 170.495 493.382 202.385 487.223 225.317 
520.311 170.577 493.309 202.558 487.364 225.66 
520.279 170.581 493.166 202.647 487.183 225.817 
520.245 170.595 493.483 202.536 486.504 226.059 
520.151 170.595 492.044 202.83 483.701 226.374 
520.099 170.57 491.41 202.845 481.858 226.55 
519.981 170.548 490.404 202.819 478.462 226.678 
519.873 170.447 487.966 202.588 471.118 226.796 
519.806 170.409 486.743 202.453 467.642 226.86 
519.672 170.3 484.815 202.291 461.899 226.93 
519.523 170.232 481.017 201.934 452.581 227.307 
518.808 170.084 479.609 201.742 448.14 227.414 
518.735 170.042 477.776 201.411 441.584 227.578 
518.753 169.936 474.197 200.997 431.332 227.582 
518.688 169.904 472.876 200.748 427.528 227.484 
518.67 169.843 470.951 200.488 422.155 227.191 
518.716 169.851 467.889 199.882 413.557 226.539 
518.699 169.871 465.994 199.837 410.055 226.166 
518.731 169.936 463.887 199.546 404.622 225.372 
518.652 170.02 460.732 198.883 395.698 224.354 
518.551 170.075 459.925 198.483 392.233 223.949 
518.471 170.104 457.916 198.316 387.252 223.361 
518.097 170.31 454.881 197.871 379.534 222.376 
517.979 170.364 453.588 197.802 376.534 221.985 
517.729 170.556 451.792 197.699 372.117 221.397 
517.41 170.891 448.704 197.622 364.792 220.376 
517.164 171.047 447.546 197.528 361.757 219.918 
516.858 171.141 445.327 197.549 357.327 219.362 
516.588 171.391 443.595 197.826 350.28 219.001 
515.38 171.154 442.552 197.822 347.706 219.038 
515.629 171.505 439.967 197.5 345.723 219.725 
514.824 171.176 437.694 197.922 341.175 220.615 
514.647 171.922 436.864 198.291 339.718 221.246 
514.235 172.11 435.713 198.661 337.961 222.169 
513.702 172.296 434.864 199.364 336.39 223.073 
513.576 172.333 435.882 199.717 335.927 223.866 
513.396 172.429 435.696 200.122 335.548 224.308 
513.156 172.484 435.559 200.902 335.509 225.441 
513.05 172.495 435.523 201.072 335.644 225.909 
513.007 172.498 435.625 201.366 335.962 226.379 
512.963 172.502 435.965 201.899 336.814 227.655 
512.98 172.555 436.141 202.155 337.217 228.082 
512.936 172.591 436.414 202.533 337.912 228.715 
512.816 172.693 436.867 203.304 339.135 230.175 
512.695 172.794 437.09 203.68 339.699 230.792 
512.576 172.885 437.495 204.256 340.654 231.812 
512.36 173.143 438.208 205.384 342.523 233.938 
511.961 173.334 438.539 205.849 343.411 234.761 
511.813 173.49 439.076 206.568 344.878 236.255 
511.802 173.874 439.993 207.802 347.495 238.404 
511.695 174.035 440.409 208.252 348.572 239.276 
511.579 174.147 441.099 208.874 350.243 240.373 
511.502 174.287 442.132 209.667 353.011 241.97 
511.493 174.339 442.586 209.952 354.088 242.522 
511.441 174.416 443.24 210.36 355.619 243.428 
511.429 174.583 444.168 210.815 358.031 244.298 
511.494 174.596 444.464 210.851 358.806 244.406 
511.591 174.64 444.844 210.865 359.802 244.485 
511.708 174.632 445.349 210.767 360.841 244.23 
511.793 174.658 445.441 210.682 361.041 244.036 
511.873 174.564 445.496 210.525 361.058 243.708 
511.863 174.383 445.308 210.143 360.359 243.077 
512.097 174.298 445.125 209.992 359.84 242.785 
512.049 174.145 444.777 209.768 358.873 242.458 
512.104 174.038 444.039 209.5 356.747 242.023 
512.145 174.013 443.706 209.407 355.706 241.902 
512.247 173.911 443.094 209.25 354.063 241.674 
512.451 173.795 442.086 208.912 351.253 241.281 
512.559 173.703 441.704 208.763 350.184 241.062 
512.777 173.673 441.087 208.551 348.618 240.781 
513.28 173.615 440.21 208.07 346.212 240.041 
513.314 173.609 440.083 207.985 345.788 239.883 
513.547 173.57 439.646 207.594 344.381 239.3 
513.897 173.474 439.383 207.115 343.21 238.583 
513.971 173.416 439.36 207.001 343.038 238.42 
514.214 173.33 439.464 206.553 342.637 237.768 
514.664 173.162 439.712 205.751 342.495 236.566 
514.784 173.15 439.79 205.447 342.524 236.367 
515.184 173.047 440.367 205.961 342.679 236.405 
515.495 172.995 440.73 205.569 343.14 235.601 
515.52 172.492 441.445 204.925 344.509 233.822 
515.837 172.564 440.418 204.061 345.046 233.812 
514.905 172.117 441.214 203.757 346.215 232.953 
516.369 172.368 442.581 203.215 348.662 231.875 
516.793 172.234 443.202 202.963 349.823 231.521 
517.253 172.125 444.114 202.818 351.779 231.149 
518.178 172.216 446.002 202.593 355.478 230.727 
518.055 172.061 447.944 202.904 357.136 230.581 
518.162 172.038 449.179 202.795 359.714 230.368 
518.608 171.987 451.303 202.597 362.862 229.629 
518.741 171.982 451.58 202.11 364.955 229.416 
518.915 171.922 452.989 202.028 368.014 229.211 
519.519 171.765 455.29 201.765 373.176 228.691 
519.678 171.694 456.103 201.704 375.306 228.482 
520.01 171.524 457.528 201.343 378.441 228.024 
520.36 171.348 459.891 200.959 383.761 227.35 
520.33 171.194 460.789 200.856 385.908 227.03 
520.587 171.076 462.213 200.53 389.127 226.651 
520.88 170.958 464.542 200.297 394.612 225.813 
521.017 170.86 465.494 200.208 396.87 225.556 
521.164 170.815 466.914 200.037 400.304 225.065 
521.299 170.751 469.241 199.835 406.283 224.341 
521.315 170.722 470.178 199.779 408.875 224.136 
521.377 170.632 471.616 199.703 412.876 223.661 
521.528 170.536 474.086 199.61 420.185 222.939 
521.527 170.503 474.562 199.813 423.355 222.629 
521.573 170.503 476.107 199.798 428.273 222.054 
521.69 170.423 479.385 199.449 436.936 221.111 
521.937 170.303 480.068 199.614 440.468 220.822 
521.803 170.281 481.824 199.594 445.879 220.412 
521.94 170.179 484.606 199.665 455.164 219.795 
521.94 170.158 485.744 199.716 457.791 219.443 
521.965 170.112 487.909 199.591 463.105 219.145 
522.308 169.957 489.927 200.134 471.51 218.846 
522.122 169.984 490.691 200.284 474.607 218.841 
521.986 170.032 491.824 200.551 478.841 218.798 
521.868 170.048 493.565 200.748 485.068 218.505 
522.177 169.937 494.064 200.727 486.422 218.597 
521.774 170.011 494.791 200.804 489.391 218.431 
521.707 169.984 495.559 200.891 492.684 218.378 
521.591 169.995 495.771 200.92 493.718 218.454 
521.205 170.101 495.951 200.967 494.434 218.509 
520.93 170.096 496.004 200.934 494.467 218.297 
521.033 170.046 495.916 200.744 494.35 218.107 
520.969 170.019 495.722 200.44 494.01 217.772 
520.898 169.987 495.278 200.109 493.09 217.314 
520.857 169.99 495.067 200.031 492.47 217.16 
520.809 169.987 495.175 199.728 491.251 217.046 
520.76 169.968 493.696 199.672 488.057 216.816 
520.769 169.939 493.229 199.554 485.852 216.871 
520.49 169.95 492.233 199.296 482.866 216.711 
520.543 169.786 491.089 198.231 476.341 216.401 
521.553 169.569 489.719 197.973 473.357 216.298 
521.581 169.494 488.881 197.453 468.36 216.193 
521.475 169.391 485.251 197.322 459.212 216.373 
521.418 169.395 483.728 197.215 455.407 216.541 
521.368 169.405 481.669 196.998 449.225 216.607 
520.671 169.109 477.983 196.583 439.362 216.785 
520.623 169.17 476.285 196.504 434.944 216.874 
521.111 169.465 474.6 196.151 428.387 216.935 
520.209 169.573 470.932 195.924 418.453 217.118 
520.2 169.537 469.385 195.916 414.769 217.148 
520.201 169.659 467.07 195.76 409.384 217.021 
520.0 169.801 463.633 195.437 400.706 216.577 
520.009 169.832 462.278 195.301 397.261 216.339 
520.219 169.873 460.374 195.041 392.245 216.186 
519.869 169.771 457.31 195.144 384.561 216.164 
519.649 169.872 456.124 195.161 381.74 216.234 
519.452 169.944 454.429 195.265 377.595 216.375 
519.171 170.216 451.933 195.328 371.017 216.612 
519.078 170.297 450.951 195.483 368.504 216.897 
518.76 170.532 449.599 195.82 364.79 217.386 
518.065 170.773 446.675 196.64 359.089 218.722 
518.278 170.915 445.815 196.899 356.967 219.275 
517.886 171.057 445.694 197.755 353.947 220.23 
516.503 171.046 443.793 198.503 350.842 222.459 
516.87 171.335 443.131 198.901 349.281 223.154 
516.581 171.448 440.85 199.084 347.147 224.48 
516.432 171.681 439.621 200.399 344.314 226.845 
515.916 171.764 438.927 200.899 343.366 227.951 
515.389 171.972 438.429 201.607 342.112 229.505 
514.824 172.382 438.849 203.704 340.563 231.656 
514.529 172.408 438.595 204.249 340.187 232.626 
514.071 172.681 438.376 205.087 339.898 234.071 
513.577 172.91 438.255 205.657 340.441 235.773 
513.392 173.013 438.412 206.417 340.868 236.863 
513.027 173.224 438.727 207.291 341.8 238.578 
512.453 173.72 439.418 208.803 343.985 241.516 
512.219 173.885 439.734 209.329 345.014 242.557 
512.004 174.079 440.323 210.208 346.834 244.191 
511.544 174.414 441.707 211.696 350.504 246.933 
511.322 174.525 442.343 212.274 352.135 247.974 
511.098 174.661 443.401 213.181 354.742 249.535 
510.769 174.831 445.261 214.383 359.51 251.739 
510.538 175.08 446.159 214.814 361.548 252.563 
510.384 175.254 447.406 215.372 364.593 253.602 
510.242 175.362 449.409 215.996 369.466 254.83 
510.235 175.361 450.109 216.087 371.145 255.038 
510.263 175.364 451.055 216.165 373.378 255.233 
510.479 175.268 452.207 216.154 376.0 255.068 
510.596 175.245 452.547 216.013 376.678 254.844 
510.808 175.097 452.864 215.78 377.359 254.481 
511.462 174.824 453.162 215.451 377.564 253.792 
511.248 174.877 453.129 215.336 377.304 253.603 
511.399 174.797 452.855 215.17 376.568 253.205 
511.612 174.61 452.265 214.9 374.713 252.743 
511.76 174.553 451.99 214.737 373.782 252.564 
511.832 174.529 451.373 214.652 372.063 252.377 
511.998 174.449 450.073 214.378 368.648 251.997 
512.312 174.292 449.531 214.269 367.178 251.808 
512.445 174.242 448.692 214.104 364.789 251.403 
512.747 174.101 447.186 213.706 360.678 250.705 
512.854 174.032 446.571 213.555 359.036 250.352 
513.082 173.948 445.688 213.239 356.636 249.816 
513.434 173.698 444.328 212.559 352.885 248.674 
513.546 173.635 443.801 212.303 351.551 248.144 
513.708 173.484 443.083 211.831 349.701 247.474 
513.836 173.289 442.174 211.008 347.104 245.781 
513.955 173.241 441.856 210.632 346.274 245.177 
514.598 172.98 441.585 210.023 345.265 244.018 
515.115 172.798 441.379 209.006 344.191 242.127 
515.361 172.69 441.386 208.571 343.944 241.441 
515.769 172.582 441.677 208.897 343.628 241.221 
516.521 172.344 442.182 207.653 343.947 238.891 
516.778 172.271 442.478 207.174 344.276 237.9 
517.256 172.008 443.003 206.653 345.083 235.793 
517.923 172.05 443.93 205.682 346.46 234.271 
518.482 172.082 444.327 205.351 347.206 233.411 
518.605 171.841 444.994 204.79 348.537 232.263 
518.99 171.636 444.984 203.576 351.464 230.647 
519.171 171.566 445.668 203.247 352.925 230.207 
519.484 171.474 448.177 203.446 355.382 229.671 
520.825 171.119 450.465 202.893 358.893 228.368 
520.832 170.98 451.471 202.725 361.149 227.918 
521.018 170.9 451.807 202.144 364.922 227.415 
521.499 170.794 455.28 201.865 372.12 226.76 
521.932 170.727 456.51 201.861 375.272 226.67 
522.237 170.693 458.577 201.782 380.297 226.596 
522.613 170.607 462.235 201.861 389.491 226.884 
522.839 170.573 463.776 201.927 393.29 227.041 
523.098 170.597 466.109 202.044 399.199 227.175 
523.362 170.667 469.769 202.428 409.298 227.211 
523.47 170.726 471.298 202.509 413.379 227.221 
523.635 170.738 473.585 202.489 419.441 227.091 
523.717 170.714 476.886 202.819 429.603 226.982 
523.716 170.833 478.93 202.704 433.662 226.972 
523.703 170.824 481.197 202.694 439.642 226.854 
523.736 170.779 484.61 202.85 449.456 226.698 
523.725 170.728 486.027 202.816 453.306 226.601 
523.754 170.849 488.803 202.64 458.872 226.483 
523.704 170.852 492.204 202.643 466.681 225.88 
523.4 170.988 492.879 202.758 469.874 225.599 
523.565 170.928 494.774 202.561 474.558 225.13 
523.649 170.876 498.055 202.06 481.363 224.386 
523.596 170.911 498.382 202.168 483.702 224.092 
523.514 170.961 499.583 202.061 486.746 223.739 
523.205 171.05 501.004 201.959 491.023 223.061 
523.018 171.157 501.939 201.84 491.337 222.754 
522.846 171.204 502.495 201.697 493.07 222.405 
522.603 171.236 502.767 201.549 493.818 222.361 
522.501 171.262 502.884 201.577 493.581 222.552 
522.187 171.339 502.879 201.56 493.372 222.702 
521.86 171.384 502.483 201.644 493.165 223.02 
521.67 171.434 502.339 201.734 492.99 223.286 
521.529 171.463 502.066 201.873 492.798 223.49 
521.181 171.512 502.303 201.849 492.592 223.607 
521.107 171.529 502.241 201.898 492.564 223.684 
520.987 171.538 502.133 201.959 492.594 223.758 
520.714 171.618 501.52 202.218 492.658 223.736 
520.642 171.606 501.531 202.213 492.673 223.716 
520.572 171.624 502.102 202.017 492.741 223.67 
520.445 171.652 501.986 202.163 492.875 223.729 
520.403 171.678 501.965 202.217 492.885 223.804 
520.17 171.885 501.968 202.281 492.892 223.923 
520.111 171.92 501.93 202.444 492.938 224.166 
520.09 171.926 501.917 202.569 492.974 224.325 
520.068 171.993 501.838 202.657 493.006 224.454 
520.016 172.025 501.891 202.774 493.03 224.722 
519.996 172.029 501.899 202.866 493.122 224.913 
519.952 172.07 501.458 203.199 493.303 225.211 
519.914 172.115 501.489 203.415 493.507 225.534 
519.893 172.13 501.443 203.482 493.505 225.676 
519.866 172.171 501.911 203.416 493.421 225.857 
519.768 172.211 501.165 203.727 493.214 226.098 
519.744 172.213 501.097 203.746 493.118 226.137 
519.856 172.162 501.041 203.612 492.494 226.262 
520.29 171.791 500.892 202.966 489.085 226.4 
520.296 171.743 500.424 202.929 486.751 226.658 
520.236 171.618 499.706 203.009 482.611 227.246 
519.974 171.605 495.615 203.29 475.443 228.041 
519.937 171.56 494.056 203.198 471.923 228.299 
519.921 171.45 492.189 202.859 467.411 228.779 
519.833 171.284 489.485 202.854 457.994 230.075 
519.795 171.266 487.665 203.201 454.225 230.719 
519.711 171.175 484.228 203.554 448.069 231.264 
519.713 171.159 480.12 203.21 436.605 231.172 
519.639 171.158 478.034 203.087 431.448 231.108 
519.477 171.129 474.824 202.922 423.384 231.186 
519.089 171.35 469.124 203.102 409.201 231.742 
518.905 171.397 466.757 203.218 403.47 232.102 
518.46 171.463 462.898 203.634 394.736 232.798 
517.845 171.67 456.793 204.436 380.558 234.759 
517.409 171.92 454.463 204.816 375.128 235.716 
516.557 172.294 451.008 205.641 367.34 237.158 
515.083 173.087 445.611 207.309 355.886 240.183 
514.679 173.28 443.318 208.159 353.474 241.86 
514.048 173.698 440.877 209.138 348.675 243.856 
512.627 174.486 437.6 210.957 342.925 246.952 
511.922 174.741 436.766 211.77 341.386 248.081 
510.994 175.122 435.677 212.653 340.126 248.751 
510.046 175.69 436.013 213.651 339.505 251.081 
509.859 175.753 436.004 214.021 339.665 251.487 
508.743 175.919 436.014 214.93 340.914 253.046 
508.482 176.305 436.726 215.89 343.675 254.634 
508.27 176.42 436.956 216.111 344.353 254.887 
507.96 176.885 438.027 216.815 347.328 255.808 
507.418 177.121 439.747 217.623 351.58 256.728 
507.317 177.171 440.097 217.748 352.441 256.877 
506.858 177.311 441.528 218.173 356.105 257.149 
506.455 177.549 443.501 218.395 361.096 257.356 
506.421 177.575 443.893 218.39 362.121 257.409 
506.224 177.669 445.322 218.431 366.165 257.413 
506.077 177.779 446.943 218.397 370.642 257.221 
506.048 177.801 447.245 218.336 371.44 257.069 
505.926 177.802 448.254 218.118 374.242 256.729 
506.017 177.736 449.182 217.847 376.648 256.074 
506.019 177.707 449.318 217.791 376.965 255.969 
506.094 177.589 449.616 217.445 377.695 255.52 
506.207 177.387 449.571 217.138 377.337 254.921 
506.232 177.347 449.49 217.08 377.101 254.833 
506.396 177.174 448.94 216.752 375.561 254.453 
506.657 176.852 447.863 216.518 372.752 254.266 
506.724 176.8 447.632 216.467 372.073 254.184 
507.016 176.656 446.395 216.254 369.024 254.166 
506.57 176.27 444.716 216.149 364.625 254.382 
506.66 176.115 444.355 216.139 363.677 254.376 
507.58 175.846 442.893 216.067 359.724 254.402 
507.635 175.661 441.134 215.808 354.67 254.275 
507.805 175.596 440.775 215.707 353.668 254.169 
508.031 175.429 439.536 215.289 349.837 253.479 
508.615 175.108 438.17 214.565 345.714 252.317 
508.604 175.082 437.954 214.392 344.951 251.966 
509.409 174.764 437.139 213.588 342.273 250.621 
509.504 174.448 436.377 212.574 339.8 248.656 
509.722 174.319 436.337 212.383 339.438 248.232 
510.105 174.107 436.106 211.439 338.355 246.45 
511.259 173.833 436.426 211.268 337.506 246.915 
511.444 173.833 436.564 211.081 337.742 246.121 
512.025 173.512 437.157 210.346 339.044 242.346 
512.35 173.349 438.354 209.501 341.149 240.863 
512.52 173.358 438.683 209.338 342.104 240.054 
513.539 172.912 438.578 208.494 344.865 240.288 
514.446 172.58 442.275 208.078 349.843 238.822 
514.54 172.468 442.792 207.96 350.971 238.578 
515.094 172.335 444.966 207.54 354.576 237.335 
515.731 172.183 447.391 206.624 361.805 236.239 
515.909 172.149 448.057 206.52 363.373 236.028 
516.487 171.914 450.628 206.209 369.778 235.095 
517.012 171.753 454.013 205.772 378.42 234.05 
517.047 171.684 454.693 205.867 380.352 233.844 
517.271 171.587 457.485 205.65 388.003 232.945 
517.488 171.499 459.691 205.527 394.061 232.31 
517.656 171.452 463.339 205.558 404.634 231.209 
517.676 171.396 464.887 205.459 409.007 230.78 
517.738 171.291 467.219 205.482 415.768 230.389 
517.773 171.312 471.546 205.475 427.538 230.16 
517.765 171.365 473.289 205.558 432.415 230.112 
517.946 171.65 475.887 205.772 439.896 230.338 
517.243 171.96 479.703 206.32 452.318 230.599 
517.838 171.996 481.943 206.28 455.9 230.677 
517.647 172.218 483.834 206.566 462.456 230.773 
516.971 172.41 487.35 206.938 471.862 230.94 
516.814 172.46 489.123 206.846 474.856 231.049 
516.635 172.545 490.156 206.996 478.639 231.099 
516.407 172.654 491.668 207.3 482.498 231.323 
516.08 172.708 492.213 207.319 483.902 231.448 
515.311 172.822 492.699 207.477 485.704 231.692 
514.975 173.146 493.046 207.815 486.908 232.401 
514.764 173.205 493.03 207.985 486.721 232.972 
514.568 173.278 493.363 208.196 486.221 233.553 
513.592 173.451 492.338 208.541 485.535 233.836 
513.871 173.454 492.129 208.428 485.284 233.868 
513.636 173.583 491.829 208.422 484.999 233.909 
512.607 173.646 491.62 208.339 485.001 233.61 
512.757 173.775 491.537 208.286 485.044 233.427 
512.623 173.766 491.453 208.163 485.029 233.168 
511.765 173.753 491.229 208.025 484.995 232.683 
511.642 173.761 491.148 207.971 484.951 232.454 
511.483 173.748 491.023 207.886 484.941 232.184 
511.759 173.686 490.876 207.788 485.203 231.898 
511.756 173.675 490.853 207.746 485.334 231.846 
511.694 173.641 490.822 207.685 485.535 231.8 
511.702 173.613 490.914 207.542 485.77 231.649 
511.688 173.578 490.935 207.501 485.892 231.596 
511.671 173.566 490.957 207.479 486.07 231.569 
511.541 173.539 490.962 207.51 486.461 231.667 
511.412 173.498 490.949 207.532 486.666 231.722 
511.411 173.495 490.949 207.6 486.89 231.846 
511.267 173.514 491.021 207.754 487.214 232.225 
511.242 173.533 491.09 207.847 487.326 232.401 
