595.961 235.25 550.561 247.298 498.499 250.806 
595.904 235.284 549.611 247.424 496.372 251.067 
595.789 235.326 548.094 247.565 493.089 251.567 
595.571 235.387 546.284 247.964 487.849 252.405 
595.531 235.45 545.016 248.058 485.734 252.759 
595.307 235.546 543.778 248.301 482.761 253.316 
595.008 235.66 542.03 248.901 477.816 254.381 
594.867 235.714 540.9 249.024 475.932 254.827 
594.667 235.759 540.091 249.369 473.164 255.555 
594.22 235.765 538.241 249.965 468.91 256.811 
594.065 235.84 537.588 250.17 467.269 257.325 
594.033 235.931 536.56 250.487 464.906 258.023 
593.785 235.94 535.038 250.889 461.148 259.044 
593.468 235.898 534.383 251.101 459.646 259.515 
593.291 235.896 533.525 251.437 458.871 260.228 
593.177 235.951 531.921 251.759 455.856 261.027 
593.075 235.937 531.792 251.946 454.747 261.36 
592.884 235.917 530.698 252.184 453.184 261.887 
592.609 235.88 529.703 252.688 450.86 262.863 
592.459 235.832 529.317 252.923 450.028 263.272 
592.36 235.805 528.802 253.294 448.875 263.964 
592.22 235.834 527.988 253.72 447.066 265.178 
592.138 235.854 527.63 253.835 446.448 265.587 
592.049 235.866 527.219 254.205 445.9 265.852 
591.585 235.788 526.676 254.892 444.608 268.191 
591.515 235.787 526.413 255.212 444.022 269.14 
591.401 235.797 526.211 255.699 443.453 270.239 
591.455 235.875 526.003 256.249 443.866 270.802 
591.409 235.858 526.107 256.64 443.864 271.504 
591.29 235.843 526.013 257.164 444.044 272.599 
591.231 235.801 527.135 258.094 444.518 274.432 
591.07 235.681 527.254 258.358 444.838 275.162 
591.083 235.594 527.518 258.846 445.448 276.279 
591.402 235.526 527.964 259.416 446.628 277.918 
591.417 235.46 528.181 259.6 447.167 278.411 
591.472 235.374 528.511 259.79 448.035 279.114 
591.581 235.195 529.197 260.037 449.714 279.967 
591.596 235.068 529.518 260.121 450.481 280.206 
591.487 234.814 530.06 260.129 451.856 280.566 
591.765 234.526 531.091 260.057 452.594 280.798 
591.818 234.345 531.555 260.061 453.599 280.872 
592.256 234.147 532.335 259.974 455.324 280.86 
592.475 233.781 533.743 259.732 458.427 280.723 
592.623 233.611 534.345 259.612 459.756 280.749 
592.875 233.358 535.251 259.44 461.721 280.758 
593.321 232.859 536.661 259.159 464.653 280.567 
593.481 232.758 537.163 259.079 465.6 280.463 
593.747 232.598 537.865 258.916 466.856 280.387 
594.163 232.397 538.724 258.696 468.394 280.134 
594.291 232.359 538.96 258.609 468.802 280.067 
594.49 232.334 539.197 258.618 469.152 280.033 
594.75 232.323 539.348 258.537 469.379 280.066 
594.83 232.316 539.387 258.511 469.342 280.075 
594.925 232.315 539.38 258.498 469.06 280.061 
595.027 232.391 539.286 258.503 468.445 279.911 
595.048 232.415 539.198 258.475 468.113 279.797 
595.065 232.44 538.935 258.368 467.5 279.577 
594.994 232.319 538.554 258.133 466.256 279.169 
595.034 232.327 538.275 257.942 465.593 278.808 
595.282 232.419 537.766 257.639 464.38 278.218 
595.474 232.378 536.869 257.12 462.049 277.093 
595.51 232.418 536.485 256.913 461.016 276.6 
595.551 232.452 535.89 256.596 459.426 275.865 
595.624 232.511 534.881 256.016 456.676 274.529 
595.643 232.555 534.464 255.823 455.588 274.027 
595.654 232.644 533.917 255.564 456.146 273.268 
595.7 232.788 533.082 255.128 453.223 272.181 
595.705 232.835 532.809 254.977 452.402 271.689 
595.748 232.886 532.42 254.673 451.219 270.915 
595.848 232.931 531.936 254.183 449.708 269.775 
595.874 232.946 531.813 253.978 449.227 269.244 
595.912 232.983 531.646 253.681 448.636 268.488 
595.912 232.966 531.578 253.104 448.05 267.272 
596.052 232.915 531.61 252.885 447.971 266.764 
596.141 232.908 531.69 252.471 447.887 265.803 
596.297 232.905 531.986 251.558 448.049 264.578 
596.398 232.929 532.207 251.964 448.125 264.237 
596.544 232.946 531.471 251.177 448.637 263.264 
596.707 232.892 532.245 250.499 450.24 261.069 
596.966 232.956 532.661 250.21 450.662 260.984 
597.247 232.832 533.246 249.842 451.871 259.958 
598.01 232.896 534.608 249.12 454.406 258.149 
597.939 232.728 535.263 248.79 456.007 257.023 
598.307 232.756 536.279 248.271 457.643 256.295 
598.884 232.739 538.092 247.552 461.479 254.266 
598.963 232.728 538.559 247.378 462.315 253.845 
599.332 232.735 540.543 246.785 465.937 252.214 
599.697 232.741 541.883 246.321 467.752 250.889 
599.96 232.671 544.315 245.445 473.496 248.605 
600.163 232.667 545.358 245.141 475.964 247.809 
600.51 232.649 546.897 244.734 479.772 246.507 
601.269 232.565 549.704 243.974 486.636 244.375 
601.476 232.548 550.82 243.743 489.599 243.633 
601.698 232.577 552.464 243.441 494.191 242.556 
602.166 232.567 555.609 243.012 502.192 240.979 
602.278 232.565 556.861 242.861 505.661 240.56 
602.47 232.56 558.328 242.611 511.036 239.811 
602.778 232.646 562.063 242.419 520.473 238.675 
602.852 232.663 563.451 242.347 524.275 238.336 
603.012 232.633 565.121 242.14 530.069 237.869 
603.095 232.644 568.412 242.012 539.66 237.298 
603.158 232.646 569.731 241.922 543.431 237.123 
603.191 232.634 572.146 241.951 549.097 236.853 
603.257 232.669 574.688 241.819 556.865 236.478 
603.307 232.677 575.783 241.767 560.051 236.373 
603.313 232.693 577.395 241.732 564.327 236.268 
603.308 232.751 579.676 241.713 570.114 236.159 
603.284 232.755 580.326 241.694 572.012 236.091 
603.203 232.791 581.114 241.695 574.384 235.977 
603.161 232.834 582.234 241.535 576.759 235.689 
602.997 232.897 582.552 241.567 577.699 235.616 
602.917 232.956 582.982 241.547 578.777 235.602 
602.788 233.005 583.921 241.49 580.175 235.185 
602.73 233.024 584.062 241.439 580.495 235.09 
602.67 233.052 584.137 241.342 580.886 234.675 
602.574 233.039 583.804 241.088 581.368 234.355 
602.578 233.008 583.827 241.027 581.491 234.217 
602.622 232.963 583.838 240.946 581.268 234.083 
602.579 232.823 583.652 240.766 579.655 233.946 
602.564 232.797 583.341 240.741 578.491 234.017 
602.546 232.749 582.522 240.634 576.273 233.983 
602.454 232.646 580.843 240.412 571.808 233.854 
602.434 232.597 579.886 240.301 569.446 233.79 
602.326 232.583 578.55 240.122 565.508 233.75 
602.236 232.597 576.386 239.983 558.609 233.925 
602.213 232.601 575.37 239.985 555.911 234.024 
602.172 232.631 574.214 239.885 552.843 234.107 
602.148 232.628 571.741 239.775 546.207 234.088 
602.123 232.615 570.664 239.784 543.465 234.114 
602.095 232.632 569.447 239.846 539.015 234.06 
601.939 232.621 566.587 239.808 531.127 234.205 
601.92 232.637 565.229 239.853 527.764 234.345 
601.804 232.674 563.502 239.865 522.682 234.562 
601.657 232.688 559.935 239.995 514.133 235.423 
601.602 232.694 558.467 240.225 510.728 235.848 
601.442 232.766 556.35 240.556 505.519 236.568 
600.891 232.956 552.794 241.264 496.941 238.148 
600.75 232.999 551.256 241.681 493.514 238.949 
600.419 233.11 549.068 242.275 488.307 240.21 
599.905 233.298 545.923 243.057 479.427 242.191 
599.469 233.339 544.534 243.278 475.904 242.952 
598.959 233.393 542.515 243.668 471.039 244.326 
598.446 233.617 539.782 244.427 464.044 246.766 
598.257 233.654 538.752 244.832 461.585 247.85 
597.925 233.675 537.715 245.603 459.762 249.434 
596.992 233.674 534.557 246.481 455.7 251.254 
596.974 233.836 533.861 246.736 454.402 251.803 
596.684 233.816 533.034 247.178 453.154 252.463 
596.648 234.045 531.875 247.882 450.494 254.431 
596.579 234.031 531.481 248.127 449.725 254.999 
596.35 234.012 530.873 248.538 448.646 255.968 
595.667 233.764 529.919 248.852 447.191 257.464 
595.618 233.86 529.582 249.124 446.704 258.108 
595.446 233.908 529.302 250.068 446.031 259.05 
595.154 233.827 528.726 250.721 445.126 260.544 
595.028 233.812 528.524 250.641 445.117 260.893 
594.841 233.88 528.327 251.456 444.892 261.866 
594.413 233.899 529.114 252.662 444.837 264.007 
594.232 233.854 529.073 253.187 444.896 264.967 
593.739 233.758 528.999 253.855 445.134 266.533 
593.516 233.851 529.136 255.05 445.99 269.117 
593.416 233.868 529.22 255.565 446.485 270.209 
593.423 233.986 529.479 256.283 447.38 271.849 
593.194 233.998 530.135 257.592 449.347 274.892 
593.118 233.983 530.473 258.198 450.256 276.147 
593.036 234.069 531.095 259.106 451.786 278.064 
592.92 234.121 532.105 260.504 454.411 281.045 
592.879 234.137 532.512 261.0 455.516 282.239 
592.85 234.281 533.152 261.78 457.23 283.929 
592.839 234.457 534.267 262.954 460.182 286.635 
592.648 234.437 534.754 263.419 461.323 287.65 
592.846 234.565 535.396 264.066 462.946 289.006 
592.931 234.661 536.332 264.803 467.209 289.766 
592.967 234.722 536.689 265.011 465.952 291.152 
593.042 234.739 537.095 265.274 466.758 291.652 
593.15 234.751 537.37 265.345 469.225 290.777 
593.295 234.718 537.357 265.226 469.224 290.513 
593.506 234.691 537.176 264.99 468.683 290.039 
593.674 234.739 536.594 264.442 467.106 288.756 
593.724 234.741 536.328 264.189 466.158 288.165 
593.893 234.834 535.832 263.816 462.536 288.119 
594.095 234.845 534.972 262.96 459.702 286.216 
594.317 234.929 534.634 262.581 458.554 285.318 
594.547 235.038 534.102 261.951 456.878 283.923 
595.058 235.153 533.395 260.673 454.284 281.122 
595.2 235.186 533.134 260.088 453.361 279.777 
595.503 235.174 532.843 259.026 452.116 277.567 
596.046 235.143 532.516 257.228 450.433 273.497 
596.108 235.011 532.394 256.462 449.936 271.786 
596.111 234.858 532.334 255.226 449.361 269.205 
596.487 234.641 532.42 253.234 448.861 265.092 
596.597 234.582 532.523 252.474 448.823 263.566 
597.041 234.552 532.701 251.304 448.835 261.713 
597.804 234.577 533.29 249.678 449.359 258.337 
597.982 234.545 533.579 249.002 449.814 256.962 
598.003 234.38 533.14 248.64 450.855 255.065 
598.551 234.021 534.012 247.634 452.525 251.962 
598.541 233.958 534.506 247.348 453.411 250.876 
599.01 233.974 535.192 246.862 454.914 249.253 
599.518 233.881 536.341 246.209 457.687 246.622 
599.651 233.772 537.843 246.061 458.882 245.635 
599.59 233.586 538.547 245.61 460.81 244.27 
600.13 233.735 538.685 244.816 463.147 242.4 
600.25 233.692 539.614 244.612 464.719 241.764 
600.303 233.47 540.466 244.188 467.111 240.822 
600.809 233.428 542.563 243.644 471.279 239.547 
600.967 233.363 543.229 243.478 473.073 239.205 
601.072 233.36 544.407 243.141 475.9 238.559 
601.269 233.387 546.336 242.654 480.886 237.419 
601.357 233.372 547.192 242.418 483.046 236.909 
601.49 233.351 548.442 242.04 486.35 236.038 
601.67 233.296 550.697 241.458 492.125 234.641 
601.728 233.287 551.558 241.286 494.602 234.091 
601.841 233.213 553.004 241.059 498.378 233.256 
601.969 233.126 555.414 240.595 505.095 232.08 
602.012 233.079 556.396 240.403 507.845 231.58 
602.053 232.979 557.843 240.127 512.061 230.908 
602.151 232.811 560.213 239.641 519.315 229.796 
602.133 232.789 561.142 239.448 522.243 229.37 
602.147 232.747 562.647 239.119 526.758 228.788 
602.218 232.643 565.092 238.613 534.47 227.853 
602.219 232.614 565.672 238.302 537.555 227.562 
602.19 232.577 567.174 238.111 542.167 227.259 
602.134 232.575 569.678 237.89 548.55 226.889 
602.118 232.559 571.116 237.939 551.274 226.758 
602.081 232.564 572.461 237.846 554.996 226.71 
601.878 232.578 573.731 237.695 560.099 226.631 
601.82 232.595 574.179 237.677 561.754 226.587 
601.705 232.607 574.904 237.622 563.855 226.46 
601.632 232.658 575.499 237.448 566.224 226.132 
601.553 232.656 575.707 237.444 566.911 226.016 
601.083 232.595 575.868 237.433 567.669 225.9 
601.192 232.614 576.136 237.368 568.506 225.779 
601.099 232.637 576.544 237.519 568.765 225.786 
600.985 232.614 576.158 237.416 569.007 225.899 
600.748 232.591 576.084 237.493 569.101 226.14 
600.722 232.569 575.958 237.526 568.936 226.225 
600.693 232.551 576.233 237.64 568.345 226.34 
600.615 232.504 575.01 237.585 565.959 226.474 
600.574 232.474 574.481 237.603 564.393 226.574 
600.478 232.436 573.646 237.586 561.523 226.621 
600.395 232.34 571.634 237.452 555.331 226.662 
600.342 232.302 570.625 237.378 552.401 226.684 
600.238 232.197 569.034 237.329 547.567 226.788 
600.119 232.132 565.904 237.234 539.711 227.245 
599.54 232.137 564.749 237.188 535.976 227.507 
599.482 232.105 563.252 237.097 530.468 227.965 
599.503 232.022 560.314 237.091 521.887 228.626 
599.452 231.998 559.238 237.043 518.716 228.85 
599.441 231.965 557.663 237.088 514.254 229.097 
599.478 231.972 555.178 237.24 507.137 229.353 
599.463 231.971 553.609 237.154 504.252 229.391 
599.485 232.005 551.888 237.185 499.799 229.33 
599.414 232.046 549.332 237.124 492.476 229.64 
599.328 232.071 548.702 237.227 489.639 229.832 
599.259 232.075 547.056 237.41 485.566 230.112 
598.938 232.133 544.587 237.582 479.274 230.642 
598.837 232.155 543.528 237.77 476.832 230.893 
598.618 232.259 542.057 238.087 473.246 231.354 
598.334 232.453 539.525 238.742 467.317 232.228 
598.121 232.511 538.58 238.974 464.869 232.646 
597.862 232.502 536.752 239.301 461.294 233.486 
597.623 232.724 535.313 240.256 455.577 235.64 
596.639 232.055 534.46 240.612 453.48 236.722 
596.824 232.55 532.367 241.08 451.819 238.62 
596.18 232.267 530.479 242.497 448.071 242.154 
595.986 232.67 529.775 243.267 446.844 243.801 
595.633 232.742 528.809 244.199 445.362 246.231 
595.181 232.717 528.078 245.898 444.089 249.997 
595.074 232.719 528.899 246.661 443.664 251.657 
594.919 232.754 528.725 247.516 443.364 253.505 
594.718 232.763 528.568 249.004 443.302 256.636 
594.629 232.777 528.53 249.438 443.398 257.816 
594.594 232.8 528.6 250.096 443.655 259.293 
594.558 232.85 528.853 251.229 444.292 261.957 
594.569 232.917 528.984 251.702 444.606 262.913 
594.53 232.976 529.187 252.398 445.151 264.34 
594.425 233.139 529.514 253.728 446.069 266.982 
594.319 233.232 529.674 254.322 446.495 268.087 
594.216 233.334 529.971 255.229 447.216 269.849 
594.021 233.573 530.484 256.878 448.607 273.218 
593.679 233.621 530.725 257.531 449.284 274.593 
593.547 233.727 531.12 258.547 450.386 276.871 
593.514 234.095 531.793 260.243 452.4 280.406 
593.415 234.223 532.107 260.907 453.228 281.798 
593.312 234.296 532.636 261.856 454.537 283.686 
593.24 234.452 533.44 263.186 456.725 286.554 
593.23 234.523 533.799 263.695 457.583 287.573 
593.182 234.62 534.314 264.396 458.788 289.091 
593.161 234.81 535.054 265.236 460.741 290.988 
593.215 234.878 535.299 265.438 461.387 291.475 
593.293 234.973 535.616 265.664 462.222 292.047 
593.39 235.05 536.047 265.884 463.129 292.419 
593.46 235.119 536.132 265.886 463.319 292.387 
593.532 235.103 536.191 265.816 463.367 292.165 
593.536 235.027 536.065 265.449 462.842 291.368 
593.735 235.065 535.924 265.233 462.432 290.88 
593.705 234.914 535.65 264.849 461.646 290.104 
593.757 234.864 535.052 264.17 459.886 288.562 
593.793 234.864 534.78 263.879 459.014 287.851 
593.884 234.836 534.278 263.337 457.639 286.628 
594.06 234.794 533.455 262.221 455.277 284.302 
594.155 234.739 533.144 261.739 454.382 283.292 
594.337 234.771 532.639 260.981 453.064 281.732 
594.757 234.872 531.932 259.573 451.057 278.793 
594.785 234.872 531.83 259.308 450.705 278.196 
594.98 234.876 531.483 258.181 449.527 275.852 
595.275 234.806 531.283 256.811 448.542 272.99 
595.34 234.776 531.269 256.517 448.399 272.399 
595.546 234.72 531.375 255.423 448.066 270.113 
595.928 234.627 531.626 253.911 447.988 266.955 
596.028 234.632 531.712 253.524 448.015 266.364 
596.365 234.596 532.127 252.984 448.061 264.374 
596.625 234.638 532.448 252.175 448.478 262.443 
596.678 234.296 533.074 250.874 449.721 259.027 
596.936 234.475 532.292 250.031 450.127 257.981 
596.194 233.826 532.962 249.266 451.138 256.022 
597.387 234.217 534.118 247.984 453.201 253.107 
597.746 234.352 534.644 247.458 454.172 252.028 
598.132 234.211 535.401 246.885 455.789 250.55 
598.889 234.258 536.963 245.938 458.835 248.311 
598.799 234.418 538.537 245.77 460.201 247.463 
598.888 234.261 539.559 245.243 462.326 246.216 
599.26 234.327 541.319 244.438 464.967 244.227 
599.37 234.345 541.587 244.058 466.706 243.398 
599.518 234.307 542.752 243.632 469.239 242.324 
600.026 234.315 544.667 242.901 473.537 240.475 
600.162 234.263 545.341 242.655 475.312 239.76 
600.447 234.173 546.545 242.106 477.941 238.626 
600.746 234.041 548.523 241.314 482.398 236.882 
600.731 233.858 549.271 241.042 484.202 236.182 
600.95 233.799 550.471 240.535 486.9 235.215 
601.199 233.739 552.412 239.966 491.52 233.563 
601.319 233.676 553.205 239.754 493.416 232.964 
601.443 233.663 554.392 239.416 496.308 232.034 
601.558 233.653 556.332 238.954 501.339 230.604 
601.574 233.653 557.111 238.793 503.511 230.111 
601.631 233.627 558.306 238.581 506.88 229.259 
601.761 233.605 560.358 238.266 513.028 227.895 
601.763 233.588 560.734 238.12 515.696 227.343 
601.8 233.611 562.015 237.965 519.846 226.45 
601.903 233.58 564.761 237.67 527.156 225.063 
602.114 233.588 565.312 237.482 530.13 224.612 
602.005 233.478 566.769 237.329 534.687 223.989 
602.124 233.408 569.073 237.186 542.507 223.092 
602.125 233.385 570.014 237.151 544.735 222.767 
602.149 233.337 571.823 237.19 549.212 222.389 
602.442 233.247 573.458 237.235 556.285 222.059 
602.286 233.161 574.083 237.314 558.885 222.03 
602.17 233.141 575.006 237.448 562.444 221.981 
602.071 233.1 576.439 237.478 567.702 221.899 
602.334 233.078 576.855 237.428 568.831 221.831 
601.996 233.024 577.454 237.426 571.342 221.887 
601.943 233.073 578.087 237.462 574.117 221.894 
601.846 233.07 578.262 237.474 574.982 221.992 
601.521 233.087 578.408 237.508 575.581 222.063 
601.294 233.081 578.455 237.466 575.623 221.883 
601.383 233.136 578.394 237.306 575.538 221.707 
601.332 233.128 578.253 237.035 575.275 221.384 
601.275 233.114 577.905 236.722 574.532 220.963 
601.242 233.12 577.736 236.654 574.021 220.84 
601.202 233.13 577.849 236.682 573.003 220.708 
601.163 233.162 576.62 236.448 570.334 220.493 
601.173 233.155 576.241 236.379 568.474 220.351 
600.941 233.108 575.43 236.21 565.975 220.177 
600.996 233.044 574.556 235.65 560.518 219.887 
601.843 232.903 573.434 235.246 558.022 219.809 
601.87 232.848 572.777 235.14 553.837 219.727 
601.789 232.759 569.77 234.925 546.158 219.987 
601.742 232.756 568.513 234.919 542.959 220.21 
601.7 232.768 566.821 234.86 537.781 220.429 
601.145 232.656 563.795 234.8 529.525 220.99 
601.101 232.693 562.395 234.867 525.83 221.306 
601.485 232.785 561.029 235.019 520.357 221.779 
600.735 232.935 558.013 235.241 512.072 222.793 
600.729 232.907 556.734 235.422 509.005 223.167 
600.723 232.984 554.833 235.565 504.541 223.605 
600.546 232.972 552.018 235.749 497.38 224.279 
600.552 232.984 550.911 235.839 494.548 224.55 
600.723 233.032 549.361 235.965 490.41 225.142 
600.441 232.904 546.829 236.587 484.064 226.449 
600.252 232.974 545.851 236.855 481.731 227.076 
600.086 233.02 544.449 237.312 478.303 228.061 
599.836 233.184 542.393 237.957 472.87 229.771 
599.754 233.204 541.574 238.322 470.779 230.637 
599.477 233.291 540.437 238.93 467.686 232.056 
598.887 233.232 537.969 240.138 462.892 234.963 
599.055 233.579 537.243 240.624 461.105 236.166 
598.723 233.611 537.083 241.62 458.549 238.099 
597.579 233.09 535.468 242.936 455.816 241.634 
597.865 233.467 534.896 243.558 454.484 243.037 
597.619 233.448 533.012 244.362 452.631 245.426 
597.481 233.548 531.91 246.289 450.129 249.634 
597.049 233.441 531.304 247.041 449.267 251.476 
596.6 233.454 530.851 248.26 448.124 254.168 
596.107 233.559 531.047 250.811 446.712 258.345 
595.861 233.484 530.802 251.68 446.34 260.152 
595.465 233.577 530.568 253.016 446.014 262.92 
595.042 233.612 530.453 254.869 446.409 267.42 
594.882 233.641 530.529 255.866 446.696 269.469 
594.566 233.703 530.732 257.203 447.358 272.582 
594.061 233.943 531.204 259.454 448.975 277.779 
593.856 234.047 531.43 260.258 449.761 279.699 
593.667 234.156 531.858 261.555 451.163 282.613 
593.264 234.321 532.904 263.743 454.024 287.429 
593.074 234.374 533.392 264.63 455.31 289.306 
592.88 234.461 534.206 265.961 457.369 292.053 
592.597 234.537 535.668 267.875 461.192 296.287 
592.39 234.672 536.384 268.609 462.835 297.903 
592.252 234.771 537.382 269.579 465.307 300.088 
592.127 234.818 539.005 270.861 469.302 303.068 
592.121 234.821 539.583 271.194 470.698 303.906 
592.145 234.838 540.367 271.61 472.563 304.925 
592.33 234.817 541.329 272.028 474.792 305.808 
592.428 234.834 541.624 272.043 475.385 305.892 
592.613 234.77 541.906 271.975 475.994 305.868 
593.17 234.584 542.18 271.797 476.236 305.415 
592.991 234.692 542.161 271.689 476.035 305.176 
593.121 234.663 541.946 271.443 475.454 304.593 
593.308 234.505 541.473 270.924 473.934 303.448 
593.434 234.444 541.255 270.634 473.165 302.905 
593.495 234.404 540.746 270.257 471.731 302.001 
593.637 234.287 539.678 269.328 468.88 300.087 
593.906 234.171 539.231 268.904 467.653 299.187 
594.018 234.054 538.54 268.216 465.666 297.611 
594.275 233.857 537.305 266.848 462.241 294.713 
594.368 233.767 536.799 266.277 460.877 293.414 
594.561 233.644 536.079 265.336 458.882 291.419 
594.867 233.38 534.984 263.585 455.783 287.754 
594.963 233.304 534.559 262.885 454.688 286.22 
595.106 233.143 533.987 261.731 453.157 283.974 
595.223 232.834 533.275 259.836 451.068 279.795 
595.324 232.773 533.032 259.028 450.398 278.181 
595.872 232.643 532.84 257.79 449.615 275.569 
596.31 232.506 532.727 255.787 448.813 271.277 
596.52 232.428 532.757 254.952 448.636 269.613 
596.863 232.337 532.952 254.307 448.321 267.466 
597.499 232.138 533.446 252.188 448.723 262.917 
597.716 232.08 533.721 251.381 449.059 261.084 
598.127 231.946 534.185 250.411 449.898 258.127 
598.674 231.901 535.01 248.69 451.097 254.253 
599.134 232.0 535.357 248.055 451.769 252.627 
599.25 231.624 535.942 247.023 452.941 250.345 
599.58 231.368 536.014 245.28 455.454 246.849 
599.733 231.299 536.599 244.655 456.681 245.631 
599.997 231.201 538.645 244.099 458.729 243.889 
601.128 231.197 540.564 242.721 461.708 240.924 
601.141 230.91 541.403 242.228 463.596 239.653 
601.299 230.806 541.718 241.348 466.736 237.877 
601.702 230.696 544.602 240.362 472.711 235.058 
602.064 230.716 545.615 240.004 475.316 234.102 
602.319 230.669 547.324 239.387 479.468 232.769 
602.634 230.544 550.336 238.605 487.044 231.01 
602.822 230.484 551.604 238.323 490.177 230.399 
603.035 230.455 553.522 237.934 495.067 229.422 
603.247 230.4 556.519 237.459 503.459 227.816 
603.332 230.396 557.779 237.219 506.856 227.208 
603.468 230.315 559.674 236.8 511.919 226.267 
603.536 230.189 562.38 236.198 520.413 225.008 
603.527 230.213 564.088 236.109 523.808 224.595 
603.517 230.141 565.971 235.799 528.821 223.94 
603.547 230.013 568.789 235.193 537.059 223.076 
603.54 229.912 569.969 235.013 540.297 222.751 
603.557 229.958 572.294 234.893 544.979 222.323 
603.514 229.873 575.122 234.602 551.591 221.532 
603.254 229.847 575.672 234.334 554.298 221.176 
603.394 229.88 577.264 234.046 558.276 220.688 
603.467 229.829 580.035 233.746 564.062 219.941 
603.421 229.847 580.296 233.513 566.055 219.681 
603.35 229.883 581.304 233.37 568.646 219.396 
603.09 229.971 582.496 233.258 572.304 219.031 
602.929 230.04 583.286 233.404 572.591 218.744 
602.784 230.08 583.76 233.272 574.077 218.461 
602.581 230.082 583.994 232.854 574.711 218.45 
602.495 230.074 584.089 232.849 574.497 218.573 
602.231 230.12 584.086 232.801 574.31 218.655 
601.958 230.128 583.749 232.83 574.113 218.888 
601.798 230.135 583.623 232.895 573.946 219.118 
601.68 230.154 583.386 232.995 573.77 219.276 
601.389 230.165 583.588 233.236 573.588 219.348 
601.327 230.173 583.533 233.266 573.559 219.404 
601.227 230.182 583.438 233.307 573.578 219.461 
600.997 230.239 582.907 233.245 573.634 219.444 
600.938 230.229 582.916 233.243 573.649 219.427 
600.879 230.246 583.408 233.362 573.709 219.397 
600.772 230.264 583.302 233.493 573.818 219.468 
600.736 230.28 583.281 233.545 573.821 219.534 
600.53 230.407 583.28 233.609 573.819 219.646 
600.479 230.426 583.237 233.742 573.841 219.846 
600.462 230.426 583.217 233.823 573.861 219.972 
600.44 230.462 583.146 233.881 573.878 220.062 
600.394 230.476 583.181 233.962 573.88 220.263 
600.378 230.47 583.182 234.033 573.944 220.415 
600.339 230.493 582.789 234.03 574.075 220.681 
600.305 230.538 582.8 234.229 574.226 221.01 
600.286 230.555 582.757 234.29 574.215 221.161 
600.262 230.588 583.156 234.502 574.132 221.316 
600.178 230.599 582.509 234.49 573.939 221.494 
600.158 230.597 582.451 234.499 573.855 221.525 
600.254 230.597 582.413 234.384 573.32 221.616 
600.636 230.426 582.334 233.967 570.433 221.791 
600.644 230.4 581.946 233.986 568.446 222.035 
600.603 230.346 581.345 234.318 564.91 222.499 
600.387 230.361 577.912 234.382 558.805 223.021 
600.359 230.333 576.619 234.339 555.819 223.248 
600.353 230.265 575.087 234.14 551.982 223.658 
600.291 230.143 572.84 234.56 543.959 225.088 
600.261 230.136 571.301 234.929 540.739 225.771 
600.197 230.081 568.413 235.152 535.522 226.514 
600.199 230.047 565.025 235.394 525.906 227.006 
600.139 230.018 563.301 235.438 521.589 227.288 
600.006 229.966 560.648 235.595 514.831 227.989 
599.672 230.066 555.907 236.407 502.933 229.926 
599.517 230.069 553.938 236.8 498.122 230.948 
599.145 230.026 550.711 237.665 490.789 232.816 
598.624 230.115 545.603 239.438 478.837 237.144 
598.248 230.274 543.65 240.252 474.251 239.181 
597.52 230.449 540.736 241.734 467.679 242.461 
596.252 230.855 536.161 244.627 457.961 248.885 
595.904 230.804 534.204 245.837 455.833 251.684 
595.356 231.055 532.126 247.708 451.727 255.988 
594.131 231.499 529.304 251.059 446.788 263.089 
593.533 231.633 528.565 252.474 445.459 265.855 
592.741 231.86 527.616 254.336 444.461 269.499 
591.92 232.202 527.855 257.033 443.874 275.857 
591.762 232.241 527.823 257.576 443.999 277.061 
590.83 232.335 527.785 259.598 445.005 281.634 
590.588 232.571 528.33 261.894 447.283 286.667 
590.406 232.649 528.509 262.378 447.849 287.589 
590.12 233.095 529.364 264.112 450.331 290.999 
589.658 233.289 530.754 266.207 453.891 294.853 
589.571 233.336 531.04 266.583 454.614 295.564 
589.183 233.453 532.213 267.992 457.72 298.091 
588.834 233.617 533.854 269.36 461.947 300.969 
588.804 233.632 534.184 269.568 462.813 301.521 
588.636 233.711 535.379 270.354 466.241 303.407 
588.507 233.801 536.74 271.125 470.049 305.204 
588.481 233.807 536.998 271.212 470.738 305.41 
588.38 233.77 537.86 271.472 473.139 306.264 
588.46 233.734 538.657 271.648 475.234 306.69 
588.464 233.716 538.775 271.657 475.511 306.725 
588.533 233.638 539.052 271.524 476.172 306.664 
588.64 233.497 539.039 271.254 475.929 306.08 
588.663 233.472 538.976 271.177 475.739 305.924 
588.811 233.38 538.543 270.696 474.479 305.084 
589.047 233.169 537.66 270.056 472.129 303.854 
589.107 233.144 537.472 269.908 471.564 303.518 
589.357 233.089 536.453 269.204 468.99 302.254 
589.014 232.795 535.055 268.278 465.246 300.421 
589.099 232.703 534.753 268.069 464.443 299.96 
589.877 232.536 533.53 267.141 461.084 297.969 
589.934 232.44 532.071 265.735 456.79 294.955 
590.079 232.39 531.776 265.388 455.946 294.253 
590.277 232.267 530.762 264.007 452.737 291.165 
590.779 232.025 529.661 262.107 449.306 286.972 
590.772 232.012 529.491 261.708 448.682 286.023 
591.457 231.765 528.858 259.97 446.493 282.266 
591.555 231.51 528.28 257.78 444.511 277.351 
591.744 231.407 528.256 257.36 444.228 276.335 
592.073 231.232 528.119 255.528 443.409 272.216 
593.044 231.015 528.362 253.788 442.489 268.451 
593.197 231.011 528.486 253.372 442.751 267.342 
593.697 230.804 529.013 251.737 444.151 262.261 
593.977 230.776 530.043 249.702 445.916 257.479 
594.116 230.784 530.324 249.318 446.785 256.57 
594.985 230.33 530.286 247.776 448.936 253.578 
595.755 230.104 533.35 245.961 453.114 249.235 
595.84 230.021 533.783 245.622 454.057 248.433 
596.306 229.91 535.598 244.326 457.112 245.396 
596.843 229.933 537.665 242.788 463.153 241.796 
596.991 229.895 538.221 242.496 464.463 241.101 
597.484 229.714 540.361 241.396 469.83 238.339 
597.927 229.539 543.185 240.105 477.072 235.189 
597.959 229.46 543.739 239.972 478.691 234.58 
598.151 229.347 546.06 239.13 485.121 232.22 
598.335 229.264 547.892 238.558 490.212 230.576 
598.476 229.178 550.909 237.877 499.113 227.999 
598.496 229.12 552.198 237.537 502.797 227.043 
598.554 229.025 554.128 237.157 508.475 225.916 
598.581 228.99 557.717 236.543 518.339 224.587 
598.571 229.016 559.157 236.394 522.429 224.18 
598.701 228.999 561.299 236.278 528.684 223.881 
598.1 229.209 564.427 236.03 539.1 223.499 
598.589 229.19 566.298 236.111 542.108 223.492 
598.417 229.314 567.847 235.886 547.621 223.416 
597.847 229.384 570.749 235.949 555.538 223.481 
597.713 229.409 572.236 236.051 558.055 223.536 
597.56 229.459 573.084 235.848 561.246 223.594 
597.365 229.549 574.323 236.035 564.492 224.003 
597.092 229.596 574.777 236.046 565.67 224.165 
596.45 229.732 575.172 236.179 567.177 224.446 
596.151 229.89 575.438 236.469 568.145 225.159 
595.973 229.92 575.413 236.602 567.946 225.634 
595.807 229.967 575.679 237.02 567.481 226.127 
594.99 230.14 574.796 237.001 566.881 226.327 
595.219 230.097 574.63 236.919 566.666 226.332 
595.017 230.176 574.38 236.902 566.422 226.376 
594.164 230.189 574.211 236.804 566.444 226.045 
594.278 230.26 574.145 236.747 566.493 225.891 
594.169 230.26 574.083 236.619 566.499 225.643 
593.461 230.306 573.905 236.478 566.505 225.215 
593.36 230.308 573.841 236.428 566.485 225.021 
593.229 230.298 573.742 236.36 566.495 224.802 
593.46 230.215 573.627 236.294 566.738 224.575 
593.459 230.21 573.61 236.266 566.852 224.541 
593.41 230.189 573.589 236.224 567.026 224.53 
593.418 230.169 573.676 236.121 567.235 224.429 
593.409 230.145 573.696 236.09 567.342 224.397 
593.396 230.141 573.717 236.086 567.496 224.406 
593.291 230.129 573.719 236.131 567.819 224.535 
593.186 230.088 573.707 236.157 567.989 224.601 
593.186 230.095 573.702 236.223 568.17 224.739 
593.065 230.105 573.752 236.372 568.417 225.086 
593.044 230.124 573.803 236.455 568.5 225.247 
