694.095 242.339 698.161 251.853 722.09 253.38 
694.105 242.371 696.833 251.839 719.248 253.343 
694.108 242.406 694.698 251.753 714.604 253.375 
694.032 242.447 691.254 251.839 706.792 253.449 
694.002 242.508 690.036 251.777 703.57 253.494 
693.909 242.584 688.06 251.828 698.803 253.608 
693.689 242.665 684.441 252.124 690.503 253.934 
693.633 242.707 683.256 252.104 687.25 254.1 
693.465 242.727 681.158 252.289 682.246 254.411 
693.267 242.687 677.745 252.59 674.012 255.016 
693.154 242.746 676.447 252.686 670.73 255.278 
692.939 242.823 674.49 252.836 665.832 255.601 
692.723 242.801 671.314 252.969 657.648 255.999 
692.666 242.73 669.957 253.07 654.344 256.229 
692.541 242.707 668.09 253.258 651.826 256.828 
692.238 242.736 665.111 253.315 644.212 257.073 
692.153 242.709 663.896 253.435 641.227 257.199 
692.037 242.665 662.064 253.505 636.804 257.428 
691.827 242.594 659.242 253.811 629.571 257.953 
691.966 242.542 658.061 253.967 626.74 258.197 
691.901 242.502 656.365 254.232 622.458 258.657 
691.484 242.495 653.706 254.478 615.281 259.504 
691.452 242.507 652.573 254.511 612.495 259.77 
691.367 242.508 650.943 254.786 607.556 259.75 
691.4 242.394 648.393 255.343 601.255 261.99 
691.372 242.386 647.229 255.603 599.165 262.925 
691.307 242.384 645.734 256.03 595.92 263.972 
691.19 242.462 643.116 256.46 588.636 264.237 
691.185 242.44 642.442 256.853 586.449 264.925 
691.208 242.417 641.175 257.342 583.175 266.021 
691.265 242.372 640.155 258.369 578.096 267.894 
691.383 242.244 639.493 258.627 576.219 268.658 
691.507 242.163 638.572 259.122 573.499 269.845 
691.686 242.128 637.076 259.685 569.28 271.592 
691.745 242.065 636.555 259.87 567.625 272.108 
691.815 241.984 635.702 260.05 565.324 272.855 
691.907 241.813 634.417 260.29 561.656 273.751 
691.925 241.683 633.916 260.374 560.24 274.0 
691.999 241.417 633.191 260.376 558.352 274.399 
692.052 241.145 631.926 260.291 553.4 274.45 
692.084 240.964 631.397 260.296 552.083 274.525 
692.185 240.798 630.712 260.212 550.325 274.519 
692.225 240.439 629.729 259.984 547.713 274.402 
692.258 240.277 629.415 259.876 546.884 274.465 
692.383 240.043 629.055 259.727 545.896 274.538 
692.49 239.568 628.587 259.487 544.803 274.429 
692.548 239.479 628.489 259.427 544.452 274.345 
692.686 239.344 628.392 259.291 544.102 274.311 
692.854 239.178 628.353 259.106 543.923 274.097 
692.899 239.152 628.363 259.027 543.897 274.042 
692.954 239.145 628.405 259.056 543.864 274.022 
693.111 239.164 628.627 258.99 544.183 274.089 
693.176 239.167 628.737 258.971 544.377 274.108 
693.242 239.177 628.885 258.965 544.516 274.082 
693.324 239.269 629.096 258.976 544.893 273.892 
693.351 239.298 629.149 258.944 545.075 273.751 
693.392 239.327 629.341 258.822 545.356 273.474 
693.606 239.21 629.829 258.569 546.081 272.967 
693.686 239.227 630.035 258.355 546.479 272.529 
693.777 239.347 630.434 258.016 547.072 271.803 
694.012 239.335 631.237 257.438 548.598 270.439 
694.035 239.38 631.652 257.211 549.397 269.847 
694.082 239.421 632.342 256.867 550.757 268.97 
694.211 239.496 633.68 256.249 553.555 267.401 
694.25 239.546 634.25 256.044 554.838 266.82 
694.306 239.642 635.299 255.788 559.201 266.217 
694.445 239.802 637.166 255.368 562.942 264.979 
694.488 239.855 638.001 255.235 564.809 264.461 
694.604 239.918 639.332 254.957 567.88 263.661 
694.806 239.985 641.643 254.53 573.259 262.548 
694.879 240.007 642.627 254.358 575.526 262.031 
695.059 240.06 644.063 254.11 578.906 261.311 
695.229 240.053 646.699 253.638 585.099 260.224 
695.366 240.02 647.754 253.467 587.666 259.781 
695.476 240.027 649.437 253.125 591.735 258.904 
695.69 240.049 652.155 252.322 599.227 257.943 
695.815 240.09 654.341 252.908 602.564 257.753 
695.936 240.126 654.683 252.027 607.152 256.942 
695.958 240.085 658.059 251.553 614.424 254.971 
696.093 240.179 659.542 251.361 618.594 255.152 
696.415 240.093 661.663 251.134 623.926 254.385 
696.705 240.236 665.61 250.694 633.401 253.077 
697.04 240.079 667.293 250.489 636.17 252.084 
697.192 240.146 669.811 250.158 643.469 251.82 
697.589 240.198 673.951 249.769 653.933 250.45 
697.648 240.197 674.921 249.676 656.049 250.167 
697.838 240.244 678.266 249.389 664.638 249.133 
698.009 240.29 680.813 249.146 669.042 248.063 
698.195 240.25 685.07 248.651 680.541 246.668 
698.247 240.264 686.797 248.51 685.127 246.258 
698.376 240.28 689.306 248.344 691.938 245.534 
698.581 240.265 693.639 248.009 703.39 244.436 
698.655 240.268 695.299 247.948 708.022 244.143 
698.727 240.32 697.683 247.896 714.956 243.759 
698.872 240.355 702.118 247.946 726.314 243.381 
698.907 240.363 703.814 247.982 730.921 243.483 
698.974 240.377 706.468 247.99 737.876 243.528 
699.192 240.503 710.618 248.315 749.401 243.76 
699.243 240.529 712.393 248.449 753.805 243.965 
699.33 240.516 715.145 248.523 760.318 244.317 
699.408 240.539 719.089 248.869 770.499 245.074 
699.473 240.55 720.667 248.967 774.341 245.412 
699.576 240.546 722.783 249.3 779.894 245.898 
699.658 240.592 726.338 249.563 787.018 246.529 
699.71 240.608 727.482 249.657 789.793 246.827 
699.771 240.629 729.198 249.841 793.496 247.262 
699.797 240.69 731.589 250.131 798.357 247.874 
699.784 240.691 732.219 250.195 799.855 248.036 
699.692 240.716 732.975 250.298 801.736 248.209 
699.558 240.748 733.989 250.276 803.218 248.183 
699.329 240.786 734.263 250.348 803.956 248.224 
699.21 240.833 734.663 250.382 804.641 248.331 
699.053 240.863 734.919 250.407 805.731 248.082 
698.993 240.874 735.039 250.372 805.923 248.022 
698.899 240.892 735.078 250.28 806.19 247.652 
698.786 240.865 735.427 250.018 806.557 247.391 
698.806 240.834 735.48 249.961 806.77 247.275 
698.889 240.797 735.581 249.885 806.735 247.123 
699.012 240.657 735.545 249.685 805.808 246.81 
699.036 240.631 735.318 249.623 804.884 246.739 
699.057 240.582 734.603 249.412 803.383 246.449 
699.025 240.467 733.088 248.97 800.309 245.799 
699.048 240.417 732.223 248.735 798.51 245.448 
698.988 240.39 730.966 248.378 795.335 244.918 
698.853 240.389 728.767 247.943 789.47 244.215 
698.837 240.391 727.736 247.808 787.167 243.969 
698.774 240.414 726.547 247.547 784.528 243.659 
698.736 240.406 723.836 247.086 778.303 242.748 
698.732 240.391 722.711 246.948 775.691 242.404 
698.724 240.406 720.685 246.798 771.275 241.731 
698.667 240.38 717.451 246.348 763.059 240.758 
698.671 240.395 715.917 246.201 759.434 240.415 
698.593 240.419 713.781 245.954 753.685 239.885 
698.486 240.415 710.005 245.592 743.525 239.48 
698.494 240.418 708.169 245.609 739.364 239.4 
698.506 240.48 705.448 245.631 732.749 239.337 
698.237 240.616 700.577 245.809 721.01 239.611 
698.176 240.645 698.356 245.996 715.983 239.885 
698.053 240.727 695.1 246.26 708.164 240.347 
697.932 240.873 689.665 246.519 693.937 240.913 
697.935 240.883 687.564 246.521 688.015 241.099 
697.841 240.893 684.445 246.593 679.202 241.678 
697.478 241.061 679.614 246.903 665.086 242.956 
697.395 241.08 677.731 247.143 659.648 243.635 
697.203 241.064 675.889 247.777 654.72 244.961 
696.998 240.979 669.839 248.116 644.461 246.061 
696.764 241.129 668.282 248.244 640.835 246.359 
696.494 241.069 666.128 248.527 634.749 246.632 
696.018 241.272 662.98 249.007 628.148 248.261 
696.011 241.252 661.869 249.174 625.337 248.677 
696.032 241.216 660.148 249.468 621.202 249.448 
696.041 240.91 657.265 249.562 614.713 250.654 
696.021 241.003 655.989 249.754 612.188 251.202 
695.965 241.036 654.727 250.678 608.393 252.003 
695.892 240.926 652.239 251.192 602.083 253.274 
695.831 240.897 650.85 251.008 598.946 253.486 
695.719 240.945 649.479 251.793 595.001 254.354 
695.589 240.924 647.892 253.061 588.628 256.442 
695.508 240.859 646.845 253.564 586.09 257.407 
695.351 240.713 645.298 254.191 582.335 259.015 
695.302 240.788 642.837 255.352 576.243 261.715 
695.282 240.797 641.889 255.861 573.991 262.885 
695.152 240.911 640.672 256.587 570.802 264.667 
695.058 240.9 638.779 257.943 566.18 268.069 
694.979 240.874 638.125 258.586 564.628 269.498 
694.831 240.947 637.186 259.561 562.491 271.705 
694.522 240.972 635.835 261.07 559.45 275.163 
694.35 240.974 635.347 261.609 558.377 276.559 
694.142 241.107 634.613 262.457 556.991 278.549 
693.829 241.268 633.633 263.749 555.132 281.761 
693.67 241.223 633.295 264.268 554.592 282.975 
693.449 241.356 632.825 264.985 553.81 284.597 
693.189 241.444 632.244 265.813 553.901 285.707 
693.052 241.502 632.096 266.053 552.604 287.183 
692.905 241.516 631.859 266.351 552.313 287.791 
692.62 241.518 631.568 266.43 553.159 286.946 
692.552 241.491 631.552 266.298 553.215 286.643 
692.468 241.473 631.586 266.033 553.412 286.077 
692.299 241.525 631.802 265.412 554.102 284.542 
692.217 241.525 632.015 265.132 554.562 283.83 
692.148 241.63 632.503 264.722 554.517 283.58 
691.976 241.645 633.703 263.806 557.218 281.354 
691.977 241.748 634.364 263.408 558.715 280.324 
691.996 241.88 635.532 262.757 561.269 278.742 
692.266 242.055 637.832 261.453 566.346 275.609 
692.355 242.105 638.805 260.856 568.546 274.112 
692.603 242.131 640.435 259.778 572.046 271.664 
692.956 242.162 643.161 257.964 578.194 267.183 
693.011 242.035 644.218 257.186 580.695 265.313 
693.145 241.886 645.956 255.946 584.558 262.512 
693.406 241.706 648.926 253.971 591.358 258.127 
693.5 241.66 650.126 253.227 594.252 256.537 
693.717 241.676 651.829 252.077 598.996 254.689 
693.789 241.765 655.094 250.56 607.189 251.346 
693.915 241.753 656.543 249.94 610.475 250.006 
694.144 241.6 657.744 249.592 614.886 248.185 
694.6 241.3 660.446 248.737 624.232 245.357 
694.81 241.248 661.67 248.539 627.752 244.411 
694.999 241.312 663.429 248.175 633.092 243.024 
695.343 241.277 666.32 247.735 642.035 240.836 
695.667 241.196 669.023 247.851 645.581 240.046 
696.2 241.034 670.868 247.533 650.885 239.005 
695.908 241.21 672.365 246.787 657.572 237.53 
696.033 241.182 674.18 246.75 661.224 237.182 
696.473 240.987 676.132 246.48 666.558 236.671 
696.835 241.004 679.754 246.279 675.445 236.171 
696.951 240.958 681.156 246.238 679.03 236.171 
697.09 240.971 683.318 246.101 684.482 236.041 
697.295 241.027 686.945 245.951 693.647 235.787 
697.385 241.024 688.493 245.862 697.402 235.649 
697.525 241.021 690.645 245.687 703.005 235.332 
697.713 240.99 694.449 245.476 712.371 234.894 
697.805 240.991 695.847 245.445 716.16 234.748 
697.934 240.933 698.158 245.457 721.821 234.526 
698.087 240.863 701.837 245.377 731.257 234.427 
698.14 240.821 703.289 245.339 735.021 234.363 
698.236 240.728 705.434 245.289 740.591 234.355 
698.408 240.574 708.874 245.171 749.716 234.363 
698.449 240.553 710.199 245.121 753.278 234.384 
698.516 240.515 712.296 245.021 758.534 234.482 
698.674 240.423 715.567 244.88 767.104 234.688 
698.693 240.395 717.084 244.695 770.391 234.848 
698.713 240.357 718.96 244.725 775.112 235.212 
698.742 240.351 722.023 244.873 781.321 235.745 
698.763 240.336 723.02 245.092 783.888 235.994 
698.801 240.341 724.62 245.196 787.392 236.467 
698.82 240.34 726.901 245.276 792.123 237.096 
698.784 240.352 727.43 245.324 793.598 237.276 
698.723 240.35 728.336 245.378 795.449 237.433 
699.107 240.423 729.098 245.29 797.636 237.429 
699.071 240.411 729.38 245.319 798.187 237.401 
698.62 240.285 729.644 245.335 798.844 237.387 
698.791 240.323 730.057 245.314 799.66 237.384 
698.725 240.335 729.866 245.488 799.897 237.426 
698.674 240.299 730.201 245.375 800.137 237.575 
698.679 240.259 730.304 245.455 800.342 237.837 
698.718 240.236 730.291 245.479 800.321 237.908 
698.767 240.219 730.021 245.599 800.041 237.96 
698.81 240.168 729.66 245.43 798.339 237.799 
698.798 240.133 729.161 245.378 797.128 237.699 
698.756 240.084 728.379 245.25 794.826 237.373 
698.715 239.976 726.373 244.838 789.639 236.592 
698.684 239.93 725.343 244.622 787.176 236.223 
698.625 239.812 723.647 244.347 782.847 235.664 
698.536 239.73 720.215 243.8 775.571 235.034 
697.673 239.635 718.844 243.579 771.812 234.76 
697.614 239.594 716.966 243.255 766.052 234.417 
697.625 239.511 713.329 242.798 756.553 233.794 
697.573 239.478 711.898 242.577 752.839 233.529 
697.517 239.44 709.73 242.368 747.415 233.07 
697.553 239.453 705.662 242.081 738.62 232.181 
697.58 239.453 704.286 241.785 734.95 231.743 
697.651 239.494 701.925 241.536 729.076 230.921 
697.654 239.531 698.178 241.039 718.863 229.966 
697.624 239.548 696.425 240.988 714.652 229.654 
697.611 239.546 693.986 240.9 708.536 229.207 
697.592 239.579 690.148 240.648 698.546 228.583 
697.552 239.591 688.462 240.659 694.489 228.378 
697.482 239.677 685.953 240.722 688.207 228.156 
697.42 239.851 681.54 240.944 677.285 227.879 
697.395 239.893 679.777 241.006 672.491 227.808 
697.373 239.863 677.128 241.047 665.057 227.934 
697.105 240.055 673.747 241.744 651.989 228.974 
697.385 239.31 671.925 241.945 646.718 229.658 
697.033 239.811 667.839 242.028 641.122 231.284 
696.464 239.433 663.041 243.106 628.935 234.167 
696.811 239.855 661.065 243.758 624.314 235.638 
696.686 239.895 658.379 244.524 617.808 237.866 
696.713 239.836 654.592 246.069 607.518 241.414 
696.683 239.829 654.16 246.927 604.089 243.07 
696.649 239.85 652.565 247.741 599.362 244.874 
696.552 239.838 650.107 249.19 592.796 248.07 
696.454 239.84 649.267 249.606 590.557 249.301 
696.372 239.855 648.205 250.26 587.618 250.847 
696.216 239.894 646.578 251.408 583.588 253.731 
696.168 239.961 646.001 251.895 582.161 254.774 
696.056 240.012 645.166 252.614 580.108 256.344 
695.757 240.152 643.612 253.988 576.93 259.282 
695.63 240.232 643.007 254.608 575.664 260.518 
695.462 240.319 642.139 255.561 573.787 262.502 
695.209 240.534 640.722 257.304 570.655 266.326 
695.163 240.554 640.241 258.002 569.395 267.895 
695.095 240.649 639.502 259.089 567.617 270.511 
694.928 241.016 638.364 260.911 564.789 274.586 
694.847 241.135 637.895 261.627 563.783 276.198 
694.796 241.2 637.258 262.657 562.427 278.395 
694.623 241.345 636.26 264.098 560.427 281.745 
694.541 241.412 635.886 264.653 559.774 282.942 
694.411 241.5 635.431 265.422 558.93 284.727 
694.255 241.685 634.938 266.354 557.745 286.972 
694.161 241.752 634.724 266.576 557.315 287.55 
694.083 241.852 634.467 266.828 556.784 288.23 
693.962 241.931 634.092 267.072 556.09 288.675 
693.906 242.004 633.977 267.074 555.915 288.639 
693.821 241.987 633.875 266.995 555.808 288.379 
693.637 241.898 633.875 266.59 555.981 287.437 
693.552 241.946 633.978 266.351 556.224 286.862 
693.589 241.79 634.234 265.931 556.799 285.948 
693.543 241.739 634.862 265.191 558.258 284.138 
693.521 241.741 635.164 264.874 559.061 283.307 
693.467 241.716 635.768 264.287 560.543 281.887 
693.496 241.688 637.204 263.103 563.771 279.221 
693.534 241.64 637.863 262.597 565.207 278.072 
693.562 241.689 638.935 261.802 567.643 276.314 
693.58 241.826 640.967 260.343 572.262 273.033 
693.594 241.829 641.392 260.073 573.245 272.373 
693.687 241.854 643.232 258.933 577.443 269.813 
693.943 241.82 645.689 257.577 583.077 266.751 
693.961 241.795 646.219 257.289 584.273 266.125 
694.116 241.763 648.307 256.233 589.087 263.735 
694.363 241.711 650.875 254.765 595.398 260.451 
694.419 241.728 651.333 254.379 596.691 259.848 
694.614 241.728 654.396 254.008 602.751 257.917 
694.642 241.794 656.041 253.255 606.934 255.977 
694.514 241.437 658.762 252.059 613.995 252.576 
694.452 241.636 658.298 251.066 617.497 251.623 
694.472 240.912 660.371 250.416 622.241 249.752 
695.123 241.448 663.8 249.327 630.378 247.092 
694.842 241.596 665.19 248.884 633.709 246.15 
695.333 241.511 667.174 248.446 638.848 244.921 
696.117 241.667 670.797 247.766 647.57 243.178 
695.305 241.773 673.524 247.869 651.113 242.554 
695.738 241.645 675.713 247.515 656.428 241.659 
695.814 241.746 679.178 246.998 663.098 240.069 
695.859 241.777 679.377 246.626 666.762 239.517 
695.971 241.755 681.485 246.388 671.948 238.858 
696.102 241.81 684.735 245.954 680.347 237.694 
696.212 241.774 685.92 245.815 683.667 237.262 
696.357 241.712 687.758 245.437 688.422 236.534 
696.605 241.615 690.938 244.944 696.169 235.486 
696.736 241.434 692.161 244.788 699.156 235.064 
696.847 241.397 693.945 244.454 703.611 234.522 
696.985 241.363 696.811 244.178 710.746 233.574 
697.054 241.312 697.939 244.084 713.639 233.271 
697.111 241.312 699.592 243.922 717.849 232.783 
697.11 241.31 702.222 243.747 724.906 232.127 
697.065 241.308 703.267 243.702 727.842 231.972 
696.997 241.281 704.795 243.665 732.254 231.633 
696.976 241.267 707.365 243.651 740.049 231.208 
696.952 241.249 708.537 243.6 743.307 231.061 
696.929 241.274 710.119 243.633 748.227 230.79 
696.937 241.25 712.725 243.696 756.478 230.488 
696.865 241.27 714.079 243.626 759.719 230.48 
696.996 241.157 715.798 243.684 764.549 230.529 
697.073 241.099 718.469 243.876 772.495 230.775 
697.089 241.076 719.547 243.977 774.541 230.76 
697.139 241.032 720.865 244.235 778.805 231.023 
697.318 240.973 723.418 244.563 785.177 231.688 
697.446 240.882 724.114 244.735 787.49 232.024 
697.488 240.855 725.191 245.009 790.589 232.469 
697.53 240.809 726.851 245.25 794.687 233.081 
697.604 240.81 727.315 245.258 796.001 233.191 
697.577 240.728 728.034 245.345 797.657 233.559 
697.348 240.759 728.707 245.471 799.876 233.935 
697.286 240.744 728.899 245.508 800.526 234.145 
697.162 240.729 729.047 245.563 800.971 234.294 
696.951 240.692 729.125 245.528 801.007 234.12 
696.793 240.745 729.072 245.356 800.97 233.934 
696.71 240.728 728.988 245.062 800.841 233.581 
696.625 240.704 728.761 244.7 800.295 233.062 
696.586 240.705 728.613 244.608 799.844 232.867 
696.516 240.708 728.008 244.608 799.072 232.601 
696.359 240.727 727.351 244.234 796.859 232.022 
696.323 240.719 726.927 244.108 795.734 231.653 
696.25 240.648 726.067 243.819 793.697 231.138 
696.123 240.579 724.428 243.074 789.083 230.088 
696.824 240.543 723.87 242.537 786.904 229.657 
696.833 240.49 722.432 242.287 783.253 228.982 
696.769 240.387 719.907 241.677 776.251 228.137 
696.742 240.378 718.523 241.487 773.215 227.894 
696.692 240.384 716.628 241.178 768.186 227.345 
695.841 240.173 713.056 240.656 759.69 226.657 
695.833 240.207 711.393 240.513 755.703 226.403 
696.571 240.378 708.955 240.411 749.581 226.018 
695.711 240.42 705.021 240.16 739.617 225.703 
695.702 240.39 703.313 240.142 735.811 225.578 
695.755 240.472 700.784 239.984 730.131 225.275 
695.917 240.456 696.89 239.712 720.455 224.719 
695.954 240.472 695.286 239.619 716.436 224.491 
696.078 240.543 692.889 239.477 710.442 224.361 
695.926 240.38 689.005 239.691 700.551 224.55 
695.782 240.428 687.378 239.795 696.663 224.765 
695.658 240.454 685.019 240.021 690.826 225.145 
695.574 240.599 681.42 240.317 681.1 225.89 
695.614 240.616 679.98 240.551 677.198 226.4 
695.62 240.685 677.974 240.984 671.167 227.296 
695.716 240.586 674.101 241.84 661.101 229.442 
695.29 240.928 672.648 242.213 657.11 230.367 
695.192 240.929 671.72 243.208 651.158 231.921 
695.416 240.32 668.226 244.277 643.451 235.162 
695.329 240.724 666.863 244.817 639.647 236.388 
695.381 240.69 663.191 245.311 633.938 238.57 
695.48 240.789 659.804 247.096 624.723 242.561 
695.52 240.648 658.268 247.768 621.099 244.364 
695.499 240.626 656.089 248.917 615.758 247.017 
695.623 240.704 654.088 251.566 607.189 251.168 
695.637 240.609 652.704 252.404 603.832 253.013 
695.595 240.672 650.717 253.714 598.853 255.876 
695.585 240.676 646.825 255.482 590.17 260.581 
695.577 240.693 645.9 256.514 587.121 262.791 
695.56 240.732 644.442 257.892 582.896 266.194 
695.509 240.938 642.206 260.237 576.613 271.967 
695.396 241.023 641.437 261.081 574.404 274.121 
695.345 241.118 640.33 262.454 571.43 277.425 
695.245 241.251 638.814 264.813 567.271 282.957 
695.164 241.286 638.21 265.774 565.784 285.129 
695.043 241.354 637.481 267.23 563.923 288.331 
694.938 241.404 636.508 269.345 561.312 293.307 
694.92 241.526 636.227 270.17 560.493 295.22 
694.9 241.617 635.888 271.265 559.496 297.82 
694.888 241.656 635.497 272.732 558.401 301.398 
694.874 241.657 635.396 273.123 558.07 302.413 
694.859 241.676 635.255 273.612 557.715 303.656 
694.887 241.669 635.088 274.114 557.282 304.752 
694.888 241.694 635.035 274.144 557.161 304.87 
694.915 241.644 634.984 274.084 557.033 304.863 
695.343 241.522 635.008 273.909 556.924 304.347 
695.013 241.598 635.022 273.791 556.923 304.063 
695.042 241.58 635.09 273.516 556.972 303.368 
695.227 241.443 635.402 272.942 557.436 302.002 
695.383 241.399 635.598 272.625 557.7 301.353 
695.491 241.37 635.904 272.203 558.244 300.269 
695.757 241.277 636.709 271.176 559.658 297.992 
695.979 241.192 637.158 270.714 560.434 296.93 
696.275 241.099 637.946 269.969 561.795 295.077 
696.726 240.943 639.5 268.495 564.692 291.695 
696.899 240.869 640.192 267.883 566.094 290.19 
697.218 240.777 641.303 266.879 568.381 287.891 
697.656 240.556 643.409 265.03 572.857 283.707 
697.806 240.496 644.296 264.296 574.836 281.973 
698.034 240.355 645.784 263.093 578.087 279.456 
698.525 240.077 648.356 261.141 583.885 274.811 
698.673 240.032 649.455 260.314 586.41 273.042 
698.974 239.959 651.252 259.066 590.379 270.197 
699.354 239.876 654.286 257.07 597.48 265.597 
699.523 239.822 655.604 256.248 600.497 263.843 
699.851 239.776 658.295 255.724 605.946 261.669 
700.454 239.659 661.734 253.68 614.01 256.955 
700.652 239.629 663.119 252.913 617.313 255.079 
700.831 239.535 665.039 252.018 621.7 252.029 
701.542 239.576 668.335 250.427 630.574 248.253 
701.786 239.729 669.655 249.851 633.925 246.665 
702.347 239.388 671.76 248.915 639.005 244.488 
702.874 239.185 673.797 247.179 647.866 241.298 
703.047 239.137 675.323 246.648 651.611 240.263 
703.35 239.076 679.297 246.45 657.482 238.847 
703.675 239.18 683.643 245.393 665.918 236.32 
704.124 238.916 685.409 245.042 670.414 235.35 
704.37 238.837 686.768 244.214 677.476 234.099 
704.799 238.784 691.591 243.687 689.915 232.301 
704.947 238.842 693.514 243.505 694.984 231.803 
705.23 238.832 696.623 243.178 702.643 231.199 
705.662 238.755 701.751 242.903 715.583 230.78 
705.917 238.725 703.849 242.835 720.649 230.717 
706.234 238.733 706.951 242.766 728.297 230.583 
706.712 238.725 711.863 242.805 740.624 230.387 
706.924 238.74 713.845 242.775 745.435 230.344 
707.277 238.691 716.669 242.659 752.316 230.229 
707.608 238.589 721.457 242.539 763.129 230.332 
707.784 238.624 723.033 242.675 767.243 230.456 
707.936 238.56 725.549 242.656 773.167 230.584 
708.193 238.448 730.024 242.525 782.329 230.98 
708.334 238.354 731.494 242.52 785.78 231.141 
708.485 238.411 733.556 242.702 790.679 231.413 
708.665 238.332 736.878 242.826 797.074 231.572 
708.772 238.293 738.292 242.682 799.678 231.606 
708.693 238.332 740.043 242.617 803.281 231.676 
708.781 238.291 742.249 242.659 808.44 231.738 
708.765 238.305 743.293 242.506 810.134 231.752 
708.711 238.334 744.33 242.502 812.264 231.819 
708.435 238.385 745.468 242.549 814.794 231.92 
708.335 238.437 745.567 242.764 815.092 231.676 
708.197 238.457 746.02 242.694 816.287 231.595 
708.07 238.435 746.961 242.345 816.746 231.666 
708.062 238.421 747.115 242.357 816.667 231.766 
707.864 238.434 747.196 242.313 816.619 231.83 
707.682 238.41 746.998 242.305 816.548 232.041 
707.621 238.4 746.911 242.356 816.404 232.247 
707.523 238.404 746.74 242.429 816.295 232.384 
707.329 238.38 746.272 242.66 816.213 232.435 
707.286 238.381 746.25 242.685 816.209 232.489 
707.19 238.376 746.19 242.716 816.241 232.549 
706.998 238.404 746.407 242.626 816.283 232.54 
706.945 238.386 746.41 242.625 816.295 232.524 
706.885 238.395 746.146 242.767 816.322 232.501 
706.799 238.399 746.029 242.885 816.364 232.584 
706.778 238.412 745.994 242.935 816.362 232.65 
706.696 238.521 745.968 242.997 816.334 232.76 
706.671 238.535 745.938 243.128 816.37 232.963 
706.669 238.533 745.979 243.212 816.409 233.093 
706.694 238.57 745.953 243.264 816.472 233.188 
706.686 238.58 746.027 243.354 816.54 233.393 
706.691 238.574 746.042 243.427 816.619 233.555 
706.683 238.593 746.391 243.416 816.699 233.837 
706.63 238.633 746.356 243.619 816.696 234.177 
706.602 238.648 746.305 243.674 816.616 234.321 
706.579 238.678 745.998 243.901 816.548 234.465 
706.559 238.681 746.095 243.846 816.454 234.621 
706.549 238.677 746.062 243.849 816.39 234.641 
706.53 238.684 746.034 243.727 815.984 234.662 
706.551 238.539 745.653 243.272 813.452 234.439 
706.526 238.511 745.184 243.232 811.737 234.412 
706.363 238.442 743.983 243.45 808.869 234.406 
706.098 238.424 741.314 243.091 804.096 234.129 
706.051 238.39 740.061 242.87 801.538 233.951 
705.99 238.315 738.459 242.449 798.256 233.843 
705.897 238.18 735.346 242.514 790.527 234.147 
705.847 238.167 733.74 242.676 787.383 234.382 
705.74 238.099 731.272 242.533 782.102 234.381 
705.795 238.068 726.8 242.244 772.087 233.458 
705.811 238.034 724.825 242.034 767.329 233.09 
705.757 237.967 721.596 241.791 759.533 232.76 
705.654 238.037 715.441 241.888 744.663 232.856 
705.599 238.025 712.815 241.983 738.226 233.128 
705.497 237.946 708.401 242.366 727.803 233.848 
705.218 237.978 700.61 243.356 708.904 236.333 
704.984 238.097 697.416 243.868 700.967 237.676 
704.64 238.198 692.48 244.912 688.615 239.97 
704.08 238.48 683.991 247.125 667.696 245.031 
704.285 238.414 680.706 248.073 661.541 247.621 
704.006 238.612 675.801 249.626 649.677 251.434 
703.377 238.934 668.016 252.554 631.322 258.039 
703.011 239.001 665.27 253.862 624.564 260.708 
702.488 239.14 661.248 255.568 614.394 264.23 
702.038 239.4 656.419 258.216 600.732 270.743 
701.92 239.421 655.747 258.763 598.315 272.007 
701.155 239.397 652.259 260.749 589.757 276.892 
701.136 239.62 648.731 263.073 581.346 282.413 
701.005 239.678 648.097 263.573 579.879 283.438 
700.575 240.089 645.841 265.383 574.875 287.275 
700.138 240.226 643.392 267.609 569.802 291.68 
700.044 240.262 642.942 268.01 568.888 292.498 
699.674 240.329 641.273 269.521 565.629 295.426 
699.425 240.456 639.738 271.023 562.479 298.816 
699.414 240.469 639.498 271.256 561.974 299.472 
699.252 240.527 638.685 272.137 560.361 301.739 
699.133 240.602 637.911 273.014 558.973 303.922 
699.139 240.607 637.802 273.117 558.783 304.182 
699.137 240.562 637.49 273.433 558.193 305.246 
699.168 240.532 637.22 273.658 557.723 305.807 
699.156 240.513 637.19 273.673 557.68 305.857 
699.174 240.438 637.053 273.537 557.505 305.806 
699.211 240.303 637.074 273.245 557.445 305.121 
699.212 240.279 637.088 273.158 557.46 304.935 
699.222 240.197 637.203 272.617 557.524 303.915 
699.309 240.002 637.499 271.887 557.955 302.413 
699.319 239.982 637.591 271.72 558.085 302.006 
699.394 239.949 637.973 270.915 558.791 300.462 
699.01 239.594 638.811 269.871 560.424 298.243 
698.999 239.505 639.046 269.639 560.844 297.692 
699.595 239.431 640.155 268.616 562.935 295.324 
699.508 239.33 641.897 267.096 566.626 291.794 
699.632 239.298 642.312 266.723 567.475 290.978 
699.785 239.195 644.09 265.259 571.236 287.416 
700.202 239.011 646.498 263.262 576.865 282.652 
700.171 238.996 647.02 262.848 578.095 281.58 
700.78 238.833 649.286 261.051 583.401 277.378 
700.86 238.583 652.365 258.817 590.842 271.97 
701.029 238.502 653.051 258.4 592.476 270.868 
701.342 238.367 655.762 256.566 599.32 266.44 
702.228 238.277 660.36 254.974 610.621 262.687 
702.383 238.294 661.193 254.583 612.207 261.522 
702.706 238.141 664.503 253.053 619.336 256.209 
702.699 238.134 669.15 251.213 631.625 251.613 
702.828 238.161 670.102 250.878 633.242 250.739 
703.862 237.829 672.32 249.354 644.839 248.216 
704.464 237.695 679.339 248.06 658.243 244.467 
704.518 237.62 680.416 247.794 660.946 243.809 
704.957 237.571 684.744 246.81 669.804 241.206 
705.083 237.644 688.842 245.578 683.606 238.561 
705.246 237.628 689.933 245.376 686.397 238.076 
705.675 237.508 694.253 244.637 697.336 236.17 
706.195 237.397 699.44 243.806 710.794 234.19 
706.28 237.324 700.533 243.776 713.578 233.842 
706.542 237.24 704.503 243.311 724.196 232.511 
706.742 237.182 707.487 243.035 732.076 231.682 
706.99 237.122 712.201 242.845 744.889 230.516 
707.039 237.067 714.094 242.705 749.896 230.141 
707.116 236.979 716.95 242.633 757.241 229.912 
707.271 236.956 721.888 242.576 769.184 230.134 
707.309 236.983 723.793 242.65 773.809 230.357 
708.059 237.025 726.543 242.865 780.644 231.016 
707.615 237.165 731.236 243.139 791.325 232.184 
708.189 237.221 732.672 243.453 794.124 232.606 
708.177 237.334 735.269 243.501 799.273 233.315 
707.869 237.342 738.549 243.988 806.222 234.475 
707.785 237.351 739.452 244.261 808.444 234.877 
707.693 237.385 741.047 244.216 811.095 235.364 
707.511 237.45 742.341 244.58 813.289 236.176 
707.251 237.46 742.763 244.652 814.139 236.487 
706.549 237.503 743.12 244.84 815.224 236.958 
706.544 237.642 743.345 245.17 815.777 237.783 
706.425 237.651 743.347 245.305 815.645 238.234 
706.302 237.679 742.984 245.73 815.269 238.668 
705.464 237.739 742.957 245.644 814.871 238.796 
705.793 237.733 742.773 245.537 814.747 238.776 
705.673 237.791 742.577 245.489 814.522 238.787 
704.976 237.693 742.496 245.37 814.72 238.47 
705.171 237.788 742.468 245.305 814.754 238.322 
705.052 237.771 742.475 245.169 814.822 238.078 
704.249 237.711 742.376 245.006 814.856 237.651 
704.167 237.7 742.329 244.947 814.833 237.454 
704.043 237.671 742.233 244.864 814.814 237.234 
704.34 237.623 742.087 244.779 814.973 237.035 
704.326 237.617 742.055 244.746 815.042 237.015 
704.265 237.587 742.011 244.699 815.118 237.023 
704.264 237.568 742.048 244.603 815.225 236.945 
704.245 237.541 742.057 244.573 815.282 236.925 
704.218 237.534 742.041 244.569 815.332 236.949 
704.094 237.505 741.995 244.612 815.494 237.115 
704.015 237.45 741.963 244.636 815.59 237.2 
703.99 237.455 741.938 244.702 815.664 237.357 
703.891 237.45 741.933 244.858 815.817 237.733 
703.863 237.466 741.966 244.95 815.86 237.905 
