558.092 268.749 494.728 285.309 415.453 294.286 
558.004 268.789 494.464 285.493 414.893 294.657 
557.843 268.843 494.049 285.734 414.185 295.306 
557.599 268.926 494.182 286.206 413.277 296.366 
557.568 268.989 493.428 286.399 412.942 296.804 
557.329 269.105 493.243 286.704 412.607 297.466 
557.084 269.243 493.555 287.345 412.243 298.675 
556.932 269.31 492.946 287.548 412.146 299.168 
556.785 269.373 493.38 287.896 412.13 299.947 
556.32 269.429 493.397 288.548 412.402 301.249 
556.192 269.516 493.464 288.771 412.557 301.774 
556.312 269.598 493.51 289.119 412.873 302.489 
556.136 269.632 493.763 289.567 413.581 303.542 
555.743 269.631 493.863 289.795 413.868 304.016 
555.595 269.648 494.052 290.143 414.499 304.644 
555.67 269.705 494.051 290.532 415.632 305.451 
555.594 269.703 494.716 290.686 416.149 305.778 
555.421 269.704 494.572 290.972 416.994 306.283 
555.202 269.698 495.222 291.463 418.612 307.186 
554.89 269.676 495.53 291.687 419.325 307.556 
554.804 269.662 496.021 292.036 420.514 308.168 
554.929 269.694 496.78 292.442 422.623 309.228 
554.842 269.722 497.089 292.557 423.531 309.581 
554.783 269.742 497.662 292.895 425.773 309.771 
554.121 269.729 498.682 293.509 427.901 311.754 
554.046 269.736 499.126 293.797 428.417 312.57 
553.938 269.758 499.869 294.221 429.614 313.495 
554.101 269.821 501.359 294.678 434.289 313.826 
554.043 269.811 501.94 295.003 435.536 314.387 
553.861 269.812 502.665 295.455 437.616 315.25 
553.737 269.782 504.787 296.153 441.07 316.689 
553.427 269.693 505.382 296.365 442.516 317.256 
553.351 269.614 506.338 296.756 444.787 318.117 
553.654 269.516 507.916 297.192 448.596 319.356 
553.63 269.454 508.547 297.324 450.185 319.711 
553.653 269.368 509.547 297.444 452.54 320.21 
553.734 269.19 511.302 297.572 456.662 320.756 
553.741 269.069 512.057 297.605 458.403 320.882 
553.539 268.848 513.252 297.543 461.156 321.057 
553.882 268.546 515.454 297.348 464.905 321.13 
553.933 268.37 516.419 297.294 466.894 321.097 
554.459 268.132 517.906 297.123 470.029 320.929 
554.733 267.763 520.427 296.742 475.377 320.533 
554.913 267.586 521.433 296.567 477.509 320.44 
555.167 267.32 522.877 296.312 480.533 320.28 
555.704 266.799 525.062 295.904 484.847 319.869 
555.881 266.685 525.796 295.779 486.244 319.698 
556.143 266.506 526.795 295.557 488.032 319.527 
556.59 266.268 527.966 295.269 490.083 319.183 
556.732 266.217 528.273 295.166 490.616 319.091 
556.965 266.17 528.559 295.151 491.079 319.034 
557.204 266.131 528.61 295.067 491.179 319.048 
557.264 266.116 528.587 295.041 491.017 319.062 
557.344 266.104 528.476 295.034 490.578 319.074 
557.421 266.165 528.207 295.052 489.579 318.999 
557.429 266.186 528.053 295.037 489.054 318.929 
557.422 266.208 527.574 294.972 488.118 318.791 
557.16 266.11 526.735 294.808 486.128 318.548 
557.153 266.115 526.227 294.668 485.065 318.293 
557.425 266.172 525.284 294.455 483.203 317.888 
557.509 266.116 523.554 294.095 479.41 317.126 
557.542 266.149 522.765 293.956 477.663 316.796 
557.561 266.177 521.513 293.745 474.905 316.311 
557.563 266.227 519.28 293.356 469.9 315.428 
557.558 266.267 518.346 293.237 467.825 315.105 
557.529 266.351 516.918 293.083 465.99 314.474 
557.485 266.484 514.562 292.817 460.27 313.84 
557.458 266.529 513.64 292.728 458.2 313.516 
557.428 266.575 512.233 292.523 455.005 313.0 
557.409 266.61 510.039 292.184 450.095 312.237 
557.389 266.623 509.214 292.034 448.217 311.86 
557.302 266.658 508.026 291.816 445.569 311.319 
557.172 266.647 506.153 291.363 441.306 310.433 
557.26 266.586 505.479 291.187 439.733 310.05 
557.298 266.572 504.442 290.844 437.288 309.308 
557.348 266.554 502.983 290.055 433.141 308.377 
557.392 266.568 501.772 290.445 431.291 308.136 
557.501 266.568 500.604 289.824 429.222 307.344 
557.709 266.498 499.3 289.21 426.854 305.469 
557.962 266.528 498.823 288.941 424.89 305.431 
558.103 266.385 498.124 288.597 423.154 304.548 
558.933 266.355 497.165 287.895 420.475 302.957 
558.578 266.217 496.846 287.568 420.679 301.909 
558.968 266.2 496.412 287.052 418.19 301.276 
559.46 266.121 495.869 286.308 416.284 299.397 
559.524 266.102 495.793 286.125 415.959 299.002 
559.887 266.067 496.002 285.456 414.865 297.442 
560.26 266.031 495.938 284.953 414.242 296.231 
560.481 265.936 496.064 284.002 413.676 293.966 
560.722 265.908 496.182 283.655 413.623 293.141 
561.104 265.849 496.379 283.18 413.676 291.796 
561.998 265.677 496.897 282.289 414.21 289.532 
562.228 265.636 497.142 281.997 414.606 288.698 
562.479 265.637 497.542 281.6 415.346 287.458 
563.018 265.571 498.385 280.971 417.021 285.53 
563.145 265.556 498.765 280.736 417.925 284.912 
563.361 265.528 498.725 280.412 419.416 283.862 
563.618 265.576 500.494 279.922 422.412 282.147 
563.681 265.583 500.98 279.744 423.756 281.55 
563.836 265.537 501.107 279.437 425.914 280.676 
563.891 265.539 502.432 279.048 429.845 279.386 
563.928 265.535 502.961 278.857 431.487 278.915 
563.894 265.522 504.499 278.662 434.093 278.194 
563.921 265.549 505.124 278.345 438.0 277.185 
563.95 265.551 505.681 278.201 439.704 276.808 
563.91 265.568 506.475 278.029 442.001 276.333 
563.882 265.624 507.623 277.813 445.213 275.713 
563.86 265.63 507.988 277.737 446.339 275.478 
563.819 265.672 508.436 277.667 447.738 275.157 
563.864 265.714 509.122 277.418 449.45 274.666 
563.814 265.788 509.325 277.418 450.01 274.513 
563.795 265.851 509.579 277.36 450.777 274.396 
563.738 265.908 510.606 277.205 451.621 273.889 
563.704 265.932 510.699 277.145 451.859 273.772 
563.694 265.963 510.768 277.048 452.128 273.358 
563.647 265.96 510.07 276.863 452.428 273.023 
563.638 265.931 510.06 276.806 452.412 272.89 
563.635 265.886 509.999 276.733 452.173 272.794 
563.481 265.763 509.787 276.587 450.952 272.831 
563.441 265.741 509.556 276.595 450.267 273.004 
563.401 265.699 509.038 276.572 448.763 273.188 
563.298 265.612 508.014 276.522 445.78 273.501 
563.254 265.57 507.431 276.509 444.333 273.666 
563.149 265.569 506.655 276.466 442.054 273.995 
563.129 265.59 505.515 276.531 438.274 274.778 
563.11 265.596 504.978 276.623 436.801 275.11 
563.101 265.627 504.378 276.634 435.137 275.461 
563.098 265.626 503.217 276.748 431.908 276.026 
563.066 265.617 502.668 276.852 430.595 276.289 
563.033 265.637 502.604 276.995 428.586 276.624 
562.861 265.646 501.32 277.205 425.264 277.418 
562.832 265.663 500.706 277.363 423.919 277.82 
562.731 265.711 500.057 277.517 422.057 278.425 
562.609 265.74 498.245 277.947 419.198 279.858 
562.527 265.753 497.698 278.276 418.115 280.494 
562.295 265.841 496.959 278.748 416.598 281.519 
561.736 266.084 495.917 279.669 414.577 283.519 
561.589 266.141 495.54 280.163 413.958 284.451 
561.224 266.285 495.067 280.864 413.094 285.899 
560.604 266.525 494.903 281.786 412.081 288.191 
559.996 266.62 494.614 282.087 411.81 289.069 
559.363 266.734 494.231 282.586 411.782 290.54 
558.931 266.999 494.122 283.453 412.514 293.013 
558.733 267.057 494.117 283.884 413.023 294.062 
558.423 267.113 494.068 284.646 413.918 295.482 
557.293 267.227 494.221 285.634 415.444 297.21 
557.448 267.374 494.404 285.901 416.125 297.729 
557.256 267.384 494.824 286.336 418.315 298.29 
557.57 267.589 495.496 287.018 419.152 300.078 
557.481 267.584 495.749 287.253 419.919 300.577 
557.148 267.596 496.145 287.647 421.1 301.42 
556.202 267.452 496.887 287.964 423.205 302.699 
556.149 267.548 497.322 288.214 424.109 303.243 
555.955 267.613 497.81 289.06 425.53 304.033 
555.608 267.573 498.753 289.649 428.126 305.267 
555.483 267.573 499.436 289.568 429.928 305.511 
555.31 267.657 500.102 290.287 431.936 306.286 
554.822 267.726 502.173 291.25 435.521 307.997 
554.634 267.705 502.823 291.701 437.041 308.764 
554.078 267.673 503.767 292.274 439.463 310.01 
553.809 267.788 505.594 293.278 443.947 312.034 
553.687 267.816 506.338 293.711 445.816 312.885 
553.794 267.921 507.488 294.302 448.697 314.157 
553.552 267.959 509.602 295.371 453.679 316.52 
553.507 267.953 510.478 295.868 455.654 317.495 
553.507 268.039 511.912 296.602 458.714 318.982 
553.585 268.093 514.13 297.732 463.63 321.287 
553.66 268.108 514.987 298.129 465.589 322.213 
553.778 268.24 516.314 298.754 468.477 323.516 
554.001 268.397 518.43 299.683 473.168 325.602 
553.86 268.398 519.294 300.049 474.885 326.387 
554.301 268.485 520.453 300.561 477.343 327.431 
554.615 268.556 522.075 301.125 482.605 327.782 
554.769 268.605 522.645 301.275 481.778 329.057 
554.984 268.608 523.34 301.47 482.954 329.43 
555.352 268.596 523.902 301.502 485.562 328.505 
555.604 268.545 523.897 301.394 485.531 328.276 
555.958 268.49 523.637 301.199 484.739 327.906 
556.319 268.508 522.726 300.763 482.368 326.915 
556.451 268.501 522.233 300.565 480.916 326.478 
556.737 268.565 521.249 300.285 476.429 326.702 
557.146 268.544 519.309 299.621 471.362 325.305 
557.451 268.594 518.419 299.325 469.086 324.636 
557.752 268.668 516.933 298.833 465.558 323.596 
558.25 268.719 514.457 297.798 459.479 321.461 
558.379 268.734 513.462 297.317 457.1 320.412 
558.607 268.691 511.985 296.424 453.593 318.67 
559.086 268.603 509.727 294.897 448.061 315.423 
559.13 268.474 508.859 294.242 446.04 314.045 
559.034 268.334 507.612 293.176 443.15 311.957 
559.355 268.089 505.723 291.442 438.664 308.615 
559.436 268.023 505.049 290.774 436.958 307.371 
559.883 267.944 504.129 289.743 434.234 305.878 
560.884 267.872 502.678 288.295 430.108 303.113 
561.035 267.822 502.065 287.69 428.733 301.966 
560.889 267.672 500.685 287.44 427.378 300.344 
561.299 267.278 499.965 286.507 423.84 297.734 
561.124 267.226 499.761 286.225 422.791 296.797 
561.628 267.186 499.436 285.756 421.369 295.381 
562.068 267.044 498.925 285.113 419.241 293.059 
562.003 266.934 498.982 284.879 418.491 292.177 
561.507 266.783 498.609 284.441 417.513 290.936 
562.481 266.845 497.758 283.748 416.149 289.254 
562.551 266.792 497.687 283.506 415.722 288.631 
562.286 266.59 497.422 283.078 415.19 287.7 
562.708 266.496 497.578 282.444 414.463 286.378 
562.838 266.418 497.45 282.255 414.278 285.979 
562.876 266.406 497.44 281.873 414.092 285.255 
562.99 266.411 497.354 281.308 413.996 283.964 
563.042 266.389 497.357 281.038 414.071 283.385 
563.119 266.356 497.434 280.61 414.257 282.417 
563.223 266.286 497.618 279.925 414.797 280.819 
563.233 266.273 497.722 279.708 415.156 280.168 
563.29 266.193 497.921 279.397 415.756 279.175 
563.349 266.099 498.365 278.797 417.179 277.652 
563.368 266.051 498.577 278.548 417.808 277.009 
563.352 265.954 498.882 278.187 418.885 276.097 
563.357 265.788 499.426 277.564 420.994 274.548 
563.299 265.772 499.655 277.316 421.911 273.937 
563.267 265.732 500.056 276.898 423.47 273.051 
563.244 265.63 500.8 276.241 426.37 271.573 
563.23 265.602 500.433 275.931 427.615 271.048 
563.175 265.573 500.98 275.632 429.598 270.372 
563.074 265.578 501.932 275.219 432.555 269.468 
563.035 265.567 503.041 275.121 433.87 269.103 
562.955 265.577 503.582 274.922 435.662 268.718 
562.658 265.617 503.517 274.697 438.16 268.176 
562.605 265.64 503.697 274.642 439.013 267.981 
562.491 265.664 503.952 274.531 440.111 267.67 
562.091 265.735 504.15 274.322 441.274 267.157 
562.01 265.741 504.206 274.302 441.674 266.986 
561.708 265.732 504.216 274.28 442.077 266.81 
561.727 265.74 504.252 274.2 442.455 266.625 
561.649 265.772 504.921 274.285 442.582 266.607 
561.53 265.763 504.172 274.246 442.686 266.686 
561.199 265.773 503.999 274.328 442.639 266.896 
561.131 265.757 503.845 274.373 442.459 266.992 
561.054 265.745 504.401 274.437 441.969 267.158 
560.912 265.713 503.097 274.521 440.426 267.515 
560.865 265.689 502.791 274.586 439.485 267.757 
560.765 265.665 502.301 274.648 437.823 268.075 
560.683 265.584 501.215 274.709 434.396 268.7 
560.634 265.554 500.689 274.732 432.778 268.997 
560.536 265.467 499.908 274.828 430.297 269.538 
560.441 265.419 498.437 275.017 426.415 270.66 
560.308 265.473 497.969 275.073 424.773 271.221 
560.274 265.449 497.436 275.115 422.486 272.105 
560.296 265.368 496.343 275.357 419.245 273.414 
560.266 265.35 496.012 275.401 418.171 273.873 
560.294 265.319 495.578 275.568 416.779 274.453 
560.317 265.322 495.349 275.889 414.613 275.252 
560.276 265.324 494.342 275.957 413.787 275.516 
560.252 265.355 493.847 276.123 412.636 275.815 
560.151 265.403 493.274 276.267 411.039 276.646 
560.053 265.437 493.719 276.388 410.563 277.022 
559.969 265.449 493.357 276.68 409.899 277.565 
559.537 265.545 492.931 277.022 409.159 278.471 
559.428 265.577 492.77 277.27 408.964 278.856 
559.179 265.702 492.661 277.66 408.855 279.493 
558.831 265.919 492.522 278.427 408.937 280.627 
558.556 266.001 492.548 278.698 409.119 281.135 
558.216 266.025 492.062 279.134 409.612 282.063 
558.091 266.256 492.563 280.069 411.014 284.202 
556.523 265.765 492.732 280.439 411.778 285.221 
557.044 266.195 492.877 280.993 413.199 286.874 
556.598 265.995 493.743 282.355 416.087 289.983 
556.059 266.408 494.185 283.074 417.376 291.4 
555.669 266.518 494.771 283.95 419.448 293.465 
555.025 266.554 496.388 285.459 423.916 296.566 
554.902 266.569 497.72 286.042 425.389 297.942 
554.714 266.621 498.569 286.789 427.749 299.443 
554.511 266.652 500.015 288.081 431.421 301.975 
554.465 266.674 500.53 288.455 432.805 302.924 
554.479 266.697 501.331 289.013 434.779 304.099 
554.549 266.744 502.743 289.964 437.809 306.228 
554.6 266.804 503.296 290.361 438.987 306.987 
554.633 266.861 504.115 290.945 440.792 308.115 
554.717 267.018 505.573 292.07 443.673 310.225 
554.667 267.115 506.182 292.573 444.894 311.108 
554.652 267.219 507.143 293.338 446.81 312.515 
554.577 267.46 508.749 294.736 450.234 315.22 
554.141 267.547 509.381 295.288 451.755 316.318 
554.01 267.661 510.383 296.146 454.078 318.147 
554.09 268.005 512.011 297.581 458.103 320.97 
554.016 268.135 512.731 298.138 459.674 322.084 
553.911 268.215 513.843 298.928 462.029 323.584 
553.944 268.365 515.557 300.028 465.83 325.858 
553.991 268.43 516.275 300.445 467.249 326.663 
554.025 268.523 517.253 301.018 469.205 327.871 
554.114 268.699 518.55 301.696 472.283 329.352 
554.258 268.753 519.016 301.85 473.328 329.722 
554.425 268.83 519.607 302.019 474.667 330.15 
554.651 268.886 520.428 302.168 476.196 330.4 
554.789 268.94 520.618 302.16 476.535 330.357 
554.953 268.913 520.765 302.089 476.66 330.16 
555.1 268.836 520.603 301.769 475.915 329.51 
555.44 268.843 520.35 301.589 475.269 329.12 
555.371 268.707 519.818 301.273 473.966 328.513 
555.48 268.652 518.612 300.731 470.956 327.328 
555.545 268.647 518.052 300.5 469.42 326.789 
555.713 268.608 516.988 300.072 466.881 325.856 
555.933 268.547 514.945 299.175 462.143 324.076 
556.035 268.484 514.097 298.785 460.233 323.297 
556.264 268.492 512.718 298.174 457.239 322.094 
556.828 268.533 510.433 297.019 452.179 319.802 
556.857 268.53 510.015 296.8 451.194 319.335 
557.054 268.512 508.327 295.86 447.383 317.49 
557.265 268.416 506.416 294.702 442.987 315.218 
557.342 268.38 506.041 294.451 442.133 314.745 
557.507 268.306 504.771 293.502 438.979 312.906 
557.845 268.177 503.365 292.175 435.265 310.334 
557.941 268.171 503.169 291.829 434.553 309.851 
558.255 268.1 501.621 291.369 431.105 308.26 
558.594 268.107 500.92 290.646 429.176 306.66 
558.769 267.775 499.878 289.475 426.532 303.781 
559.172 267.908 499.202 288.791 424.959 302.921 
558.136 267.395 498.653 288.082 423.358 301.257 
559.28 267.628 497.795 286.887 420.959 298.75 
559.994 267.7 497.519 286.391 420.108 297.809 
560.15 267.533 497.126 285.842 418.919 296.503 
560.592 267.503 496.632 284.907 417.199 294.483 
561.095 267.64 496.754 284.649 416.632 293.702 
560.884 267.494 496.543 284.116 415.851 292.544 
561.34 267.511 496.383 283.282 414.821 290.732 
561.458 267.516 496.591 282.916 414.565 289.93 
561.576 267.463 496.608 282.455 414.267 288.871 
562.181 267.41 496.779 281.663 413.965 287.04 
562.284 267.347 496.808 281.395 413.917 286.32 
562.57 267.229 497.055 280.811 413.935 285.186 
562.793 267.074 497.339 279.953 414.12 283.402 
562.673 266.907 497.43 279.653 414.278 282.681 
562.892 266.827 497.699 279.105 414.506 281.669 
563.131 266.742 498.141 278.442 415.181 279.921 
563.244 266.67 498.35 278.188 415.467 279.27 
563.373 266.643 498.686 277.789 416.026 278.255 
563.534 266.619 499.282 277.215 417.137 276.64 
563.591 266.615 499.527 277.006 417.678 276.045 
563.723 266.581 499.956 276.715 418.598 275.041 
563.921 266.543 500.726 276.258 420.409 273.362 
563.943 266.526 500.358 276.113 421.265 272.662 
564.012 266.542 500.849 275.864 422.682 271.537 
564.149 266.5 502.474 275.344 425.421 269.695 
564.498 266.478 502.19 275.145 426.602 269.039 
564.246 266.392 502.801 274.88 428.491 268.086 
564.352 266.313 503.796 274.55 431.939 266.585 
564.342 266.292 504.21 274.436 433.073 266.088 
564.336 266.245 505.565 274.294 435.229 265.333 
564.605 266.127 505.773 274.211 438.88 264.363 
564.289 266.071 506.059 274.229 440.237 264.087 
564.096 266.068 506.445 274.272 442.142 263.698 
563.926 266.044 507.053 274.175 445.31 263.097 
564.234 265.991 507.242 274.093 445.663 262.936 
563.786 265.984 507.478 274.04 447.402 262.724 
563.889 266.029 507.79 274.016 449.027 262.453 
563.802 266.037 507.871 274.012 449.566 262.453 
563.447 266.092 507.948 274.03 449.942 262.457 
563.295 266.11 507.95 273.988 449.967 262.29 
563.542 266.144 507.913 273.847 449.895 262.141 
563.534 266.141 507.797 273.612 449.683 261.879 
563.522 266.133 507.521 273.36 449.217 261.576 
563.506 266.142 507.414 273.314 448.952 261.516 
563.506 266.154 508.017 273.309 448.325 261.501 
563.573 266.184 506.922 273.224 446.823 261.575 
563.614 266.176 506.751 273.194 445.46 261.646 
563.349 266.159 506.35 273.111 444.027 261.741 
563.525 266.088 506.454 272.658 441.014 262.022 
564.159 265.866 505.426 272.407 439.683 262.198 
564.191 265.811 505.653 272.349 437.447 262.536 
564.128 265.736 503.654 272.443 433.541 263.507 
564.083 265.738 503.061 272.55 431.991 264.008 
564.064 265.753 502.285 272.648 429.556 264.688 
563.954 265.694 501.024 272.857 425.976 265.94 
563.899 265.734 500.443 273.039 424.486 266.549 
563.858 265.794 500.468 273.273 422.409 267.447 
563.482 266.007 499.456 273.727 419.681 269.04 
563.481 265.981 499.052 273.997 418.733 269.622 
563.43 266.056 498.44 274.283 417.428 270.373 
563.06 266.072 497.631 274.679 415.655 271.534 
563.039 266.084 497.361 274.848 415.059 271.991 
563.18 266.111 497.087 275.08 414.242 272.822 
562.906 266.022 496.601 275.836 413.375 274.416 
562.756 266.109 496.501 276.15 413.196 275.12 
562.62 266.169 496.367 276.663 412.988 276.203 
562.337 266.354 496.263 277.389 412.897 278.03 
562.192 266.384 496.222 277.775 412.938 278.905 
561.802 266.503 496.165 278.402 413.136 280.307 
560.91 266.527 495.696 279.671 413.815 283.059 
561.47 266.818 495.773 280.153 414.193 284.178 
561.083 266.888 496.197 281.042 414.856 285.951 
559.331 266.554 496.534 282.317 416.321 289.057 
559.79 266.868 496.736 282.906 417.053 290.299 
559.41 266.884 496.842 283.747 418.298 292.386 
559.141 266.999 497.729 285.514 420.821 296.003 
558.514 266.955 497.995 286.217 421.937 297.571 
557.909 267.025 498.886 287.308 423.716 299.853 
557.132 267.19 500.47 289.527 427.03 303.356 
556.783 267.152 501.087 290.3 428.527 304.859 
556.268 267.289 502.122 291.478 431.001 307.144 
555.692 267.376 504.595 293.067 436.434 310.777 
555.479 267.424 505.309 293.935 438.508 312.442 
555.057 267.522 506.546 295.082 441.692 314.964 
554.397 267.81 508.648 297.011 447.18 319.162 
554.202 267.93 509.454 297.695 449.374 320.705 
553.98 268.055 510.747 298.797 452.74 323.043 
553.502 268.258 513.115 300.635 458.55 326.897 
553.302 268.33 514.153 301.376 460.954 328.395 
553.128 268.432 515.7 302.484 464.518 330.585 
552.82 268.536 518.26 304.055 470.692 333.941 
552.548 268.688 519.385 304.646 473.185 335.219 
552.372 268.798 520.92 305.424 476.814 336.937 
552.21 268.857 523.318 306.427 482.417 339.257 
552.213 268.86 524.148 306.674 484.357 339.895 
552.256 268.873 525.28 306.977 486.905 340.664 
552.488 268.83 526.667 307.265 489.97 341.292 
552.622 268.834 527.096 307.25 490.794 341.329 
552.856 268.751 527.507 307.161 491.644 341.268 
553.294 268.519 527.857 306.974 492.02 340.855 
553.301 268.633 527.823 306.878 491.769 340.659 
553.457 268.59 527.493 306.675 491.009 340.185 
553.574 268.424 526.654 306.253 488.819 339.286 
553.628 268.355 526.233 306.014 487.696 338.864 
553.629 268.314 525.35 305.725 485.574 338.172 
553.621 268.194 523.393 304.998 481.176 336.707 
553.822 268.057 522.498 304.664 479.192 336.014 
553.749 267.943 521.051 304.121 475.932 334.795 
553.759 267.739 518.375 303.03 470.019 332.554 
553.754 267.648 517.243 302.576 467.532 331.544 
553.776 267.517 515.55 301.817 463.771 329.993 
553.863 267.244 512.699 300.385 457.427 327.123 
553.88 267.166 511.547 299.814 454.968 325.915 
553.902 267.003 509.799 298.86 451.257 324.15 
553.688 266.713 507.143 297.278 445.436 320.823 
553.714 266.648 506.088 296.599 443.191 319.536 
554.236 266.465 504.629 295.543 439.989 317.434 
554.547 266.291 502.435 293.821 434.966 313.962 
554.706 266.196 501.583 293.097 433.022 312.612 
554.926 266.076 500.001 292.557 429.502 310.907 
555.337 265.826 498.303 290.682 425.313 307.156 
555.483 265.749 497.715 289.96 423.79 305.634 
555.912 265.576 497.001 289.085 422.218 303.137 
556.116 265.484 495.808 287.53 418.41 299.916 
556.559 265.525 495.348 286.953 417.217 298.542 
556.288 265.173 494.652 286.014 415.568 296.601 
556.336 264.907 493.358 284.492 413.185 293.58 
556.414 264.827 493.053 283.904 412.346 292.506 
556.544 264.71 492.902 283.276 411.152 290.949 
557.851 264.568 492.326 281.932 409.444 288.319 
557.522 264.311 492.162 281.44 408.849 287.146 
557.55 264.199 491.62 280.647 408.077 285.472 
557.773 264.057 491.899 279.556 407.125 282.73 
558.158 264.032 491.83 279.168 406.891 281.756 
558.289 263.964 491.804 278.498 406.742 280.353 
558.388 263.818 491.984 277.58 407.009 278.335 
558.45 263.745 492.095 277.234 407.265 277.59 
558.497 263.7 492.308 276.742 407.791 276.4 
558.416 263.635 492.574 276.094 409.117 274.389 
558.369 263.627 492.739 275.784 409.737 273.604 
558.28 263.544 493.098 275.258 410.824 272.394 
558.117 263.427 493.046 274.524 413.061 270.61 
557.967 263.456 494.06 274.285 414.071 269.967 
557.835 263.395 494.605 273.85 415.646 268.971 
557.675 263.278 494.888 273.088 418.579 267.498 
557.557 263.189 495.301 272.824 419.822 266.925 
557.461 263.234 496.728 272.495 421.669 266.128 
557.263 263.165 497.855 271.984 424.635 264.818 
556.82 263.179 497.497 271.713 425.852 264.251 
557.075 263.189 498.215 271.308 427.8 263.439 
557.107 263.134 500.096 270.761 430.682 262.218 
557.056 263.157 499.641 270.546 431.733 261.791 
557.0 263.199 500.146 270.323 433.154 261.279 
556.856 263.306 500.81 270.108 435.52 260.574 
556.711 263.39 501.747 270.148 435.632 260.29 
556.62 263.442 502.011 269.983 436.468 259.888 
556.439 263.466 501.595 269.597 436.861 259.813 
556.326 263.471 501.6 269.586 436.669 259.947 
556.117 263.542 501.535 269.544 436.484 260.043 
555.883 263.581 501.254 269.607 436.304 260.274 
555.709 263.606 501.157 269.679 436.215 260.497 
555.622 263.636 500.982 269.795 436.09 260.657 
555.374 263.679 501.597 269.978 435.937 260.741 
555.321 263.693 501.543 270.011 435.905 260.796 
555.259 263.712 501.467 270.058 435.903 260.845 
555.091 263.789 500.62 270.073 435.937 260.824 
555.052 263.786 500.629 270.07 435.945 260.807 
555.017 263.808 501.461 270.112 435.995 260.774 
554.938 263.836 501.412 270.241 436.091 260.825 
554.903 263.855 501.412 270.291 436.095 260.884 
554.683 263.999 501.429 270.348 436.112 260.984 
554.632 264.023 501.395 270.475 436.107 261.161 
554.61 264.025 501.338 270.553 436.099 261.273 
554.56 264.063 501.266 270.614 436.07 261.353 
554.503 264.081 501.254 270.687 436.017 261.535 
554.477 264.079 501.242 270.752 436.029 261.666 
554.429 264.105 500.471 270.807 436.119 261.891 
554.423 264.15 500.51 270.988 436.294 262.167 
554.419 264.168 500.494 271.048 436.34 262.301 
554.403 264.201 501.237 271.185 436.293 262.448 
554.303 264.221 500.333 271.255 436.136 262.629 
554.284 264.222 500.284 271.269 436.086 262.665 
554.43 264.209 500.258 271.168 435.766 262.8 
554.941 263.999 500.451 270.784 434.31 263.235 
554.972 263.972 500.311 270.834 433.282 263.646 
555.043 263.922 500.451 271.176 431.312 264.406 
554.951 263.957 498.079 271.574 427.774 265.47 
554.951 263.932 497.373 271.654 426.207 265.957 
554.99 263.867 496.626 271.611 424.186 266.685 
554.978 263.758 496.09 272.176 420.564 268.679 
554.975 263.754 495.324 272.651 419.129 269.57 
554.972 263.707 493.484 273.13 416.929 270.684 
554.932 263.676 492.487 273.628 413.037 271.952 
554.837 263.657 491.752 273.818 411.448 272.566 
554.697 263.625 490.753 274.186 409.163 273.737 
554.316 263.759 489.223 275.311 405.786 276.363 
554.145 263.781 488.627 275.825 404.65 277.612 
553.714 263.787 487.715 276.862 403.25 279.759 
553.214 263.93 486.802 278.842 401.982 284.279 
552.878 264.121 486.591 279.712 401.846 286.307 
552.144 264.37 486.373 281.246 402.169 289.487 
550.836 264.898 486.496 284.134 404.02 295.437 
550.202 264.902 486.291 285.351 405.312 297.879 
549.666 265.2 487.028 287.132 407.743 301.662 
548.473 265.755 488.758 290.245 412.922 307.755 
547.937 265.946 489.676 291.523 415.336 310.084 
547.256 266.244 491.187 293.195 420.081 313.074 
546.48 266.655 494.735 295.477 427.25 318.278 
546.355 266.708 495.142 295.952 428.778 319.251 
545.671 266.892 497.434 297.691 434.839 322.923 
545.355 267.142 500.492 299.621 442.322 326.916 
545.207 267.235 501.145 300.024 443.83 327.64 
545.141 267.674 503.753 301.452 449.646 330.309 
544.844 267.901 507.185 303.153 456.831 333.299 
544.798 267.953 507.856 303.455 458.23 333.85 
544.552 268.1 510.497 304.58 463.881 335.777 
544.267 268.29 513.665 305.63 470.885 337.95 
544.234 268.308 514.257 305.783 472.245 338.366 
544.128 268.397 516.367 306.366 477.428 339.767 
544.043 268.494 518.675 306.924 482.99 341.077 
544.003 268.503 519.088 306.976 483.967 341.212 
543.868 268.482 520.433 307.126 487.332 341.803 
543.953 268.439 521.669 307.208 490.257 342.043 
543.968 268.421 521.845 307.204 490.634 342.055 
544.049 268.34 522.306 307.055 491.577 341.959 
544.167 268.196 522.276 306.812 491.312 341.462 
544.198 268.17 522.185 306.748 491.063 341.338 
544.391 268.066 521.538 306.354 489.439 340.682 
544.648 267.842 520.179 305.862 486.227 339.76 
544.721 267.812 519.869 305.748 485.442 339.504 
545.006 267.731 518.276 305.212 481.805 338.574 
544.835 267.489 515.88 304.523 476.187 337.241 
544.96 267.392 515.326 304.367 474.947 336.898 
545.564 267.155 512.983 303.666 469.587 335.42 
545.709 267.055 509.913 302.573 462.202 333.154 
545.811 266.994 509.252 302.297 460.686 332.618 
545.966 266.858 506.746 301.187 454.647 330.238 
546.334 266.581 503.714 299.636 447.316 326.972 
546.348 266.569 503.146 299.305 445.872 326.224 
546.817 266.269 500.816 297.856 440.254 323.261 
546.892 266.021 498.015 296.016 433.689 319.349 
547.021 265.905 497.524 295.657 432.427 318.535 
547.232 265.709 495.533 294.09 427.574 315.219 
547.877 265.408 492.743 292.61 420.02 312.294 
547.967 265.389 492.339 292.244 419.416 311.364 
548.403 265.141 490.775 290.802 416.945 307.085 
548.791 265.078 488.933 288.981 411.832 303.118 
548.881 265.071 488.641 288.63 411.882 302.304 
549.277 264.566 487.096 287.309 407.507 299.801 
549.868 264.272 486.157 285.523 404.277 296.01 
549.942 264.185 485.963 285.198 403.722 295.298 
550.242 264.034 485.27 283.945 401.841 292.621 
550.878 263.989 485.039 282.441 400.215 289.272 
550.955 263.939 484.981 282.145 399.968 288.613 
551.3 263.718 484.664 281.029 399.201 285.967 
551.506 263.512 484.581 279.684 398.84 282.845 
551.486 263.437 484.506 279.53 398.881 282.221 
551.545 263.314 484.622 278.612 399.267 279.775 
551.644 263.217 484.809 277.966 399.849 278.009 
551.647 263.127 485.239 277.13 401.382 275.138 
551.636 263.071 485.505 276.724 402.173 274.031 
551.657 262.977 485.879 276.234 403.6 272.608 
551.573 262.945 486.827 275.394 406.53 270.645 
551.531 262.972 487.256 275.143 407.937 269.943 
551.126 262.963 487.949 274.862 410.222 269.14 
550.647 263.225 488.45 274.398 414.449 267.879 
550.87 263.161 489.753 274.291 415.861 267.596 
550.643 263.299 489.79 273.976 418.423 267.021 
550.101 263.43 491.02 273.781 422.405 266.334 
549.984 263.469 492.23 273.723 423.655 266.145 
549.845 263.533 492.112 273.483 425.362 265.891 
549.718 263.637 492.711 273.542 427.469 265.929 
549.546 263.709 492.97 273.51 428.193 265.957 
549.21 263.898 493.2 273.595 429.121 266.058 
548.805 264.085 493.366 273.834 429.819 266.594 
548.653 264.132 493.332 273.958 429.68 267.038 
548.521 264.195 493.939 274.299 429.418 267.522 
548.051 264.437 492.837 274.385 429.017 267.761 
548.111 264.377 492.765 274.325 428.862 267.787 
547.926 264.474 492.595 274.333 428.747 267.849 
547.299 264.576 492.442 274.262 428.628 267.557 
547.305 264.633 492.381 274.216 428.662 267.415 
547.247 264.643 492.299 274.107 428.62 267.195 
546.901 264.754 492.149 273.997 428.607 266.813 
546.826 264.766 492.103 273.958 428.604 266.643 
546.743 264.77 492.051 273.904 428.633 266.445 
546.831 264.672 492.015 273.854 428.798 266.218 
546.839 264.667 492.019 273.829 428.88 266.176 
546.82 264.651 492.025 273.792 429.024 266.148 
546.832 264.632 492.11 273.689 429.189 266.036 
546.834 264.61 492.128 273.659 429.27 265.996 
546.838 264.607 492.166 273.652 429.411 265.987 
546.789 264.606 492.203 273.692 429.663 266.068 
546.708 264.579 492.211 273.716 429.788 266.109 
546.727 264.584 492.224 273.776 429.94 266.213 
546.639 264.606 492.288 273.906 430.107 266.497 
546.632 264.626 492.327 273.977 430.169 266.633 
