0.672686 -1.4907 -0.764251 0.431322 -1.40836 -0.702664 0.160279 -1.34868 -0.580773 
0.67234 -1.49051 -0.764145 0.430191 -1.40831 -0.706874 0.157283 -1.34844 -0.588563 
0.671704 -1.49025 -0.764005 0.428401 -1.40844 -0.713649 0.153065 -1.34791 -0.601389 
0.670756 -1.48991 -0.764095 0.428468 -1.40849 -0.725159 0.146876 -1.34713 -0.623092 
0.670639 -1.48967 -0.764181 0.425521 -1.40823 -0.728642 0.144445 -1.34679 -0.63206 
0.669711 -1.48921 -0.764333 0.424584 -1.40806 -0.735053 0.141381 -1.34625 -0.645424 
0.668787 -1.48875 -0.764955 0.42529 -1.40756 -0.747303 0.136771 -1.34508 -0.668839 
0.668198 -1.48848 -0.765042 0.422866 -1.40726 -0.750768 0.135115 -1.34454 -0.67805 
0.667645 -1.48831 -0.765549 0.424219 -1.40711 -0.758086 0.133019 -1.34363 -0.692326 
0.665848 -1.4881 -0.765922 0.423851 -1.40636 -0.769464 0.130601 -1.34206 -0.716081 
0.665364 -1.4878 -0.766239 0.423941 -1.40618 -0.773849 0.1298 -1.3414 -0.725608 
0.665871 -1.48765 -0.767122 0.423863 -1.40585 -0.780421 0.128905 -1.34067 -0.739922 
0.665214 -1.48762 -0.767785 0.424421 -1.40581 -0.791266 0.128049 -1.33998 -0.764082 
0.663676 -1.48756 -0.767694 0.424629 -1.40564 -0.795898 0.12772 -1.3395 -0.773866 
0.663114 -1.48754 -0.768044 0.425111 -1.40528 -0.802322 0.128932 -1.33818 -0.781688 
0.66346 -1.48754 -0.769221 0.424735 -1.40529 -0.812335 0.129879 -1.33822 -0.804824 
0.663177 -1.48759 -0.76948 0.427123 -1.40547 -0.817024 0.130521 -1.3382 -0.814002 
0.662512 -1.48762 -0.769777 0.426348 -1.40525 -0.823068 0.131776 -1.3381 -0.827727 
0.661685 -1.48773 -0.770386 0.428497 -1.40491 -0.833194 0.134734 -1.33766 -0.850537 
0.660434 -1.48764 -0.769632 0.429543 -1.4047 -0.837475 0.136201 -1.33743 -0.8596 
0.660105 -1.48772 -0.769804 0.431235 -1.4043 -0.84368 0.138849 -1.33689 -0.873482 
0.660667 -1.48791 -0.771447 0.433862 -1.40423 -0.853441 0.143792 -1.33584 -0.897054 
0.660326 -1.4878 -0.771497 0.434931 -1.40443 -0.857603 0.146069 -1.33568 -0.906373 
0.660107 -1.48776 -0.771762 0.436974 -1.40405 -0.863719 0.152486 -1.33731 -0.923771 
0.657495 -1.48762 -0.771128 0.440673 -1.40313 -0.873441 0.15809 -1.33209 -0.945196 
0.657203 -1.48759 -0.77117 0.442287 -1.40267 -0.877872 0.159262 -1.32964 -0.952103 
0.656789 -1.48752 -0.771327 0.445044 -1.4019 -0.883749 0.162581 -1.32732 -0.963386 
0.65745 -1.48739 -0.771881 0.450643 -1.40176 -0.894313 0.177677 -1.32978 -0.991689 
0.657222 -1.48742 -0.771858 0.452874 -1.40092 -0.897236 0.18168 -1.32856 -1.00005 
0.656501 -1.48735 -0.771631 0.455623 -1.3999 -0.902369 0.18854 -1.32667 -1.01294 
0.656004 -1.4874 -0.771323 0.463945 -1.39809 -0.908139 0.200193 -1.32333 -1.03347 
0.654764 -1.48759 -0.770652 0.466259 -1.39771 -0.911079 0.205206 -1.32198 -1.04137 
0.654446 -1.4878 -0.770141 0.469995 -1.39681 -0.915309 0.21321 -1.31988 -1.05315 
0.65561 -1.48815 -0.76972 0.476189 -1.39618 -0.92226 0.226888 -1.31707 -1.07206 
0.655506 -1.48835 -0.76949 0.47868 -1.39606 -0.924782 0.232678 -1.31655 -1.07971 
0.655587 -1.48865 -0.769254 0.482637 -1.39626 -0.928891 0.241365 -1.31583 -1.09064 
0.655891 -1.48932 -0.768989 0.489619 -1.39685 -0.935394 0.256832 -1.31585 -1.10886 
0.655919 -1.48979 -0.768937 0.492638 -1.39717 -0.938022 0.263461 -1.31627 -1.11621 
0.655113 -1.49057 -0.768525 0.497428 -1.39812 -0.941961 0.274108 -1.31691 -1.12677 
0.656455 -1.49183 -0.768617 0.506301 -1.40018 -0.949012 0.288139 -1.31942 -1.14927 
0.656651 -1.49252 -0.76855 0.510206 -1.40094 -0.952023 0.295995 -1.32059 -1.15696 
0.658708 -1.49354 -0.768603 0.516243 -1.40242 -0.956219 0.308538 -1.32284 -1.16812 
0.659782 -1.49506 -0.768693 0.52653 -1.40523 -0.962742 0.330258 -1.32707 -1.18611 
0.660486 -1.49579 -0.768722 0.530651 -1.40641 -0.965072 0.339042 -1.3284 -1.19263 
0.661466 -1.49683 -0.768475 0.536578 -1.40808 -0.968103 0.351612 -1.33035 -1.2013 
0.663568 -1.49898 -0.768533 0.54558 -1.41066 -0.972425 0.369741 -1.33386 -1.2127 
0.664256 -1.49944 -0.768463 0.548612 -1.41145 -0.973668 0.375647 -1.33517 -1.21641 
0.665266 -1.50013 -0.768166 0.552742 -1.41272 -0.975226 0.383251 -1.3366 -1.22083 
0.666999 -1.50108 -0.767905 0.557585 -1.41429 -0.976787 0.392035 -1.33883 -1.22514 
0.667553 -1.50129 -0.767852 0.558859 -1.41481 -0.977124 0.394324 -1.33941 -1.22619 
0.668461 -1.5015 -0.767831 0.560042 -1.41493 -0.97731 0.396316 -1.33982 -1.22714 
0.669375 -1.50161 -0.767433 0.560245 -1.41518 -0.97656 0.396793 -1.33965 -1.22618 
0.6696 -1.50164 -0.767237 0.560145 -1.41522 -0.976127 0.396126 -1.33946 -1.2252 
0.669904 -1.50166 -0.767054 0.559682 -1.41514 -0.975451 0.394253 -1.33922 -1.22392 
0.670194 -1.50138 -0.766806 0.558563 -1.41487 -0.974352 0.390014 -1.33912 -1.22081 
0.670221 -1.50128 -0.766711 0.557922 -1.41486 -0.973972 0.387785 -1.33921 -1.21924 
0.670184 -1.50116 -0.766549 0.555938 -1.4149 -0.972705 0.383811 -1.33945 -1.2166 
0.669116 -1.50133 -0.765561 0.552461 -1.41509 -0.969931 0.375416 -1.33968 -1.21056 
0.669076 -1.50125 -0.765257 0.550358 -1.41543 -0.968586 0.370948 -1.34036 -1.20732 
0.670129 -1.50103 -0.76512 0.546466 -1.41585 -0.966036 0.363128 -1.34141 -1.20203 
0.670421 -1.50111 -0.764316 0.539346 -1.41645 -0.961109 0.347355 -1.34312 -1.19023 
0.670545 -1.50097 -0.764254 0.536108 -1.41659 -0.958691 0.34016 -1.34377 -1.18451 
0.67061 -1.50083 -0.76409 0.530983 -1.41675 -0.954752 0.328883 -1.34459 -1.1752 
0.670597 -1.50054 -0.76361 0.521886 -1.41704 -0.947379 0.30869 -1.34595 -1.1574 
0.670568 -1.50035 -0.763455 0.518097 -1.41697 -0.944271 0.300424 -1.34627 -1.14969 
0.670444 -1.49997 -0.763218 0.512324 -1.41665 -0.938898 0.29395 -1.34676 -1.13215 
0.670247 -1.49933 -0.762661 0.502859 -1.4161 -0.929607 0.271643 -1.34643 -1.11077 
0.67013 -1.49911 -0.762474 0.499179 -1.41577 -0.925617 0.263797 -1.34652 -1.10146 
0.669994 -1.49884 -0.762019 0.493586 -1.41552 -0.919363 0.251843 -1.34665 -1.08662 
0.669884 -1.49855 -0.761248 0.484932 -1.41509 -0.908845 0.233917 -1.34646 -1.06204 
0.669791 -1.49844 -0.760962 0.481703 -1.41496 -0.90451 0.227208 -1.34667 -1.0521 
0.669417 -1.49815 -0.760223 0.477072 -1.41477 -0.898226 0.217885 -1.34693 -1.03763 
0.668874 -1.49804 -0.759494 0.469843 -1.41472 -0.887087 0.203334 -1.34711 -1.0123 
0.669199 -1.49821 -0.759057 0.467265 -1.4147 -0.882731 0.198124 -1.3473 -1.00219 
0.669328 -1.4982 -0.758679 0.463319 -1.41493 -0.875849 0.190124 -1.34817 -0.98637 
0.669487 -1.49813 -0.757921 0.457831 -1.41631 -0.86503 0.176988 -1.34803 -0.95808 
0.669638 -1.498 -0.757491 0.453306 -1.41324 -0.856268 0.171215 -1.34725 -0.945621 
0.670043 -1.49794 -0.757122 0.44879 -1.41528 -0.854002 0.165133 -1.34818 -0.929245 
0.670856 -1.49826 -0.757202 0.444073 -1.41562 -0.841221 0.158999 -1.35235 -0.90467 
0.671828 -1.49811 -0.756887 0.442386 -1.41579 -0.835723 0.153329 -1.35038 -0.889958 
0.672324 -1.49849 -0.755807 0.439918 -1.41586 -0.827866 0.148989 -1.3514 -0.872211 
0.675532 -1.49862 -0.755354 0.436674 -1.41631 -0.813627 0.1429 -1.35333 -0.841437 
0.674077 -1.49884 -0.753852 0.435644 -1.41663 -0.80766 0.144703 -1.3564 -0.833541 
0.675582 -1.4989 -0.753579 0.434278 -1.41722 -0.798794 0.138626 -1.35538 -0.809693 
0.67744 -1.49906 -0.752471 0.432696 -1.4178 -0.784413 0.135995 -1.35802 -0.777503 
0.67768 -1.49911 -0.752303 0.432524 -1.41798 -0.781096 0.135689 -1.35861 -0.771086 
0.679071 -1.49921 -0.751865 0.433701 -1.41885 -0.770061 0.135282 -1.36083 -0.745339 
0.680506 -1.49933 -0.751508 0.433756 -1.41942 -0.76149 0.134867 -1.36349 -0.732177 
0.681338 -1.49963 -0.750985 0.434719 -1.42084 -0.747379 0.137535 -1.3671 -0.698744 
0.682274 -1.49977 -0.75097 0.435359 -1.42127 -0.741712 0.139199 -1.36823 -0.685576 
0.683749 -1.50001 -0.750777 0.436378 -1.42178 -0.733497 0.142122 -1.37033 -0.66615 
0.687227 -1.50078 -0.750686 0.438789 -1.42295 -0.719462 0.148525 -1.37381 -0.633829 
0.688115 -1.50095 -0.750581 0.439881 -1.42321 -0.714117 0.151712 -1.3749 -0.620866 
0.689089 -1.50096 -0.750496 0.441621 -1.4235 -0.706473 0.156954 -1.37647 -0.60154 
0.691179 -1.50126 -0.750357 0.445198 -1.42362 -0.692307 0.167012 -1.37861 -0.570079 
0.691674 -1.50133 -0.750319 0.44677 -1.42365 -0.686927 0.171806 -1.37888 -0.557389 
0.692508 -1.50145 -0.750231 0.446897 -1.42339 -0.678088 0.179414 -1.37968 -0.538251 
0.693476 -1.50117 -0.749599 0.453774 -1.42329 -0.665435 0.193608 -1.38086 -0.50661 
0.693713 -1.50112 -0.749456 0.455711 -1.42306 -0.65984 0.199628 -1.38109 -0.494534 
0.694304 -1.50128 -0.749245 0.45643 -1.42269 -0.650788 0.209027 -1.38138 -0.476661 
0.694503 -1.50123 -0.748992 0.461585 -1.42219 -0.638487 0.225361 -1.38154 -0.4487 
0.694636 -1.50121 -0.748778 0.463634 -1.42212 -0.633559 0.231978 -1.38153 -0.438124 
0.694481 -1.50118 -0.74837 0.469362 -1.42195 -0.627398 0.242227 -1.38165 -0.42282 
0.694569 -1.50102 -0.748078 0.471886 -1.42123 -0.615937 0.257054 -1.3821 -0.403174 
0.694672 -1.50098 -0.747905 0.473971 -1.42122 -0.612441 0.263369 -1.38222 -0.395506 
0.694503 -1.50086 -0.747645 0.476945 -1.42103 -0.607165 0.271833 -1.38227 -0.385228 
0.694387 -1.50061 -0.747523 0.481218 -1.42068 -0.599816 0.283496 -1.38231 -0.371677 
0.694302 -1.50059 -0.747555 0.482566 -1.42067 -0.59791 0.287503 -1.38248 -0.367505 
0.69416 -1.50048 -0.747869 0.484217 -1.42058 -0.595624 0.292476 -1.38277 -0.362247 
0.694364 -1.50042 -0.748399 0.486727 -1.42105 -0.592607 0.29831 -1.38386 -0.358199 
0.694217 -1.50028 -0.749214 0.487472 -1.42093 -0.591793 0.300287 -1.38406 -0.356126 
0.694165 -1.50011 -0.749642 0.488402 -1.42096 -0.590591 0.302902 -1.38419 -0.354234 
0.693974 -1.49998 -0.750183 0.492086 -1.42158 -0.590252 0.305864 -1.38542 -0.351185 
0.693852 -1.49992 -0.750382 0.492424 -1.42175 -0.589903 0.306665 -1.38574 -0.350661 
0.693831 -1.49986 -0.750724 0.492671 -1.4221 -0.589813 0.307585 -1.38701 -0.349939 
0.693672 -1.49994 -0.751113 0.490197 -1.42245 -0.588322 0.308629 -1.38797 -0.348923 
0.693632 -1.50004 -0.751034 0.490163 -1.42263 -0.588142 0.308633 -1.3883 -0.348302 
0.693603 -1.50016 -0.750725 0.489949 -1.42283 -0.587783 0.307868 -1.38861 -0.348381 
0.692971 -1.50052 -0.750158 0.489191 -1.42335 -0.587809 0.303759 -1.38882 -0.350935 
0.692811 -1.50058 -0.750042 0.488354 -1.42341 -0.588453 0.301339 -1.38864 -0.353538 
0.692647 -1.50072 -0.749937 0.486463 -1.42381 -0.59058 0.296166 -1.38862 -0.357709 
0.692249 -1.50106 -0.749985 0.482708 -1.42468 -0.595116 0.285838 -1.38879 -0.366215 
0.692071 -1.5012 -0.749873 0.480567 -1.42512 -0.597701 0.280724 -1.38898 -0.371215 
0.69167 -1.50122 -0.750018 0.477706 -1.42586 -0.601491 0.272533 -1.38921 -0.380039 
0.691622 -1.50123 -0.75051 0.473464 -1.42667 -0.608201 0.258681 -1.38905 -0.396281 
0.691549 -1.50121 -0.750555 0.471459 -1.42682 -0.611336 0.253242 -1.38889 -0.40262 
0.691528 -1.50113 -0.750782 0.469215 -1.42735 -0.614965 0.247068 -1.3888 -0.409858 
0.691523 -1.50116 -0.750919 0.464819 -1.42826 -0.623327 0.234641 -1.38953 -0.427004 
0.691398 -1.50119 -0.750911 0.462743 -1.42841 -0.626749 0.22953 -1.38974 -0.434165 
0.691271 -1.50111 -0.750917 0.462341 -1.42903 -0.633427 0.221525 -1.39048 -0.446288 
0.690602 -1.50107 -0.751002 0.457406 -1.42984 -0.643412 0.207858 -1.39127 -0.4688 
0.69049 -1.50099 -0.750966 0.455037 -1.43 -0.648133 0.202171 -1.39143 -0.478709 
0.690105 -1.50083 -0.751176 0.452478 -1.43051 -0.654826 0.193985 -1.39181 -0.494462 
0.689649 -1.50076 -0.751486 0.445504 -1.43066 -0.666212 0.180794 -1.39118 -0.522279 
0.689324 -1.50068 -0.751396 0.443314 -1.43034 -0.671931 0.175634 -1.39072 -0.533655 
0.688408 -1.50026 -0.751173 0.440321 -1.42993 -0.680452 0.168059 -1.38993 -0.551771 
0.686264 -1.49934 -0.751745 0.435951 -1.42894 -0.695861 0.156722 -1.38785 -0.584105 
0.685694 -1.49912 -0.751859 0.434308 -1.42821 -0.702944 0.15265 -1.38667 -0.598044 
0.684283 -1.49854 -0.752037 0.432181 -1.42723 -0.713386 0.146613 -1.38479 -0.619756 
0.681868 -1.49751 -0.752014 0.430924 -1.42666 -0.7313 0.13742 -1.38253 -0.6596 
0.67948 -1.49697 -0.751543 0.429596 -1.42659 -0.73807 0.134077 -1.38183 -0.676294 
0.67701 -1.49642 -0.751417 0.427785 -1.42629 -0.748154 0.13038 -1.38018 -0.701419 
0.67538 -1.49551 -0.752426 0.426784 -1.42554 -0.764164 0.127154 -1.37707 -0.742406 
0.674617 -1.49529 -0.752582 0.426532 -1.42488 -0.770435 0.12672 -1.37549 -0.758452 
0.673436 -1.49512 -0.753062 0.42612 -1.42288 -0.776515 0.127877 -1.37231 -0.773389 
0.669037 -1.49452 -0.752976 0.425946 -1.42231 -0.796906 0.129145 -1.37025 -0.804469 
0.669685 -1.49414 -0.753949 0.42645 -1.42214 -0.802291 0.130116 -1.36989 -0.81566 
0.668979 -1.49424 -0.754807 0.427787 -1.42168 -0.809896 0.13555 -1.37073 -0.835604 
0.670295 -1.49384 -0.756793 0.429977 -1.42083 -0.8211 0.135984 -1.36658 -0.855767 
0.669947 -1.49384 -0.756752 0.430815 -1.42055 -0.825078 0.13767 -1.36593 -0.864838 
0.668635 -1.49369 -0.756422 0.432135 -1.42 -0.831258 0.140364 -1.36454 -0.878292 
0.664922 -1.49401 -0.75569 0.43466 -1.42047 -0.841739 0.145591 -1.36255 -0.899846 
0.664716 -1.49363 -0.755717 0.436196 -1.42026 -0.846485 0.147963 -1.3616 -0.908384 
0.663964 -1.49336 -0.755775 0.437948 -1.41764 -0.851202 0.151792 -1.36028 -0.921359 
0.662616 -1.49348 -0.755787 0.441342 -1.41683 -0.860596 0.159119 -1.35843 -0.943408 
0.662135 -1.49349 -0.75592 0.443856 -1.41808 -0.866047 0.164729 -1.35915 -0.95513 
0.661477 -1.49319 -0.7562 0.446319 -1.41606 -0.871374 0.170879 -1.35805 -0.969632 
0.659582 -1.49288 -0.756309 0.454278 -1.41351 -0.878873 0.182275 -1.35442 -0.993745 
0.65886 -1.49297 -0.756467 0.456739 -1.41239 -0.883132 0.187223 -1.35262 -1.00357 
0.656707 -1.49306 -0.756631 0.46032 -1.41111 -0.88943 0.195282 -1.34951 -1.01845 
0.655658 -1.49257 -0.756601 0.467348 -1.40876 -0.899847 0.210709 -1.34452 -1.0437 
0.655182 -1.49244 -0.756582 0.470229 -1.40767 -0.903917 0.217315 -1.34227 -1.05345 
0.655624 -1.49214 -0.757135 0.474713 -1.40617 -0.909369 0.227675 -1.33883 -1.06772 
0.654687 -1.49199 -0.757295 0.483032 -1.40329 -0.918237 0.246105 -1.33175 -1.08987 
0.654525 -1.49206 -0.757552 0.486501 -1.4018 -0.92147 0.253576 -1.32864 -1.09785 
0.654548 -1.49182 -0.758092 0.492206 -1.39961 -0.926316 0.265308 -1.32379 -1.10945 
0.654901 -1.49184 -0.759291 0.501081 -1.39618 -0.933503 0.284468 -1.31613 -1.12705 
0.655222 -1.49192 -0.759979 0.504524 -1.395 -0.936174 0.292204 -1.31297 -1.13368 
0.655716 -1.49157 -0.76083 0.509872 -1.39311 -0.940247 0.30373 -1.30848 -1.14288 
0.656642 -1.49122 -0.762145 0.518438 -1.39027 -0.946095 0.322707 -1.30112 -1.15667 
0.656114 -1.49129 -0.762626 0.52195 -1.38913 -0.948273 0.329732 -1.29826 -1.16128 
0.657879 -1.49121 -0.763772 0.526666 -1.38752 -0.951259 0.339831 -1.29451 -1.16796 
0.659157 -1.49119 -0.764971 0.533291 -1.38586 -0.955186 0.361932 -1.29421 -1.17642 
0.659784 -1.49113 -0.765591 0.535624 -1.38545 -0.956372 0.358226 -1.28877 -1.17944 
0.660654 -1.49128 -0.766303 0.538472 -1.38493 -0.958021 0.363135 -1.28749 -1.18241 
0.662149 -1.49162 -0.767643 0.54078 -1.38509 -0.959733 0.3743 -1.29197 -1.18394 
0.663153 -1.49194 -0.768095 0.54076 -1.38555 -0.959792 0.374175 -1.29297 -1.18371 
0.664564 -1.49231 -0.768684 0.53969 -1.38629 -0.959383 0.370856 -1.29436 -1.18171 
0.666017 -1.49245 -0.76959 0.535956 -1.38778 -0.957574 0.360962 -1.29795 -1.17539 
0.66655 -1.49257 -0.769998 0.533935 -1.38838 -0.956245 0.354941 -1.29937 -1.1714 
0.667689 -1.49244 -0.770472 0.529914 -1.38905 -0.95336 0.336153 -1.29727 -1.16407 
0.669336 -1.49275 -0.771432 0.522015 -1.39072 -0.94685 0.315696 -1.30123 -1.14666 
0.670538 -1.49263 -0.77166 0.518404 -1.39139 -0.943477 0.306656 -1.30307 -1.13798 
0.671726 -1.4924 -0.771817 0.512402 -1.39246 -0.937638 0.292817 -1.30583 -1.12388 
0.673645 -1.49214 -0.771194 0.502474 -1.39495 -0.926737 0.269475 -1.31177 -1.0978 
0.674136 -1.49205 -0.770961 0.498507 -1.39619 -0.922213 0.260516 -1.31491 -1.08707 
0.674992 -1.49211 -0.770215 0.492658 -1.39867 -0.914889 0.247508 -1.32024 -1.07061 
0.676822 -1.49234 -0.769273 0.483784 -1.40298 -0.902959 0.227478 -1.33041 -1.04312 
0.676986 -1.49283 -0.769111 0.480396 -1.4049 -0.898376 0.220337 -1.33479 -1.03243 
0.676581 -1.49327 -0.768548 0.475563 -1.40805 -0.891057 0.210311 -1.34138 -1.0164 
0.677802 -1.49415 -0.767842 0.468317 -1.41309 -0.878878 0.195247 -1.35156 -0.98939 
0.678103 -1.49437 -0.767557 0.465755 -1.415 -0.874073 0.1897 -1.35514 -0.97829 
0.679829 -1.49465 -0.767097 0.462282 -1.41805 -0.867317 0.180992 -1.35871 -0.960325 
0.683773 -1.49515 -0.767599 0.456891 -1.42179 -0.854714 0.168378 -1.36567 -0.930476 
0.684346 -1.4953 -0.76725 0.454637 -1.42329 -0.849172 0.164435 -1.36864 -0.918981 
0.683723 -1.4957 -0.766292 0.449394 -1.42329 -0.843746 0.161017 -1.37304 -0.904226 
0.685256 -1.49706 -0.764929 0.446875 -1.42539 -0.83388 0.151485 -1.37871 -0.872497 
0.684522 -1.49707 -0.764012 0.446213 -1.4258 -0.829527 0.148993 -1.38069 -0.860971 
0.686479 -1.49723 -0.763693 0.445139 -1.42663 -0.823254 0.14587 -1.38367 -0.843767 
0.688146 -1.49767 -0.762748 0.443474 -1.42748 -0.812989 0.141663 -1.38842 -0.815455 
0.687826 -1.49786 -0.761495 0.443975 -1.42693 -0.803865 0.140367 -1.39014 -0.804396 
0.685761 -1.49795 -0.759135 0.442748 -1.42756 -0.797306 0.138967 -1.3924 -0.788058 
0.689664 -1.49817 -0.760958 0.439666 -1.42927 -0.791555 0.136782 -1.39561 -0.76747 
0.689915 -1.49831 -0.760546 0.439597 -1.4292 -0.785373 0.136737 -1.39627 -0.756537 
0.68878 -1.49873 -0.758713 0.438807 -1.42974 -0.77859 0.137007 -1.39731 -0.740692 
0.690371 -1.49896 -0.757684 0.439791 -1.43025 -0.766546 0.138042 -1.39814 -0.714519 
0.690862 -1.49922 -0.757352 0.439463 -1.43018 -0.761737 0.138847 -1.39797 -0.704069 
0.690984 -1.49918 -0.756859 0.439665 -1.43046 -0.754483 0.1404 -1.39816 -0.688284 
0.691391 -1.49904 -0.756177 0.439741 -1.43061 -0.742275 0.143757 -1.39874 -0.661977 
0.691578 -1.49908 -0.755881 0.439922 -1.43079 -0.737108 0.145522 -1.39916 -0.651298 
0.69185 -1.49913 -0.755414 0.440445 -1.43126 -0.729985 0.148395 -1.40016 -0.635429 
0.692223 -1.4993 -0.754793 0.441541 -1.4318 -0.717445 0.153952 -1.40172 -0.609061 
0.692245 -1.49929 -0.754459 0.442078 -1.43187 -0.712861 0.156661 -1.40236 -0.598476 
0.692442 -1.49953 -0.754022 0.44306 -1.4318 -0.705307 0.160904 -1.40337 -0.582692 
0.692645 -1.49981 -0.753501 0.445086 -1.43211 -0.693385 0.169332 -1.40456 -0.556553 
0.692708 -1.49997 -0.753318 0.446017 -1.43228 -0.688705 0.172872 -1.40514 -0.546139 
0.692625 -1.50028 -0.752954 0.447357 -1.4325 -0.68179 0.178571 -1.40585 -0.530771 
0.692608 -1.50082 -0.752328 0.449695 -1.43302 -0.670737 0.188953 -1.40717 -0.505661 
0.692373 -1.50084 -0.752133 0.450662 -1.43325 -0.666494 0.193281 -1.40769 -0.495865 
0.692232 -1.50094 -0.75186 0.452328 -1.43371 -0.659801 0.2003 -1.4084 -0.481443 
0.69211 -1.50123 -0.75126 0.455343 -1.43446 -0.649429 0.212808 -1.40964 -0.457933 
0.692053 -1.50132 -0.751179 0.454154 -1.43467 -0.644201 0.217995 -1.40996 -0.448908 
0.69183 -1.50141 -0.751066 0.456312 -1.43482 -0.638319 0.226036 -1.41015 -0.435949 
0.691428 -1.50134 -0.750885 0.460026 -1.43478 -0.628736 0.237647 -1.41045 -0.418893 
0.69127 -1.50136 -0.750776 0.464107 -1.43479 -0.62605 0.242714 -1.41054 -0.411826 
0.690946 -1.50127 -0.750575 0.466189 -1.43471 -0.621053 0.249592 -1.41026 -0.402135 
0.689774 -1.50102 -0.750283 0.466141 -1.4342 -0.613469 0.259075 -1.40994 -0.389 
0.689572 -1.50094 -0.750375 0.466831 -1.43413 -0.611813 0.262253 -1.40993 -0.384907 
0.689138 -1.50086 -0.750517 0.467821 -1.43406 -0.608953 0.266317 -1.41014 -0.379765 
0.687485 -1.5002 -0.748782 0.46859 -1.43443 -0.606548 0.270678 -1.41085 -0.373656 
0.687175 -1.50018 -0.74886 0.468813 -1.43435 -0.605643 0.272111 -1.41118 -0.372137 
0.686077 -1.50046 -0.750319 0.468867 -1.43428 -0.604775 0.273589 -1.41147 -0.370307 
0.686117 -1.50031 -0.749694 0.469028 -1.43434 -0.60343 0.27503 -1.4117 -0.36801 
0.685823 -1.50021 -0.749881 0.471409 -1.43427 -0.604405 0.275505 -1.41165 -0.367343 
0.685368 -1.50025 -0.749985 0.468754 -1.43407 -0.602911 0.275908 -1.41127 -0.366659 
0.684065 -1.50012 -0.749723 0.468143 -1.43367 -0.602476 0.275824 -1.41045 -0.366042 
0.683791 -1.50014 -0.749527 0.467594 -1.43348 -0.602436 0.27525 -1.41012 -0.36607 
0.683479 -1.50013 -0.74929 0.469561 -1.43351 -0.603611 0.273615 -1.40965 -0.366794 
0.682913 -1.50019 -0.749026 0.464868 -1.43315 -0.604127 0.268214 -1.40916 -0.371453 
0.68273 -1.50028 -0.749038 0.46373 -1.43314 -0.605615 0.264859 -1.40887 -0.374785 
0.682346 -1.50038 -0.749123 0.461911 -1.43327 -0.607939 0.258864 -1.4088 -0.381129 
0.682032 -1.50071 -0.749224 0.457841 -1.434 -0.613987 0.246299 -1.40896 -0.395391 
0.681845 -1.50084 -0.749305 0.455857 -1.43441 -0.617104 0.240328 -1.40902 -0.402121 
0.681475 -1.5012 -0.749459 0.452892 -1.43488 -0.62227 0.230945 -1.40909 -0.413967 
0.681116 -1.50143 -0.749722 0.447257 -1.43587 -0.632761 0.215975 -1.40845 -0.433766 
0.680761 -1.5018 -0.752838 0.445427 -1.43636 -0.637012 0.209353 -1.4082 -0.44402 
0.680637 -1.50193 -0.753034 0.443302 -1.43718 -0.642894 0.19988 -1.40773 -0.459717 
0.680725 -1.50225 -0.753018 0.438946 -1.43815 -0.654229 0.185825 -1.40744 -0.485605 
0.680614 -1.50235 -0.753189 0.437583 -1.43874 -0.658745 0.180911 -1.40751 -0.495744 
0.680737 -1.50252 -0.753423 0.435755 -1.43927 -0.665621 0.174273 -1.40793 -0.510584 
0.680822 -1.50249 -0.753305 0.434446 -1.44036 -0.6789 0.163713 -1.40906 -0.534594 
0.680652 -1.50245 -0.753171 0.430604 -1.44067 -0.682787 0.159533 -1.40977 -0.544617 
0.680544 -1.50227 -0.752889 0.428502 -1.44129 -0.690253 0.153368 -1.41136 -0.560712 
0.680146 -1.50205 -0.752799 0.42593 -1.44277 -0.702246 0.14391 -1.41303 -0.588796 
0.679767 -1.50191 -0.752834 0.427346 -1.44342 -0.708353 0.140592 -1.41361 -0.600447 
0.67944 -1.50185 -0.752821 0.425705 -1.44362 -0.716167 0.135844 -1.41445 -0.617376 
0.677748 -1.50137 -0.752563 0.42364 -1.44441 -0.728575 0.129202 -1.41576 -0.645216 
0.677327 -1.50124 -0.752627 0.422825 -1.44438 -0.734039 0.12685 -1.41623 -0.656586 
0.676359 -1.50073 -0.752694 0.422095 -1.44428 -0.742274 0.123857 -1.41683 -0.674332 
0.675005 -1.49982 -0.752649 0.421003 -1.44378 -0.756813 0.11957 -1.41777 -0.705436 
0.673928 -1.49944 -0.752532 0.420871 -1.44373 -0.762698 0.118191 -1.41815 -0.71923 
0.672597 -1.49927 -0.75236 0.418699 -1.44341 -0.771116 0.116797 -1.41823 -0.740835 
0.672153 -1.49851 -0.753245 0.420144 -1.44177 -0.782773 0.116281 -1.41644 -0.77945 
0.665957 -1.49985 -0.75108 0.420544 -1.44138 -0.788995 0.116805 -1.41511 -0.795292 
0.668059 -1.49853 -0.752738 0.420561 -1.44153 -0.802802 0.119574 -1.41158 -0.81273 
0.66641 -1.49961 -0.754532 0.423249 -1.43902 -0.819639 0.125016 -1.40558 -0.850941 
0.664235 -1.49758 -0.752812 0.424695 -1.43736 -0.826668 0.127845 -1.40234 -0.865761 
0.662726 -1.49713 -0.752975 0.426617 -1.43549 -0.836246 0.132837 -1.39749 -0.887061 
0.6602 -1.4968 -0.752393 0.432407 -1.43192 -0.850554 0.145331 -1.39062 -0.922585 
0.659722 -1.49673 -0.752411 0.437522 -1.43015 -0.853274 0.149519 -1.38688 -0.934537 
0.658992 -1.4965 -0.752393 0.440647 -1.42822 -0.85951 0.156586 -1.38338 -0.951576 
0.658215 -1.49639 -0.752597 0.446029 -1.42469 -0.869288 0.168054 -1.37669 -0.976005 
0.65805 -1.49636 -0.752924 0.447961 -1.42376 -0.872669 0.172518 -1.37406 -0.98459 
0.658117 -1.49633 -0.753236 0.450995 -1.42227 -0.877103 0.179013 -1.37092 -0.996147 
0.658414 -1.49627 -0.753858 0.456393 -1.41963 -0.884103 0.189269 -1.36448 -1.01255 
0.658623 -1.49608 -0.754069 0.458519 -1.41846 -0.886644 0.193334 -1.36219 -1.01855 
0.658769 -1.49594 -0.754505 0.461678 -1.41673 -0.890352 0.199643 -1.35875 -1.02738 
0.659146 -1.49555 -0.755662 0.46732 -1.41332 -0.897208 0.209834 -1.35186 -1.04127 
0.65897 -1.49524 -0.756085 0.469688 -1.41173 -0.899926 0.214209 -1.34894 -1.04695 
0.658941 -1.49494 -0.756688 0.47344 -1.40929 -0.903923 0.221146 -1.34419 -1.05556 
0.658686 -1.49414 -0.75755 0.479743 -1.40468 -0.910514 0.233721 -1.33473 -1.07038 
0.656983 -1.49371 -0.757383 0.482234 -1.40281 -0.912849 0.239392 -1.33089 -1.07661 
0.65648 -1.49327 -0.757526 0.486198 -1.3999 -0.916476 0.248142 -1.32428 -1.0857 
0.656819 -1.49204 -0.75818 0.492664 -1.39495 -0.922173 0.263507 -1.31413 -1.10083 
0.656538 -1.49156 -0.758412 0.495534 -1.39306 -0.924585 0.269575 -1.31005 -1.10647 
0.656137 -1.49125 -0.758514 0.499981 -1.39038 -0.928016 0.278761 -1.30459 -1.11449 
0.656291 -1.49078 -0.759167 0.506863 -1.38674 -0.933399 0.293747 -1.29629 -1.12695 
0.65649 -1.49059 -0.7595 0.509754 -1.38537 -0.935509 0.2994 -1.29333 -1.13133 
0.656643 -1.49032 -0.76 0.5137 -1.38345 -0.938195 0.307235 -1.28878 -1.1372 
0.657017 -1.48975 -0.760632 0.518953 -1.38119 -0.941375 0.319669 -1.28339 -1.14606 
0.657598 -1.48964 -0.761084 0.520843 -1.38077 -0.942662 0.323899 -1.28215 -1.14919 
0.658263 -1.48943 -0.761493 0.523241 -1.38034 -0.944246 0.329341 -1.28075 -1.15315 
0.659171 -1.48935 -0.762109 0.526578 -1.38011 -0.946522 0.335551 -1.28024 -1.15801 
0.65972 -1.48921 -0.762417 0.52735 -1.38025 -0.947154 0.336926 -1.28057 -1.15917 
0.660382 -1.48942 -0.762862 0.527951 -1.38064 -0.947697 0.337423 -1.28151 -1.15976 
0.66099 -1.48989 -0.76366 0.52729 -1.38194 -0.947535 0.334348 -1.28416 -1.15799 
0.66234 -1.49001 -0.764236 0.526258 -1.38258 -0.94689 0.33171 -1.28565 -1.15613 
0.662063 -1.49051 -0.764056 0.524096 -1.38364 -0.945383 0.326416 -1.28783 -1.15208 
0.662498 -1.49079 -0.764314 0.519199 -1.38529 -0.941793 0.31428 -1.29183 -1.14233 
0.662758 -1.49084 -0.764445 0.516933 -1.38596 -0.940092 0.308139 -1.29355 -1.13719 
0.663429 -1.49108 -0.764779 0.512635 -1.38717 -0.93676 0.298071 -1.29651 -1.12823 
0.664291 -1.49136 -0.764843 0.504423 -1.38966 -0.929411 0.279584 -1.30199 -1.11019 
0.664687 -1.49161 -0.764786 0.501028 -1.39073 -0.926153 0.272231 -1.3044 -1.10256 
0.665584 -1.49162 -0.764856 0.495529 -1.39237 -0.920875 0.260845 -1.308 -1.0901 
0.6678 -1.49159 -0.765217 0.486481 -1.39553 -0.911289 0.241979 -1.31495 -1.06775 
0.667911 -1.4916 -0.765187 0.484835 -1.39611 -0.909357 0.238366 -1.31635 -1.06318 
0.668671 -1.49166 -0.764993 0.478226 -1.39861 -0.901154 0.224622 -1.32173 -1.0444 
0.66946 -1.49192 -0.76421 0.470819 -1.40161 -0.890635 0.209251 -1.32816 -1.0206 
0.669758 -1.49207 -0.764206 0.469377 -1.40227 -0.888417 0.206327 -1.32949 -1.01571 
0.670381 -1.4923 -0.763761 0.464531 -1.40474 -0.879912 0.195755 -1.3346 -0.996562 
0.671671 -1.49273 -0.763109 0.459219 -1.40845 -0.86968 0.18371 -1.34196 -0.972381 
0.672038 -1.49274 -0.762976 0.458491 -1.40957 -0.867926 0.181457 -1.34328 -0.967532 
0.673241 -1.49297 -0.762493 0.452726 -1.40942 -0.855863 0.170589 -1.34662 -0.944815 
0.674569 -1.49301 -0.762645 0.450155 -1.4113 -0.84958 0.164866 -1.35105 -0.929897 
0.675286 -1.49447 -0.763282 0.446383 -1.41432 -0.839343 0.157615 -1.35928 -0.905708 
0.676883 -1.49409 -0.763808 0.44372 -1.41716 -0.840344 0.153118 -1.36095 -0.893486 
0.672799 -1.49585 -0.762984 0.441813 -1.41876 -0.832799 0.149025 -1.36531 -0.877671 
0.677187 -1.49476 -0.761411 0.438881 -1.42148 -0.820415 0.143389 -1.37136 -0.851147 
0.680055 -1.49486 -0.762998 0.437974 -1.42264 -0.815479 0.141598 -1.37349 -0.840503 
0.680575 -1.49522 -0.761292 0.436691 -1.42365 -0.808435 0.139313 -1.37619 -0.824278 
0.682166 -1.4949 -0.7587 0.435218 -1.42526 -0.79581 0.136594 -1.37997 -0.797219 
0.684309 -1.49506 -0.762108 0.435989 -1.42481 -0.786718 0.135983 -1.38135 -0.786411 
0.683391 -1.49528 -0.760338 0.435439 -1.42566 -0.779197 0.135336 -1.38335 -0.77032 
0.685178 -1.49528 -0.760398 0.435231 -1.42699 -0.76746 0.134371 -1.38717 -0.750208 
0.685632 -1.49526 -0.760318 0.436034 -1.42837 -0.766987 0.134944 -1.38856 -0.739444 
0.686078 -1.49542 -0.759991 0.436338 -1.42901 -0.759946 0.135989 -1.39022 -0.724291 
0.688437 -1.4957 -0.759963 0.437343 -1.43033 -0.749222 0.13832 -1.39331 -0.699975 
0.688823 -1.4959 -0.759632 0.437585 -1.43072 -0.74529 0.139487 -1.3945 -0.690433 
0.68992 -1.49634 -0.759315 0.438711 -1.43202 -0.739361 0.141455 -1.39658 -0.676855 
0.690753 -1.49684 -0.758563 0.440118 -1.43362 -0.728983 0.145191 -1.39968 -0.654864 
0.690251 -1.49738 -0.757997 0.440589 -1.43411 -0.724978 0.14692 -1.40099 -0.64645 
0.691093 -1.49768 -0.75775 0.441782 -1.43528 -0.719244 0.14947 -1.40268 -0.633896 
0.69201 -1.49798 -0.75742 0.443724 -1.4363 -0.710028 0.15458 -1.40584 -0.613988 
0.692443 -1.49825 -0.757252 0.444616 -1.43668 -0.706423 0.156686 -1.40689 -0.605915 
0.69294 -1.49835 -0.757137 0.446028 -1.43734 -0.701163 0.160218 -1.40866 -0.594247 
0.693576 -1.49849 -0.757263 0.448491 -1.43816 -0.69283 0.166688 -1.41128 -0.574749 
0.693808 -1.49855 -0.757474 0.449497 -1.43841 -0.68952 0.169627 -1.41208 -0.566658 
0.694344 -1.49877 -0.757828 0.451225 -1.43873 -0.684726 0.174384 -1.41367 -0.554543 
0.69513 -1.49899 -0.758058 0.454296 -1.43915 -0.676684 0.183341 -1.41609 -0.533153 
0.695221 -1.49908 -0.758167 0.453058 -1.43894 -0.672553 0.187388 -1.41708 -0.524231 
0.695502 -1.49905 -0.758306 0.455005 -1.43907 -0.667609 0.193877 -1.4188 -0.510777 
0.69604 -1.49925 -0.758381 0.461167 -1.43987 -0.659964 0.205853 -1.42148 -0.488236 
0.697436 -1.49948 -0.758913 0.460253 -1.43977 -0.655291 0.210867 -1.42228 -0.479375 
0.69641 -1.49966 -0.758239 0.462624 -1.43989 -0.649948 0.218718 -1.42337 -0.466157 
0.696814 -1.49995 -0.758035 0.466458 -1.43977 -0.641655 0.232624 -1.42489 -0.444374 
0.696769 -1.50002 -0.757969 0.468046 -1.43965 -0.638309 0.236973 -1.42568 -0.438807 
0.696737 -1.50017 -0.75778 0.473054 -1.43969 -0.634696 0.245333 -1.4263 -0.427086 
0.697761 -1.50058 -0.757317 0.473992 -1.43853 -0.626303 0.259112 -1.42669 -0.409538 
0.696487 -1.50063 -0.756605 0.475075 -1.43811 -0.62414 0.264186 -1.42656 -0.40313 
0.695716 -1.50056 -0.756305 0.476544 -1.43739 -0.620758 0.271232 -1.42645 -0.394528 
0.695036 -1.50058 -0.756022 0.478848 -1.43689 -0.615557 0.282568 -1.42666 -0.383218 
0.696238 -1.50082 -0.75598 0.479561 -1.43696 -0.614116 0.284077 -1.42652 -0.379451 
0.694473 -1.50075 -0.755747 0.480455 -1.43678 -0.611849 0.290091 -1.42655 -0.374923 
0.694929 -1.50076 -0.756677 0.48162 -1.43653 -0.60977 0.29589 -1.42644 -0.368706 
0.6946 -1.50075 -0.756844 0.481924 -1.43645 -0.609173 0.297784 -1.42615 -0.366887 
0.693222 -1.50053 -0.757042 0.482211 -1.43631 -0.608716 0.299102 -1.42594 -0.365641 
0.692669 -1.50057 -0.757718 0.482223 -1.43642 -0.608461 0.299191 -1.42648 -0.365549 
0.693675 -1.50061 -0.758493 0.482086 -1.43697 -0.608628 0.29895 -1.42699 -0.365655 
0.693663 -1.50068 -0.758798 0.481664 -1.43787 -0.608866 0.298238 -1.42791 -0.366016 
0.693631 -1.50077 -0.759107 0.480657 -1.43889 -0.609494 0.2966 -1.42917 -0.367566 
0.693578 -1.50076 -0.759244 0.480263 -1.43913 -0.609937 0.295629 -1.42959 -0.368848 
0.69359 -1.50076 -0.759505 0.482391 -1.43963 -0.612272 0.293419 -1.42999 -0.371011 
0.693888 -1.50077 -0.760142 0.478409 -1.44012 -0.613887 0.288004 -1.43078 -0.377232 
0.694059 -1.50084 -0.760307 0.477763 -1.44045 -0.615211 0.283336 -1.43098 -0.380278 
0.693027 -1.50089 -0.760383 0.476259 -1.44119 -0.617867 0.278164 -1.4316 -0.385957 
0.693748 -1.50131 -0.760998 0.47652 -1.44389 -0.623419 0.267141 -1.43279 -0.398792 
0.696106 -1.50186 -0.758859 0.472768 -1.44495 -0.624735 0.262202 -1.43321 -0.404835 
0.696233 -1.50208 -0.758855 0.473481 -1.44608 -0.629656 0.253874 -1.43375 -0.414913 
0.695996 -1.50241 -0.759052 0.466055 -1.44682 -0.636935 0.239022 -1.43368 -0.43416 
0.695827 -1.50241 -0.759121 0.463792 -1.44712 -0.641193 0.232999 -1.43337 -0.442477 
0.69576 -1.50238 -0.759293 0.460813 -1.44772 -0.647039 0.223399 -1.43336 -0.456234 
0.695507 -1.5032 -0.762412 0.455907 -1.44879 -0.658154 0.208767 -1.43298 -0.47945 
0.69529 -1.50303 -0.762396 0.453631 -1.44896 -0.663315 0.202465 -1.43272 -0.490336 
0.694973 -1.50225 -0.759589 0.453492 -1.44953 -0.671432 0.193417 -1.43244 -0.507058 
0.693666 -1.50192 -0.76252 0.449399 -1.44991 -0.683859 0.180701 -1.43152 -0.534361 
0.693664 -1.50203 -0.762552 0.447741 -1.4498 -0.689266 0.176111 -1.43124 -0.544787 
0.693453 -1.50168 -0.762312 0.445229 -1.45006 -0.697271 0.16959 -1.43123 -0.560368 
0.691954 -1.5014 -0.761422 0.441831 -1.45065 -0.709676 0.159886 -1.43164 -0.587045 
0.691865 -1.50132 -0.761267 0.440657 -1.45088 -0.714828 0.156295 -1.4319 -0.598175 
0.692396 -1.50116 -0.760907 0.439377 -1.45133 -0.722623 0.151159 -1.43173 -0.614785 
0.691345 -1.50155 -0.761274 0.437135 -1.45056 -0.735199 0.144259 -1.43064 -0.642431 
0.69078 -1.50127 -0.761695 0.436576 -1.45027 -0.74055 0.142082 -1.42993 -0.653396 
0.690269 -1.50108 -0.762051 0.435809 -1.44961 -0.748312 0.139014 -1.42874 -0.669904 
0.689167 -1.50033 -0.762138 0.435008 -1.44884 -0.760256 0.134764 -1.42663 -0.697622 
0.688585 -1.50014 -0.761876 0.434687 -1.44815 -0.765033 0.133325 -1.42523 -0.708807 
0.687043 -1.49956 -0.761549 0.434243 -1.44683 -0.771687 0.131568 -1.42286 -0.726224 
0.683504 -1.49916 -0.760516 0.432024 -1.44393 -0.784243 0.12988 -1.41728 -0.755653 
0.685796 -1.49845 -0.762511 0.432145 -1.44287 -0.789172 0.129599 -1.41493 -0.767453 
0.68429 -1.49814 -0.762578 0.433652 -1.43998 -0.792597 0.129554 -1.41099 -0.785189 
0.677339 -1.49885 -0.760439 0.434535 -1.43697 -0.804607 0.131704 -1.40276 -0.808785 
0.679161 -1.49778 -0.761085 0.435151 -1.43544 -0.80936 0.132817 -1.39978 -0.820527 
0.677653 -1.49758 -0.760605 0.435143 -1.43416 -0.821848 0.135051 -1.3944 -0.838364 
0.676575 -1.49698 -0.760023 0.438181 -1.42917 -0.83406 0.140623 -1.38467 -0.867922 
0.6741 -1.49696 -0.759404 0.439041 -1.42725 -0.839497 0.143313 -1.38022 -0.87977 
0.671724 -1.49654 -0.75902 0.442255 -1.42427 -0.847711 0.147819 -1.37374 -0.897497 
0.668647 -1.49559 -0.757962 0.448208 -1.41677 -0.85594 0.156903 -1.3639 -0.926802 
0.667273 -1.49564 -0.757649 0.450482 -1.41453 -0.861249 0.161264 -1.3595 -0.938634 
0.665257 -1.49499 -0.757406 0.45434 -1.41106 -0.869039 0.168762 -1.35273 -0.956638 
0.662999 -1.4945 -0.757002 0.463714 -1.40726 -0.884917 0.186349 -1.34244 -0.989992 
0.662161 -1.49426 -0.756867 0.466461 -1.40437 -0.88881 0.193273 -1.33718 -1.00208 
0.660508 -1.49377 -0.756607 0.471244 -1.40073 -0.895102 0.204172 -1.32898 -1.01941 
0.657931 -1.49249 -0.756277 0.47944 -1.39447 -0.905015 0.223592 -1.31487 -1.04663 
0.657184 -1.49204 -0.756541 0.482606 -1.39224 -0.908529 0.231555 -1.30962 -1.05672 
0.656319 -1.49152 -0.756551 0.487707 -1.38857 -0.913743 0.244008 -1.30147 -1.07102 
0.654463 -1.49066 -0.756546 0.497123 -1.3823 -0.92155 0.266071 -1.28766 -1.09295 
0.653692 -1.49038 -0.75669 0.501273 -1.37978 -0.924783 0.275367 -1.28222 -1.10139 
0.653026 -1.49001 -0.756994 0.507481 -1.37591 -0.929005 0.289342 -1.27411 -1.11289 
0.651836 -1.48959 -0.757144 0.517807 -1.37046 -0.935219 0.313976 -1.26163 -1.13109 
0.650775 -1.48893 -0.756994 0.522364 -1.3684 -0.937442 0.324071 -1.25681 -1.13774 
0.650087 -1.48846 -0.756924 0.528598 -1.36568 -0.940331 0.338902 -1.25031 -1.14685 
0.649454 -1.48819 -0.756843 0.538368 -1.36224 -0.944376 0.362084 -1.24153 -1.15957 
0.649468 -1.48819 -0.756897 0.541757 -1.36145 -0.945662 0.370176 -1.23919 -1.16386 
0.649639 -1.48816 -0.756981 0.546384 -1.36052 -0.947438 0.380858 -1.23639 -1.16925 
0.650545 -1.48837 -0.757058 0.552068 -1.35972 -0.949602 0.393769 -1.23433 -1.17582 
0.651067 -1.48839 -0.757153 0.553826 -1.35991 -0.950286 0.397247 -1.23437 -1.17762 
0.651981 -1.48876 -0.757238 0.555513 -1.36041 -0.950945 0.400842 -1.23485 -1.1795 
0.653632 -1.4895 -0.756006 0.55695 -1.36127 -0.951273 0.402424 -1.23681 -1.18055 
0.653708 -1.48928 -0.757223 0.556812 -1.36166 -0.951192 0.401353 -1.23764 -1.18015 
0.654317 -1.48947 -0.757236 0.555453 -1.3624 -0.950581 0.398121 -1.23959 -1.17874 
0.654746 -1.49003 -0.756653 0.552006 -1.36382 -0.948516 0.388892 -1.24302 -1.17352 
0.654934 -1.49021 -0.756122 0.550277 -1.36463 -0.94734 0.384179 -1.24459 -1.17076 
0.654921 -1.4903 -0.755727 0.546661 -1.36548 -0.945245 0.37531 -1.24706 -1.1654 
0.654849 -1.49059 -0.754749 0.538662 -1.36766 -0.940167 0.357097 -1.2522 -1.15339 
0.655601 -1.49103 -0.754092 0.535017 -1.36862 -0.937561 0.348965 -1.2546 -1.14755 
0.65527 -1.49126 -0.752952 0.52914 -1.37015 -0.933138 0.335696 -1.25885 -1.13774 
0.655239 -1.49176 -0.751313 0.518327 -1.37328 -0.924676 0.311978 -1.26647 -1.11875 
0.655194 -1.492 -0.750679 0.513776 -1.37455 -0.920991 0.302148 -1.26988 -1.11026 
0.655227 -1.4923 -0.749529 0.506997 -1.37674 -0.915245 0.287438 -1.27504 -1.097 
0.655499 -1.4931 -0.747999 0.495661 -1.38092 -0.904821 0.263124 -1.28452 -1.07301 
0.655543 -1.49331 -0.747464 0.491106 -1.38255 -0.900507 0.253878 -1.28848 -1.06307 
0.655594 -1.4938 -0.746652 0.484238 -1.3853 -0.893505 0.240139 -1.29406 -1.04738 
0.654685 -1.49455 -0.744709 0.473891 -1.38984 -0.881875 0.21911 -1.3048 -1.02102 
0.654762 -1.49471 -0.744188 0.469812 -1.3918 -0.877022 0.2112 -1.3088 -1.0101 
0.65675 -1.49536 -0.743474 0.464218 -1.39483 -0.869387 0.200144 -1.31543 -0.993558 
0.657905 -1.49586 -0.742314 0.455897 -1.39973 -0.856856 0.183371 -1.32607 -0.965343 
0.658496 -1.49616 -0.74181 0.452699 -1.40177 -0.851541 0.177068 -1.33005 -0.953752 
0.659302 -1.49646 -0.740773 0.446826 -1.40216 -0.840832 0.165799 -1.33416 -0.932988 
0.660805 -1.49713 -0.738862 0.440628 -1.40749 -0.827636 0.15318 -1.34532 -0.904043 
0.661341 -1.49733 -0.738244 0.438516 -1.40951 -0.822436 0.148797 -1.34981 -0.892547 
0.662987 -1.498 -0.737906 0.43599 -1.41182 -0.815328 0.14468 -1.35772 -0.877914 
0.663661 -1.49791 -0.735435 0.431807 -1.41597 -0.803223 0.134262 -1.36605 -0.847866 
0.665344 -1.49769 -0.734846 0.430212 -1.41744 -0.798407 0.13127 -1.36982 -0.836903 
0.664195 -1.49861 -0.732613 0.427822 -1.41986 -0.790781 0.127363 -1.37495 -0.820539 
0.664294 -1.4993 -0.730723 0.423175 -1.42446 -0.782954 0.122436 -1.38243 -0.792715 
0.664567 -1.49951 -0.730145 0.422218 -1.42587 -0.777627 0.120991 -1.38479 -0.781185 
0.66502 -1.49979 -0.729129 0.422163 -1.42612 -0.764256 0.119194 -1.38797 -0.763301 
0.670046 -1.50045 -0.728856 0.420568 -1.42884 -0.749398 0.1167 -1.39394 -0.737818 
0.66869 -1.50106 -0.726989 0.420188 -1.42974 -0.743432 0.116503 -1.39626 -0.72456 
0.668754 -1.50133 -0.726108 0.41835 -1.43194 -0.738558 0.116786 -1.39924 -0.703931 
0.669547 -1.50164 -0.72469 0.420022 -1.43353 -0.722847 0.118741 -1.40361 -0.668085 
0.671015 -1.50173 -0.724413 0.420024 -1.43393 -0.716457 0.120077 -1.40483 -0.653635 
0.671474 -1.50183 -0.723465 0.420338 -1.43475 -0.706209 0.122797 -1.4064 -0.631981 
0.671781 -1.50212 -0.721949 0.421671 -1.4354 -0.689474 0.12913 -1.40771 -0.595776 
0.671977 -1.50224 -0.721057 0.422351 -1.43555 -0.682661 0.132103 -1.40804 -0.581702 
0.672099 -1.5022 -0.719922 0.423531 -1.4357 -0.67263 0.137035 -1.40875 -0.560536 
0.671702 -1.50209 -0.718106 0.425131 -1.4354 -0.656708 0.146481 -1.41016 -0.526634 
0.671479 -1.50196 -0.717294 0.42598 -1.43547 -0.650328 0.150475 -1.41068 -0.513432 
0.671074 -1.50201 -0.715937 0.427629 -1.4359 -0.641324 0.156803 -1.41171 -0.494613 
0.670384 -1.50219 -0.714616 0.428042 -1.43588 -0.625688 0.168357 -1.41287 -0.465131 
0.66977 -1.50191 -0.713862 0.431867 -1.43607 -0.621117 0.173226 -1.41317 -0.453925 
0.669234 -1.50201 -0.71322 0.434115 -1.43634 -0.613217 0.180581 -1.41382 -0.437788 
0.66857 -1.50224 -0.712173 0.43565 -1.43662 -0.598814 0.193425 -1.41457 -0.412833 
0.668091 -1.50246 -0.711583 0.437285 -1.43682 -0.594248 0.198662 -1.4149 -0.403423 
0.667691 -1.50215 -0.710957 0.442573 -1.43711 -0.588253 0.206315 -1.41529 -0.390034 
0.666895 -1.50224 -0.71017 0.446913 -1.43726 -0.577992 0.217967 -1.41672 -0.372584 
0.665169 -1.502 -0.70948 0.4458 -1.43735 -0.57323 0.222712 -1.41739 -0.365447 
0.666165 -1.50208 -0.709938 0.448511 -1.43794 -0.567883 0.230072 -1.41842 -0.355577 
0.666273 -1.50224 -0.709639 0.455344 -1.43899 -0.561573 0.240834 -1.42005 -0.341382 
0.66608 -1.50215 -0.709665 0.453846 -1.43907 -0.557979 0.244675 -1.42067 -0.336711 
0.665872 -1.50201 -0.70982 0.455717 -1.43936 -0.554832 0.249802 -1.42137 -0.330834 
0.665363 -1.50175 -0.71073 0.45815 -1.43959 -0.551424 0.257973 -1.42259 -0.323896 
0.664822 -1.50146 -0.710994 0.461444 -1.43956 -0.551501 0.258415 -1.42337 -0.323074 
0.664491 -1.50133 -0.711437 0.462409 -1.43994 -0.550146 0.261387 -1.42413 -0.319759 
0.663815 -1.50128 -0.71178 0.461036 -1.4407 -0.54692 0.262754 -1.42417 -0.318487 
0.663382 -1.50124 -0.711732 0.461066 -1.44065 -0.54642 0.262134 -1.42375 -0.318687 
0.662606 -1.50105 -0.712313 0.460844 -1.44074 -0.546132 0.261546 -1.42344 -0.3188 
0.661732 -1.50097 -0.712821 0.459843 -1.44058 -0.546655 0.260968 -1.4227 -0.318973 
0.661072 -1.50087 -0.712925 0.459498 -1.44035 -0.546893 0.26065 -1.42204 -0.319363 
0.660754 -1.5008 -0.713222 0.458871 -1.44 -0.547368 0.260228 -1.42156 -0.319653 
0.659827 -1.50071 -0.713764 0.460981 -1.43973 -0.549145 0.259729 -1.42131 -0.319868 
0.65963 -1.50067 -0.713884 0.460789 -1.43961 -0.549192 0.259631 -1.42113 -0.319873 
0.659407 -1.50065 -0.714195 0.460518 -1.43946 -0.549351 0.259634 -1.42095 -0.319778 
0.658788 -1.50044 -0.714777 0.457574 -1.43912 -0.548282 0.259753 -1.421 -0.319664 
0.658645 -1.50048 -0.714948 0.457605 -1.43913 -0.548275 0.259781 -1.42105 -0.319632 
0.65852 -1.50043 -0.715141 0.460494 -1.43929 -0.549487 0.259946 -1.42115 -0.319559 
0.658227 -1.50036 -0.715401 0.460314 -1.43888 -0.549841 0.260255 -1.42097 -0.319446 
0.658096 -1.50029 -0.715451 0.46031 -1.43872 -0.549951 0.260268 -1.42078 -0.319447 
0.657261 -1.49973 -0.715593 0.460368 -1.43853 -0.550041 0.260314 -1.42047 -0.319523 
0.657067 -1.49964 -0.715646 0.460247 -1.43808 -0.550116 0.260313 -1.41987 -0.319409 
0.656982 -1.49963 -0.715639 0.460051 -1.43776 -0.549952 0.260301 -1.41948 -0.319289 
0.656783 -1.49945 -0.715512 0.459794 -1.43754 -0.550001 0.260234 -1.41918 -0.319102 
0.656566 -1.49937 -0.715501 0.459759 -1.43723 -0.549748 0.260093 -1.41854 -0.318892 
0.656464 -1.49937 -0.715465 0.459721 -1.43698 -0.549691 0.260159 -1.41807 -0.318658 
0.65628 -1.49926 -0.715458 0.457055 -1.43643 -0.54822 0.260466 -1.4173 -0.318424 
0.656267 -1.49912 -0.715648 0.457188 -1.4358 -0.548336 0.26101 -1.41642 -0.318431 
0.656254 -1.49907 -0.715744 0.457126 -1.43561 -0.548493 0.261129 -1.41603 -0.318655 
0.656195 -1.49895 -0.715814 0.4597 -1.43543 -0.549802 0.260962 -1.41558 -0.318837 
0.655813 -1.49886 -0.715818 0.456545 -1.43495 -0.549094 0.260448 -1.41502 -0.31908 
0.65574 -1.49886 -0.715844 0.45637 -1.43491 -0.549179 0.260273 -1.41493 -0.319256 
0.656307 -1.49896 -0.716011 0.456277 -1.43529 -0.549268 0.259152 -1.41467 -0.320378 
0.65828 -1.4999 -0.716299 0.456915 -1.43695 -0.550618 0.253812 -1.41444 -0.327443 
0.658404 -1.50003 -0.716415 0.456381 -1.43702 -0.552085 0.250057 -1.41389 -0.3322 
0.658703 -1.50036 -0.717065 0.456758 -1.43651 -0.556039 0.242972 -1.41268 -0.340098 
0.658394 -1.50039 -0.717971 0.448166 -1.43619 -0.563661 0.230306 -1.41125 -0.353133 
0.658399 -1.50052 -0.718147 0.445554 -1.4365 -0.567413 0.224513 -1.41078 -0.360124 
0.658562 -1.50083 -0.718402 0.44275 -1.43746 -0.572286 0.217014 -1.40981 -0.369047 
0.65853 -1.50132 -0.718742 0.440516 -1.43711 -0.582129 0.202817 -1.40665 -0.390082 
0.658526 -1.50137 -0.718923 0.437628 -1.43615 -0.586953 0.19712 -1.40506 -0.398588 
0.658533 -1.50163 -0.71932 0.430823 -1.43546 -0.594033 0.188162 -1.40366 -0.412883 
0.658369 -1.5017 -0.71909 0.426724 -1.43601 -0.60803 0.171881 -1.40378 -0.439907 
0.658 -1.50174 -0.718971 0.423855 -1.4363 -0.614051 0.164905 -1.40379 -0.452729 
0.657465 -1.50187 -0.719072 0.419864 -1.43659 -0.623981 0.154418 -1.40322 -0.473729 
0.656008 -1.50132 -0.719179 0.413534 -1.43559 -0.643057 0.13735 -1.40069 -0.513826 
0.655359 -1.50123 -0.719262 0.411019 -1.43503 -0.651219 0.130941 -1.39915 -0.531219 
0.653708 -1.50117 -0.71934 0.407086 -1.43342 -0.664962 0.121924 -1.39616 -0.559504 
0.651818 -1.50068 -0.720005 0.402611 -1.43007 -0.689653 0.109611 -1.38826 -0.611302 
0.650556 -1.50001 -0.720618 0.401354 -1.42847 -0.699891 0.105726 -1.38436 -0.633291 
0.647769 -1.49909 -0.721348 0.399801 -1.42525 -0.715794 0.101471 -1.37808 -0.667933 
0.642795 -1.49708 -0.722446 0.398951 -1.41871 -0.743575 0.0988007 -1.36495 -0.727921 
0.64032 -1.49676 -0.721258 0.397684 -1.41568 -0.754155 0.100659 -1.35844 -0.74628 
0.638291 -1.49565 -0.721883 0.399683 -1.41148 -0.770828 0.104147 -1.34915 -0.782004 
0.63377 -1.49361 -0.723298 0.405035 -1.40367 -0.797939 0.114959 -1.33351 -0.839546 
0.631749 -1.49298 -0.724242 0.408121 -1.40022 -0.807825 0.120927 -1.32732 -0.861613 
0.62919 -1.492 -0.725641 0.413313 -1.39596 -0.822558 0.134189 -1.3201 -0.896562 
0.626252 -1.4905 -0.726698 0.4263 -1.39008 -0.84202 0.155583 -1.30537 -0.94553 
0.625781 -1.49034 -0.727034 0.42779 -1.3886 -0.844653 0.160428 -1.30255 -0.95467 
0.623234 -1.48997 -0.72931 0.43626 -1.38385 -0.858639 0.180336 -1.29159 -0.988324 
0.622015 -1.48892 -0.729134 0.447815 -1.37847 -0.873654 0.206303 -1.27926 -1.02429 
0.621459 -1.48861 -0.729498 0.45031 -1.37729 -0.87647 0.211693 -1.277 -1.03095 
0.621253 -1.48716 -0.730974 0.460353 -1.37317 -0.886846 0.232925 -1.26851 -1.05491 
0.620157 -1.48649 -0.732328 0.473732 -1.36818 -0.898841 0.259983 -1.25879 -1.08162 
0.619988 -1.48634 -0.732632 0.476365 -1.36731 -0.901104 0.265337 -1.25699 -1.08666 
0.619078 -1.48595 -0.733785 0.486779 -1.36409 -0.909707 0.287266 -1.25081 -1.10585 
0.618005 -1.4853 -0.734469 0.499384 -1.36122 -0.918486 0.31509 -1.24371 -1.12715 
0.617879 -1.48523 -0.734481 0.501752 -1.36084 -0.919972 0.320568 -1.24231 -1.13098 
0.617487 -1.48496 -0.734986 0.510218 -1.3593 -0.925138 0.341662 -1.23767 -1.14466 
0.617173 -1.48464 -0.73535 0.51952 -1.35789 -0.930415 0.364612 -1.23339 -1.15838 
0.617018 -1.48459 -0.735297 0.521188 -1.35782 -0.93126 0.368676 -1.23304 -1.16063 
0.616497 -1.48464 -0.735208 0.526635 -1.35766 -0.933867 0.382749 -1.23125 -1.16819 
0.616819 -1.48481 -0.73516 0.531649 -1.35774 -0.936215 0.395059 -1.2309 -1.17468 
0.616878 -1.48489 -0.735216 0.532364 -1.35781 -0.936518 0.396652 -1.23093 -1.17546 
0.617192 -1.48522 -0.735217 0.53424 -1.35861 -0.937543 0.400633 -1.2316 -1.17766 
0.617643 -1.48579 -0.735179 0.534119 -1.35961 -0.937451 0.399492 -1.23379 -1.17747 
0.617763 -1.4859 -0.735198 0.533746 -1.35985 -0.937303 0.398435 -1.23429 -1.17701 
0.618508 -1.48635 -0.735308 0.531119 -1.36129 -0.936194 0.391544 -1.23688 -1.17413 
0.619491 -1.48724 -0.735194 0.525604 -1.36288 -0.93365 0.378027 -1.24021 -1.16736 
0.619773 -1.48737 -0.735213 0.524348 -1.36324 -0.932983 0.374738 -1.24115 -1.16563 
0.620862 -1.48771 -0.735154 0.517903 -1.36491 -0.929883 0.359585 -1.24432 -1.15727 
0.620247 -1.48888 -0.736439 0.508254 -1.3668 -0.924295 0.336494 -1.24855 -1.14264 
0.62073 -1.4893 -0.736576 0.506031 -1.3672 -0.922861 0.331446 -1.24967 -1.13924 
0.623 -1.48998 -0.734871 0.496663 -1.36901 -0.916415 0.309841 -1.25439 -1.12376 
0.623571 -1.49047 -0.735297 0.484479 -1.37195 -0.907032 0.280692 -1.26155 -1.10017 
0.623951 -1.49065 -0.734924 0.481869 -1.37273 -0.904885 0.274798 -1.26328 -1.0951 
0.62453 -1.49112 -0.734492 0.472035 -1.37583 -0.896085 0.251639 -1.27105 -1.07394 
0.625904 -1.49202 -0.733262 0.460246 -1.38028 -0.884659 0.224331 -1.28158 -1.04546 
0.625961 -1.49209 -0.733385 0.458057 -1.38124 -0.88229 0.219058 -1.28403 -1.03956 
0.627704 -1.49297 -0.731533 0.449128 -1.38547 -0.872198 0.198922 -1.29352 -1.01527 
0.627984 -1.49391 -0.731312 0.438519 -1.39073 -0.858968 0.176274 -1.30584 -0.983732 
0.628463 -1.49428 -0.7308 0.43669 -1.39172 -0.856168 0.172054 -1.30836 -0.977139 
0.629238 -1.49489 -0.729827 0.429292 -1.3962 -0.845115 0.156209 -1.3185 -0.950407 
0.631619 -1.49562 -0.727085 0.419137 -1.39913 -0.827023 0.132459 -1.32461 -0.907731 
0.631947 -1.49561 -0.726587 0.4177 -1.40007 -0.82387 0.13085 -1.32765 -0.902402 
0.633591 -1.49647 -0.725735 0.412181 -1.40375 -0.811427 0.124582 -1.34161 -0.878884 
0.635088 -1.49682 -0.726039 0.405856 -1.40813 -0.7944 0.11108 -1.35145 -0.837866 
0.63542 -1.49678 -0.725632 0.404891 -1.40895 -0.790999 0.111913 -1.35403 -0.833279 
0.636812 -1.49814 -0.722182 0.399403 -1.41264 -0.782411 0.101208 -1.35823 -0.795776 
0.639011 -1.49902 -0.720425 0.396973 -1.41571 -0.758547 0.0955892 -1.36671 -0.754904 
0.63929 -1.49934 -0.720283 0.396419 -1.41636 -0.754864 0.0948242 -1.3682 -0.746812 
0.640386 -1.4997 -0.718904 0.394528 -1.41876 -0.740171 0.0921484 -1.37428 -0.720423 
0.642822 -1.49995 -0.718886 0.394325 -1.42232 -0.726657 0.0926224 -1.38064 -0.68064 
0.643096 -1.50005 -0.718347 0.394288 -1.42286 -0.723064 0.0930082 -1.38184 -0.672694 
0.644365 -1.5007 -0.717037 0.393815 -1.42473 -0.708788 0.0952294 -1.38669 -0.641798 
0.645083 -1.50119 -0.715295 0.394344 -1.42701 -0.69191 0.0999481 -1.39202 -0.604333 
0.644994 -1.50142 -0.714978 0.39425 -1.42698 -0.688313 0.101311 -1.39303 -0.596663 
0.645187 -1.50173 -0.714071 0.395308 -1.4283 -0.675547 0.107245 -1.39705 -0.567572 
0.645537 -1.50199 -0.713417 0.396461 -1.42913 -0.666027 0.112597 -1.39979 -0.546136 
0.645512 -1.50217 -0.712522 0.398753 -1.42974 -0.651071 0.123131 -1.40413 -0.511506 
0.645466 -1.50235 -0.712342 0.400005 -1.43026 -0.645131 0.127838 -1.40573 -0.498023 
0.645534 -1.50267 -0.712082 0.401787 -1.43057 -0.636143 0.135559 -1.40735 -0.47829 
0.645191 -1.50266 -0.711461 0.405921 -1.43111 -0.620775 0.149935 -1.4087 -0.446234 
0.64502 -1.50252 -0.711293 0.407731 -1.43105 -0.614873 0.156318 -1.40901 -0.433835 
0.643358 -1.50192 -0.708289 0.410594 -1.43067 -0.606383 0.166336 -1.40865 -0.415469 
0.641577 -1.50109 -0.709563 0.413044 -1.42981 -0.59153 0.183886 -1.40808 -0.386695 
0.642357 -1.50099 -0.707631 0.417838 -1.42964 -0.587554 0.189398 -1.40779 -0.37916 
0.641486 -1.5004 -0.707511 0.418326 -1.42932 -0.579216 0.199372 -1.4074 -0.365222 
0.639446 -1.49997 -0.708259 0.423087 -1.42839 -0.569237 0.214354 -1.40659 -0.346341 
0.639007 -1.49985 -0.708482 0.427443 -1.42831 -0.566885 0.219045 -1.40621 -0.340259 
0.638487 -1.49963 -0.708719 0.427234 -1.42825 -0.561699 0.225285 -1.40587 -0.333005 
0.638024 -1.49932 -0.709285 0.429492 -1.4274 -0.557787 0.232585 -1.40485 -0.327032 
0.637398 -1.49918 -0.71011 0.430449 -1.42732 -0.556542 0.235124 -1.4044 -0.3247 
0.636201 -1.49885 -0.71242 0.431299 -1.42685 -0.555486 0.23837 -1.40361 -0.321715 
0.634644 -1.49802 -0.712147 0.431908 -1.42588 -0.554816 0.240725 -1.40165 -0.32018 
0.634077 -1.49788 -0.712473 0.431787 -1.42542 -0.554787 0.240258 -1.40025 -0.320513 
0.633583 -1.49769 -0.712824 0.433865 -1.4245 -0.556205 0.239324 -1.39883 -0.321523 
0.631883 -1.49721 -0.715527 0.430015 -1.424 -0.5558 0.237952 -1.39821 -0.322596 
0.632072 -1.49723 -0.714378 0.429739 -1.42431 -0.556364 0.237428 -1.39817 -0.322933 
0.631379 -1.49689 -0.71468 0.429122 -1.42436 -0.556922 0.236998 -1.39807 -0.323554 
0.629056 -1.49682 -0.716769 0.428578 -1.42464 -0.557119 0.236692 -1.39891 -0.323001 
0.629054 -1.49646 -0.716062 0.42836 -1.42481 -0.557187 0.236807 -1.39936 -0.322917 
0.628847 -1.49649 -0.716455 0.428072 -1.42519 -0.557135 0.236699 -1.40004 -0.322734 
0.627613 -1.49653 -0.719117 0.427536 -1.42562 -0.557394 0.236665 -1.40127 -0.322659 
0.627333 -1.49652 -0.719363 0.427371 -1.42578 -0.557528 0.236644 -1.40184 -0.322735 
0.627031 -1.49657 -0.719755 0.427176 -1.42602 -0.557819 0.236726 -1.4025 -0.322803 
0.627332 -1.49677 -0.718746 0.42703 -1.42628 -0.558275 0.237288 -1.40318 -0.322383 
0.627366 -1.4968 -0.718803 0.42704 -1.42639 -0.558384 0.237563 -1.40329 -0.3222 
0.6273 -1.4969 -0.719011 0.427055 -1.42655 -0.55853 0.238036 -1.40336 -0.321998 
0.627347 -1.49698 -0.719026 0.427355 -1.42692 -0.558457 0.238579 -1.40369 -0.321718 
0.627358 -1.49708 -0.719098 0.427422 -1.42703 -0.558438 0.238851 -1.4038 -0.321568 
0.627374 -1.49711 -0.719199 0.427552 -1.42707 -0.558506 0.239302 -1.40382 -0.321439 
0.627202 -1.49719 -0.719613 0.427675 -1.42696 -0.558668 0.240138 -1.4035 -0.320999 
0.6269 -1.49733 -0.719844 0.427699 -1.42689 -0.558772 0.240557 -1.40333 -0.320737 
0.626976 -1.49733 -0.719949 0.42774 -1.42669 -0.558857 0.241056 -1.40297 -0.320535 
0.626647 -1.49729 -0.720243 0.427964 -1.42623 -0.55889 0.241629 -1.40198 -0.3201 
0.626624 -1.49723 -0.720341 0.428107 -1.42596 -0.558799 0.241835 -1.40152 -0.319975 
