669.793 435.669 823.213 414.367 951.385 446.069 
669.801 435.657 823.226 413.72 951.276 445.974 
669.817 435.673 823.251 412.813 951.165 445.861 
669.852 435.681 823.936 410.696 950.959 445.632 
669 440 823 413 952 448 
669.88 435.736 823.948 409.051 950.5 446.045 
669.846 435.968 823.709 406.808 949.788 445.52 
669.864 436.08 823.45 405.767 949.497 445.299 
669.844 436.099 823.161 403.877 948.874 444.694 
671 438 822 404 951 445 
669.768 436.178 822.292 399.627 947.014 443.834 
669.699 436.208 821.726 398.153 946.176 443.387 
669.561 436.223 820.422 397.0 945.039 442.709 
669.51 436.37 820.186 396.079 944.575 442.56 
669.468 436.406 819.844 395.295 943.848 443.211 
669.447 436.478 819.164 392.949 942.475 443.156 
669.462 436.486 818.859 391.761 941.437 443.687 
669.455 436.493 818.797 388.918 940.369 443.102 
669.456 436.439 817.814 385.191 937.831 442.728 
669.447 436.442 817.203 383.906 936.869 442.527 
669.393 436.464 816.458 381.957 934.981 442.977 
669.258 436.53 815.448 379.139 933.141 442.192 
669.118 436.529 814.137 379.6 931.957 442.858 
669.004 436.584 814.102 377.68 931.215 442.779 
668.959 436.575 813.43 376.198 929.845 442.718 
668.927 436.588 813.107 375.71 929.199 442.899 
668.937 436.587 812.698 374.92 928.255 443.139 
668.978 436.612 811.916 373.088 926.677 442.955 
668.998 436.598 810.884 373.37 925.735 443.222 
669.027 436.569 810.951 371.28 924.627 443.077 
669.023 436.591 809.687 369.119 922.245 443.143 
669.016 436.593 809.251 368.396 921.428 442.993 
668.99 436.589 807.886 368.26 919.933 443.321 
668.892 436.632 807.237 365.77 917.708 443.427 
668.864 436.628 806.853 364.906 916.741 443.364 
668.843 436.589 806.148 363.965 915.484 443.224 
668.841 436.506 804.82 362.235 913.007 443.194 
668.825 436.399 804.31 361.603 912.017 443.262 
668.857 436.347 803.632 360.321 910.443 443.218 
668.831 436.259 802.339 358.707 907.848 443.266 
668.886 436.226 801.719 358.049 906.96 443.084 
668.851 436.204 801.018 357.196 905.37 443.292 
668.794 436.191 799.898 355.902 902.975 443.682 
668.743 436.19 799.343 355.395 902.171 443.565 
668.757 436.183 798.791 354.444 900.828 443.743 
668.664 435.977 797.784 353.229 898.592 443.857 
668.666 435.965 797.37 352.768 897.591 443.899 
668.662 435.948 796.927 351.935 896.153 443.987 
668.693 435.914 795.482 350.81 893.66 444.25 
668.688 435.907 795.017 350.234 892.656 444.125 
668.676 435.928 794.474 349.317 890.946 444.517 
668.615 435.907 793.166 347.974 888.221 444.778 
668.574 435.876 792.326 347.737 887.196 444.689 
668.558 435.87 791.6 346.96 885.53 444.899 
668.487 435.686 790.383 345.58 883.057 444.827 
668.485 435.679 789.751 345.441 882.15 444.785 
668.465 435.675 789.007 344.883 880.583 444.873 
668.448 435.665 787.603 343.416 878.177 444.619 
668.436 435.648 787.066 343.19 877.04 444.751 
668.418 435.625 786.375 342.376 875.587 444.372 
668.383 435.626 784.866 341.457 873.004 444.162 
668.34 435.61 784.353 341.036 871.866 444.432 
668.32 435.494 783.647 340.199 870.553 444.11 
668.248 435.465 782.345 339.536 868.245 444.153 
668.226 435.445 781.925 339.258 867.483 444.147 
668.15 435.524 781.393 338.551 866.132 444.124 
668.121 435.511 780.062 337.977 863.922 444.315 
668.111 435.508 779.589 337.555 862.966 444.129 
668.093 435.47 778.249 337.932 861.45 444.225 
668.084 435.383 777.343 335.981 858.963 443.729 
668.05 435.333 776.991 335.531 857.798 443.659 
667.984 435.28 775.742 334.933 856.159 443.324 
667.86 435.209 774.326 333.794 853.193 443.332 
667.819 435.174 773.489 333.519 852.001 443.058 
667.731 435.137 772.52 332.774 850.148 443.057 
667.62 435.054 770.81 331.821 847.298 442.815 
667.563 434.853 770.29 331.445 846.801 441.931 
667.502 434.757 769.265 331.17 844.662 442.63 
667.326 434.726 768.097 330.31 842.605 441.57 
667.302 434.733 767.495 329.863 841.68 441.513 
667.241 434.551 766.434 329.485 840.049 441.313 
667.243 434.543 764.672 328.699 837.207 441.057 
667.232 434.537 764.353 328.504 836.638 441.099 
667.204 434.523 763.225 327.419 834.126 440.873 
667.145 434.524 761.419 326.753 831.219 440.646 
667.08 434.496 761.126 326.534 830.666 440.567 
666.966 434.623 759.423 326.84 828.946 440.379 
666.768 434.657 758.835 325.672 827.302 440.277 
666.734 434.787 758.649 325.56 827.065 440.234 
666.668 434.836 758.041 325.003 826.013 440.033 
666.603 434.866 757.247 324.617 824.744 439.931 
666.563 434.871 757.093 324.552 824.516 439.868 
666.518 434.901 756.305 324.381 823.651 439.644 
666.467 434.95 755.66 324.088 822.638 439.705 
666.453 434.946 755.581 324.051 822.497 439.681 
666.418 434.974 755.453 323.94 822.119 439.742 
666.41 434.996 755.72 324.154 822.155 439.96 
666.41 434.98 755.775 324.191 822.188 440.06 
666.449 434.949 756.025 324.252 822.214 440.292 
666.499 434.861 756.192 324.343 822.142 440.32 
666.556 434.818 756.196 324.336 822.132 440.292 
666.566 434.755 756.104 324.135 822.01 440.152 
666.574 434.779 755.744 324.068 821.818 439.935 
666.568 434.772 755.582 324.056 821.744 439.872 
666.543 434.815 754.68 324.002 821.138 439.276 
666.326 435.033 753.519 323.158 819.681 438.677 
666.263 435.036 752.716 323.05 818.87 438.515 
666.173 435.042 751.843 322.648 817.939 438.108 
666.041 435.099 751.311 322.282 816.977 438.043 
666.014 435.106 751.398 322.291 816.932 438.112 
665.912 435.16 752.623 322.575 817.18 438.969 
665.906 435.262 754.323 323.497 817.865 440.388 
665.933 435.264 754.669 323.583 817.982 440.719 
666.048 435.278 755.351 323.978 818.29 441.151 
666.162 435.198 755.53 323.887 818.253 441.086 
666.174 435.189 755.514 323.865 818.233 441.071 
666.178 435.152 755.64 323.882 818.279 441.082 
666.157 435.152 756.258 324.103 818.644 441.354 
666.145 435.153 755.754 325.003 818.741 441.439 
666.135 435.173 756.268 325.239 819.083 441.726 
666.133 435.172 757.597 324.506 819.419 441.931 
666.151 435.132 757.703 324.527 819.427 442.092 
666.163 435.099 758.062 324.703 819.548 442.194 
666.212 435.064 758.319 324.849 819.461 442.281 
666.224 435.049 758.397 324.835 819.471 442.284 
666.238 435.041 758.51 324.811 819.57 442.3 
666.253 435.055 758.796 325.028 820.521 442.191 
666.249 435.049 758.897 325.209 820.842 441.992 
666.268 435.084 759.487 325.61 821.999 442.148 
666.363 434.949 760.229 325.82 823.663 442.152 
666.299 435.148 760.516 325.991 824.372 442.28 
666.396 434.95 760.973 326.187 825.425 442.228 
666.454 434.922 761.758 326.719 827.193 442.187 
666.5 434.945 761.918 326.845 827.519 442.209 
666.509 434.933 762.874 326.982 828.879 442.206 
666.56 434.949 763.45 327.314 830.419 442.321 
666.574 434.943 763.592 327.445 830.728 442.326 
666.57 434.968 764.154 327.909 832.034 442.344 
666.601 434.982 764.858 328.499 833.773 442.305 
666.585 434.978 764.999 328.581 834.161 442.323 
666.589 434.995 765.896 328.923 835.612 442.399 
666.613 435.005 766.839 329.493 837.77 442.266 
666.63 434.973 767.074 329.607 838.178 442.31 
666.662 434.988 767.333 331.208 839.908 442.262 
666.703 435.02 768.92 330.78 841.925 442.48 
666.76 435.021 769.097 330.883 842.463 442.202 
666.769 435.06 769.855 331.484 843.924 442.441 
666.82 435.056 770.945 331.858 845.928 442.361 
666.808 435.055 771.304 332.095 846.847 442.395 
666.82 435.071 771.793 332.659 848.063 442.301 
666.822 435.077 772.666 333.497 850.084 442.247 
666.822 435.055 772.88 333.562 850.5 442.284 
666.842 435.082 773.687 333.845 851.906 442.363 
666.891 435.063 774.438 334.419 853.602 442.323 
666.889 435.055 774.585 334.51 853.913 442.288 
666.909 435.062 775.095 335.133 855.196 442.396 
666.932 435.037 775.942 335.505 856.26 442.923 
666.926 435.053 776.073 335.591 856.909 442.287 
666.917 435.069 776.622 335.962 858.087 442.214 
666.903 435.087 777.335 336.64 859.72 442.08 
666.908 435.092 777.532 336.758 860.125 442.098 
666.897 435.12 777.452 338.159 861.587 441.939 
666.928 435.127 778.958 337.907 863.424 441.986 
666.92 435.119 779.109 338.039 863.803 441.839 
666.927 435.229 779.74 338.552 865.377 441.89 
666.951 435.231 780.014 340.43 867.357 441.656 
666.951 435.24 780.815 339.747 867.344 442.291 
666.965 435.224 781.714 340.037 869.303 441.539 
666.991 435.112 782.388 340.86 871.12 441.577 
666.997 435.074 782.544 341.032 871.449 441.602 
667.024 435.051 783.106 341.51 872.745 441.446 
667.08 435.03 783.825 342.461 873.917 442.282 
667.042 435.023 783.957 342.573 874.697 441.34 
667.089 435.001 783.911 343.906 876.154 441.185 
667.074 435.034 785.393 343.579 877.895 440.714 
667.026 435.039 785.552 343.705 878.243 440.717 
667.038 435.051 786.065 344.476 879.791 440.514 
667.103 435.271 787.221 345.162 881.513 441.238 
667.097 435.284 787.456 345.338 882.431 440.294 
667.117 435.309 788.146 346.422 883.902 441.027 
667.132 435.353 789.275 347.471 886.412 440.685 
667.142 435.356 789.701 347.599 886.843 440.684 
667.154 435.38 790.363 348.555 888.81 440.479 
667.185 435.412 791.436 349.582 891.495 439.523 
667.212 435.31 791.6 349.745 891.359 440.32 
667.271 435.305 791.623 351.443 892.732 440.18 
667.383 435.331 793.057 351.17 894.248 440.26 
667.287 435.346 793.171 351.313 894.526 440.267 
667.283 435.343 793.753 352.061 895.818 440.138 
667.277 435.343 794.41 353.087 897.447 440.101 
667.273 435.344 794.942 353.141 897.86 440.21 
667.269 435.357 795.458 353.928 899.503 439.916 
667.238 435.435 796.447 355.522 901.94 439.509 
667.273 435.342 796.715 355.826 902.35 439.567 
667.379 435.332 797.929 356.858 904.376 439.226 
667.404 435.36 798.948 358.489 906.862 439.162 
667.418 435.338 799.179 358.829 907.37 439.128 
667.454 435.355 800.025 360.145 909.185 439.063 
667.499 435.349 801.18 361.51 911.202 439.205 
667.501 435.362 801.376 361.822 911.571 439.196 
667.499 435.358 802.169 362.913 913.267 438.887 
667.515 435.39 803.078 364.434 914.968 439.136 
667.51 435.373 802.72 365.606 915.756 438.504 
667.532 435.417 804.206 365.943 917.281 438.702 
667.526 435.421 805.193 367.79 919.382 438.435 
667.544 435.419 805.421 368.171 919.752 438.528 
667.572 435.533 805.726 370.46 921.495 438.325 
667.591 435.465 807.391 370.992 923.224 438.602 
667.617 435.551 807.555 371.249 923.691 438.439 
667.646 435.575 807.616 373.427 924.903 438.635 
667.642 435.617 808.985 373.804 926.295 438.585 
667.632 435.594 809.132 374.037 926.53 438.625 
667.626 435.627 809.56 374.923 927.452 438.583 
667.595 435.963 809.981 376.156 928.393 438.863 
667.603 435.952 810.077 376.341 928.571 438.87 
667.605 435.957 810.576 377.285 929.55 438.676 
667.638 435.629 811.089 378.678 930.786 438.674 
667.65 435.629 811.231 379.012 931.062 438.679 
667.679 435.623 811.284 381.444 932.232 438.825 
667.707 435.62 812.125 383.291 933.951 438.807 
667.713 435.615 812.941 382.753 934.251 438.886 
667.766 435.628 813.592 384.202 935.397 439.224 
667.831 435.578 814.249 386.028 936.829 439.08 
667.843 435.561 814.378 386.278 937.017 439.128 
667.878 435.563 814.788 387.718 937.817 439.525 
667.874 435.567 814.791 390.187 938.587 439.929 
667.882 435.588 814.905 390.543 939.249 439.507 
667.866 435.604 816.284 391.227 940.19 439.505 
667.901 435.649 816.923 393.526 941.425 440.185 
667.914 435.662 816.81 394.309 941.678 440.25 
667.952 435.66 816.708 397.024 942.771 440.233 
668.023 435.622 817.926 398.001 943.816 440.232 
668.044 435.618 817.976 398.565 943.98 440.261 
668.111 435.477 818.515 399.999 944.709 440.301 
668 437 817 403 948 442 
669 437 820 405 945 443 
668.316 435.439 819.59 403.662 946.341 439.982 
668.381 435.419 819.42 406.351 947.07 440.694 
668.389 435.418 819.717 406.553 947.237 441.051 
668.422 435.408 820.72 407.122 947.807 441.431 
668.473 435.419 820.329 410.464 948.602 441.8 
668.54 435.504 820.465 410.919 948.788 441.902 
668.617 435.496 820.852 412.662 949.392 441.611 
668.768 435.296 821.989 413.469 949.967 442.022 
668.801 435.269 821.376 414.893 950.079 442.137 
669.012 435.402 822.288 415.006 950.498 442.509 
669.25 435.342 822.582 416.034 950.846 442.884 
669.264 435.33 822.004 417.17 950.896 442.924 
669.358 435.171 822.677 416.787 951.103 443.513 
669.376 435.189 822.768 417.103 951.153 443.596 
669.362 435.198 822.762 417.136 951.135 443.603 
669.39 435.167 822.781 417.18 951.133 443.518 
668 438 824 420 952 446 
669.421 435.152 822.77 417.155 951.118 443.295 
669.417 435.157 822.756 416.953 951.132 443.646 
669.396 435.204 822.744 416.641 951.116 443.761 
669.427 435.171 822.741 416.562 951.092 443.753 
669.425 435.21 822.758 415.772 951.003 443.766 
669.37 435.326 822.723 414.487 950.742 443.633 
669.39 435.251 822.786 413.943 950.604 443.251 
669.346 435.372 822.595 412.47 950.196 442.814 
669.368 435.556 822.386 410.197 949.55 442.158 
669.368 435.574 821.798 410.654 949.424 442.092 
669.364 435.567 822.119 407.974 948.816 442.562 
669.366 435.579 821.812 405.837 948.017 442.172 
669.353 435.591 821.735 405.356 947.889 442.114 
669.355 435.608 821.433 403.593 947.303 441.751 
669.321 435.615 820.975 401.429 946.227 441.918 
669.303 435.625 820.886 401.07 946.002 441.838 
669.187 435.635 820.485 399.248 945.225 441.555 
668 437 820 399 947 445 
671 438 820 400 945 444 
669.101 435.651 819.328 394.342 942.417 440.553 
669.059 435.484 818.048 392.601 940.818 440.732 
669.075 435.481 817.93 391.972 940.438 440.709 
669.063 435.479 818.147 388.64 939.099 440.313 
669.046 435.457 816.43 387.282 937.097 440.327 
669.018 435.456 816.872 385.794 936.766 440.249 
668.997 435.446 816.175 384.018 935.037 440.684 
668.888 435.308 815.333 381.931 933.703 440.298 
668.88 435.322 815.189 381.618 933.376 440.078 
668.848 435.347 813.883 381.302 931.773 440.79 
668.854 435.359 814.025 378.387 930.596 440.314 
668.846 435.366 813.003 379.154 930.281 440.374 
668.854 435.349 813.018 376.879 928.846 440.632 
668.856 435.361 812.122 375.0 927.169 440.385 
668.85 435.35 811.87 374.65 926.696 440.474 
668.831 435.369 810.356 374.05 925.055 440.442 
668.784 435.577 809.947 370.653 922.624 440.493 
668.79 435.575 809.395 370.397 922.176 440.297 
668.821 435.358 808.405 368.439 919.989 440.368 
668.764 435.318 806.865 366.195 917.09 440.337 
668.768 435.328 806.428 365.693 916.521 440.148 
668.766 435.316 805.22 363.656 913.888 440.178 
668.768 435.313 803.296 361.224 910.491 440.143 
668.756 435.289 803.027 360.818 909.514 440.622 
668.725 435.292 801.77 358.58 906.588 440.624 
668.635 435.508 799.673 356.534 903.305 440.612 
668.635 435.497 799.347 356.169 902.661 440.421 
668.572 435.526 798.008 354.684 899.988 440.583 
668.52 435.532 796.853 353.19 897.618 440.887 
668.55 435.537 796.327 352.549 896.565 440.778 
668.487 435.533 794.714 352.728 894.474 441.34 
668.491 435.537 794.333 350.555 892.099 441.794 
668.483 435.521 794.127 350.334 891.705 441.845 
668.489 435.531 793.456 349.555 890.169 441.873 
668.487 435.45 792.748 348.844 888.552 442.192 
668.491 435.544 792.572 348.265 887.827 442.105 
668.489 435.548 791.104 348.819 886.454 442.346 
668.465 435.556 790.679 346.904 884.383 442.525 
668.471 435.559 790.234 346.493 883.528 442.527 
668.458 435.569 789.849 345.836 882.316 442.308 
668.426 435.584 788.408 344.898 879.907 442.455 
668.42 435.573 787.992 344.504 879.054 442.406 
668.414 435.548 787.571 343.731 877.693 442.437 
668.377 435.489 786.276 343.054 875.47 442.564 
668.375 435.581 785.79 342.683 874.609 442.422 
668.355 435.595 785.153 342.218 873.527 442.327 
668.34 435.467 784.497 341.241 871.737 442.259 
668.326 435.479 783.896 341.141 870.918 442.159 
668.302 435.495 783.006 340.53 869.253 442.258 
668.308 435.599 782.327 339.692 867.37 442.32 
668.31 435.605 781.833 339.272 867.017 441.374 
668.306 435.615 780.785 338.78 864.921 442.147 
668.215 435.433 778.745 338.751 862.064 442.106 
668.24 435.479 778.778 337.36 861.387 441.37 
668.198 435.503 777.846 336.616 858.955 442.143 
668.167 435.486 776.005 335.323 856.004 441.17 
668.101 435.564 775.322 334.837 854.184 441.862 
668.075 435.544 774.14 334.252 852.034 441.83 
668.026 435.497 772.353 332.781 848.96 440.947 
667.995 435.507 771.522 332.595 847.762 440.771 
667.944 435.52 770.544 331.891 845.977 440.726 
667.806 435.506 769.11 331.177 843.527 440.555 
667.794 435.515 768.58 330.725 842.728 440.408 
667.792 435.511 767.921 330.35 841.388 440.348 
667.772 435.492 765.983 330.508 839.059 440.183 
667.818 435.478 766.026 329.209 837.965 440.162 
667.78 435.479 765.218 328.645 836.484 439.963 
667.745 435.47 763.561 328.032 833.83 439.693 
667.713 435.473 762.993 327.615 832.676 439.687 
667.672 435.486 761.459 328.091 831.18 439.473 
667.572 435.463 760.618 326.391 828.802 439.283 
667.532 435.449 760.108 326.058 827.947 439.146 
667.495 435.465 759.175 325.901 826.711 438.976 
667.436 435.43 758.261 325.192 825.104 438.632 
667.424 435.426 757.958 324.905 824.536 438.601 
667.336 435.427 756.738 325.832 823.935 438.477 
667.414 435.389 756.727 324.685 823.088 438.272 
667.387 435.477 756.585 324.639 822.832 438.272 
667.372 435.45 756.359 324.572 822.505 438.21 
667.281 435.456 755.867 324.266 821.998 437.971 
667.35 435.443 755.808 324.185 821.702 437.97 
667.207 435.424 755.217 324.3 821.344 437.837 
667.217 435.382 755.005 324.194 820.961 437.703 
667.237 435.318 755.071 324.054 820.895 437.685 
667.186 435.321 755.235 324.259 820.986 437.88 
667.233 435.261 756.347 324.473 821.384 438.524 
667.313 435.16 756.748 324.719 821.468 438.835 
667.372 435.148 757.518 325.136 821.719 439.592 
667.519 435.128 758.095 325.28 821.869 440.099 
667.551 435.131 758.42 325.187 822.038 440.146 
667.568 435.123 758.6 325.229 822.089 440.125 
667.584 435.199 758.913 325.316 822.244 440.215 
667.578 435.189 759.062 325.436 822.281 440.283 
667.541 435.188 759.294 325.501 822.378 440.39 
667.527 435.213 759.635 325.704 822.568 440.687 
667.521 435.185 759.794 325.775 822.673 440.772 
667.505 435.19 759.96 325.852 822.824 440.846 
667.48 435.157 760.481 325.799 823.066 440.972 
667.521 435.16 760.636 325.805 823.195 440.997 
667.496 435.153 760.877 325.814 823.331 441.114 
667.511 435.192 761.274 325.982 823.683 441.442 
667.505 435.221 761.157 326.142 823.916 441.397 
667.458 435.286 761.313 326.232 824.325 441.405 
667.442 435.355 761.63 326.43 825.402 441.293 
667.444 435.356 761.787 326.52 825.791 441.23 
667.438 435.383 762.064 326.825 826.46 441.202 
667.455 435.379 762.589 327.127 827.738 441.145 
667.45 435.393 762.791 327.233 828.271 441.14 
667.467 435.366 763.155 327.451 829.139 441.148 
667.485 435.322 764.053 327.617 830.722 441.093 
667.548 435.287 764.43 327.832 831.409 441.151 
667.558 435.263 764.833 328.151 832.231 441.22 
667.564 435.219 765.341 328.483 833.488 441.134 
667.584 435.232 765.555 328.613 833.938 440.95 
667.59 435.224 765.754 328.713 834.482 440.881 
667.578 435.245 766.197 328.709 835.14 440.819 
667.57 435.247 766.339 328.779 835.624 440.806 
667.509 435.305 765.835 330.12 836.465 440.655 
667.515 435.355 767.013 329.581 837.66 440.808 
667.493 435.34 767.121 329.643 837.977 440.754 
667.509 435.348 767.476 329.846 838.857 440.558 
667.528 435.313 768.119 330.13 840.098 440.717 
667.564 435.333 768.548 330.154 840.567 440.713 
667.595 435.348 768.005 331.384 841.245 440.587 
667.599 435.361 769.202 330.544 842.232 440.684 
667.599 435.354 769.357 330.706 842.682 440.735 
667.587 435.379 769.607 331.098 843.237 440.738 
667.573 435.399 770.074 331.484 844.448 440.711 
667.573 435.383 770.261 331.649 844.921 440.738 
667.57 435.381 770.875 331.958 846.156 440.67 
667.585 435.326 771.623 332.152 847.649 440.723 
667.57 435.337 771.755 332.225 847.966 440.779 
667.603 435.315 772.199 332.619 848.921 440.679 
667.67 435.275 772.734 333.263 850.252 440.765 
667.684 435.276 772.983 333.397 850.722 440.833 
667.698 435.27 773.416 333.68 851.861 440.692 
667.759 435.399 774.096 333.889 853.003 440.67 
667.726 435.396 774.362 334.139 853.605 440.754 
667.718 435.405 774.833 334.46 854.789 440.461 
667.68 435.297 775.846 334.923 856.512 440.674 
667.749 435.418 776.186 335.28 857.369 440.387 
667.779 435.378 776.512 335.614 858.085 441.164 
667.81 435.374 777.464 336.332 860.385 440.586 
667.812 435.366 777.916 336.628 861.172 440.805 
667.828 435.392 778.708 336.863 862.205 440.956 
667.826 435.407 779.331 337.724 863.809 441.36 
667.848 435.415 779.675 337.93 864.424 441.324 
667.859 435.441 780.121 338.194 865.348 441.183 
667.853 435.446 780.026 339.41 866.631 441.182 
667.825 435.413 780.234 339.794 867.204 441.263 
667.819 435.416 781.284 339.132 867.936 440.958 
667.764 435.454 781.928 339.632 869.382 441.068 
667.776 435.447 782.203 339.892 870.036 440.794 
667.825 435.44 783.083 340.326 871.416 441.019 
667.843 435.455 783.857 340.858 872.781 440.79 
667.839 435.435 783.976 341.339 873.543 440.772 
667.861 435.43 784.647 342.015 875.193 440.665 
667.906 435.464 785.525 342.72 876.962 440.642 
667.9 435.412 786.119 342.932 877.873 440.503 
667.932 435.455 786.673 343.431 879.155 440.432 
667.942 435.45 787.427 344.448 881.427 440.051 
667.94 435.465 787.775 344.801 882.284 440.172 
667.916 435.434 787.837 346.463 883.693 439.871 
667.929 435.442 789.454 346.294 885.204 440.579 
667.921 435.451 789.792 346.693 886.641 439.662 
667.935 435.467 790.401 347.328 887.521 440.491 
667.953 435.484 791.629 348.478 889.942 440.225 
667.927 435.486 792.065 348.881 891.49 439.359 
667.949 435.495 792.795 349.809 892.723 440.099 
667.955 435.515 793.537 352.236 895.616 439.671 
668.004 435.469 795.023 351.758 896.995 439.297 
668.042 435.523 795.625 352.982 898.685 439.472 
668.024 435.484 797.245 354.631 901.829 439.144 
668.078 435.39 797.773 355.311 902.998 439.194 
668.103 435.404 798.523 356.399 904.671 439.162 
668.113 435.438 799.995 357.726 907.132 439.214 
668.154 435.423 800.398 358.555 908.287 438.998 
668.131 435.535 801.105 359.469 909.638 439.121 
668.201 435.53 802.368 360.943 912.147 438.719 
668.166 435.556 802.813 361.513 913.202 438.166 
668.184 435.586 803.44 362.739 914.567 438.346 
668.187 435.598 804.187 365.411 917.152 438.143 
668.181 435.61 805.313 365.259 918.242 438.0 
668.197 435.627 805.978 366.531 919.747 438.039 
668.211 435.621 807.583 368.458 922.337 437.809 
668.225 435.627 807.849 369.266 923.248 437.897 
668.248 435.726 808.64 370.528 924.78 437.436 
668.294 435.598 810.039 372.547 927.167 437.149 
668.329 435.574 810.455 373.465 927.981 437.474 
668.351 435.583 811.092 374.703 929.103 437.529 
668.386 435.588 811.802 376.582 930.94 437.649 
668.388 435.578 812.117 377.165 931.497 437.718 
668.4 435.577 812.636 378.395 932.6 437.437 
668.441 435.588 813.39 380.228 934.027 437.758 
668.457 435.586 813.612 380.911 934.692 437.763 
668.457 435.595 814.434 381.99 935.84 437.657 
668.473 435.596 815.316 384.31 937.437 438.26 
668.497 435.619 815.407 385.411 938.317 438.021 
668.514 435.607 815.891 387.082 939.252 438.53 
668.552 435.815 816.708 389.808 941.038 439.128 
668.591 435.819 817.357 390.673 941.851 439.321 
668.526 435.719 817.852 392.349 942.688 439.682 
668.67 435.836 817.786 396.31 944.304 439.868 
668.65 435.835 818.111 397.317 944.906 439.882 
668.721 435.807 818.612 398.98 945.701 440.046 
668.813 435.79 819.308 401.665 946.795 440.315 
668.841 435.8 820.201 401.481 947.206 440.456 
668.904 435.772 819.915 403.717 947.796 439.854 
669.002 435.502 821.071 404.614 948.454 439.749 
668.996 435.338 821.185 405.566 948.679 439.874 
669.018 435.487 821.494 406.823 948.956 440.021 
669.051 435.48 821.953 409.222 949.402 440.367 
669.136 435.648 822.102 410.383 949.564 440.493 
669.166 435.646 822.362 411.456 949.856 440.726 
669.337 435.63 822.642 413.077 950.437 441.469 
669.37 435.624 822.724 413.313 950.563 441.541 
669.445 435.513 822.798 413.46 950.674 441.67 
669.46 435.481 822.825 413.424 950.722 441.656 
669.451 435.481 822.85 413.607 950.753 441.725 
669.429 435.481 822.851 413.804 950.785 441.769 
669.419 435.508 822.972 414.599 950.835 441.909 
669.423 435.526 822.913 414.853 950.842 441.977 
669.445 435.519 822.979 415.236 950.881 442.032 
669.496 435.518 823.055 415.338 950.957 442.101 
669.516 435.509 823.068 415.284 950.968 442.124 
669.527 435.467 823.086 415.11 950.981 442.158 
669.535 435.496 823.091 414.907 950.973 442.185 
669.519 435.493 823.065 414.807 950.936 442.195 
669.502 435.523 823.036 414.582 950.879 442.151 
669.49 435.54 823.109 413.917 950.753 442.164 
669.508 435.557 823.011 413.557 950.666 442.141 
669.506 435.571 822.949 412.621 950.424 442.07 
669.525 435.556 822.893 411.176 950.044 441.781 
669.521 435.545 822.849 410.862 949.952 441.68 
669.527 435.558 822.218 410.621 949.583 441.401 
669.502 435.581 822.52 408.09 949.066 441.148 
669.506 435.58 821.959 408.702 948.899 441.274 
669.512 435.598 822.431 406.392 948.455 441.528 
669.506 435.594 821.551 405.207 947.718 441.218 
669.508 435.59 821.428 404.353 947.418 440.742 
669.521 435.604 821.281 403.21 947.089 440.522 
669.516 435.608 820.924 401.392 946.336 439.811 
669.478 435.702 820.984 400.306 945.957 439.589 
669.51 435.627 821.089 398.762 945.404 440.103 
669.47 435.72 820.617 396.574 944.372 439.565 
669.474 435.725 820.416 395.341 943.738 439.214 
669.474 435.711 820.02 393.372 942.679 439.568 
669.541 435.594 819.085 389.843 940.487 439.312 
669.531 435.569 818.668 388.267 939.572 439.179 
669.531 435.53 817.966 386.069 938.158 438.749 
669.469 435.594 816.88 382.744 935.692 438.541 
669.437 435.594 816.05 381.706 934.485 438.686 
669.406 435.595 815.353 379.928 933.152 438.317 
669.358 435.624 813.446 378.543 930.704 438.499 
669.358 435.632 813.826 376.289 929.815 438.359 
669.333 435.642 813.122 374.766 928.216 438.594 
669.227 435.687 811.606 372.501 925.635 438.6 
669.327 435.686 811.06 371.539 924.663 438.574 
669.303 435.683 810.293 369.906 923.017 438.667 
669.183 435.735 808.268 368.887 920.15 439.175 
669.082 435.557 808.268 367.042 919.242 439.231 
669.047 435.592 807.442 365.59 917.603 439.115 
669.004 435.812 805.357 364.491 914.8 439.195 
668.988 435.792 805.385 362.763 913.493 439.355 
669.023 435.579 804.456 361.326 911.862 439.175 
669.089 435.73 802.188 360.146 908.29 440.047 
669.016 435.553 802.135 358.438 907.255 439.556 
669.057 435.542 801.369 357.06 905.263 439.888 
669.026 435.537 799.451 354.959 901.808 439.832 
669.034 435.523 798.757 354.163 900.405 439.813 
668.96 435.349 797.784 352.862 898.208 439.775 
668.931 435.365 794.963 351.775 894.191 440.069 
668.876 435.372 795.061 349.945 892.734 439.932 
668.872 435.371 793.575 348.921 890.195 440.115 
668.79 435.584 791.498 347.013 886.03 440.612 
668.711 435.582 790.68 346.246 884.513 440.444 
668.713 435.606 789.695 344.992 882.207 440.604 
668.632 435.636 787.79 343.723 879.189 439.94 
668.65 435.642 787.273 343.027 877.238 441.049 
668.589 435.821 786.391 342.242 875.284 441.464 
668.538 435.838 784.863 341.401 872.445 441.342 
668.486 435.745 784.381 340.944 871.328 441.387 
668.477 435.746 783.705 340.168 869.86 441.424 
668.451 435.769 782.316 339.416 866.991 441.638 
668.407 435.785 781.692 338.971 865.849 441.744 
668.427 435.794 780.892 337.983 863.748 441.823 
668.372 435.787 778.925 336.826 860.304 441.219 
668.352 435.785 778.358 336.191 858.634 441.125 
668.325 435.782 776.824 335.372 856.043 441.151 
668.227 435.778 774.507 333.88 851.082 441.969 
668.205 435.773 773.63 333.215 849.769 441.081 
668.144 435.767 772.298 332.406 846.988 441.62 
668.048 435.629 770.341 331.428 843.933 440.862 
668.056 435.626 769.772 331.084 842.748 440.772 
668.019 435.508 769.117 330.471 841.128 440.745 
667.963 435.561 767.374 329.69 838.466 440.645 
667.977 435.555 766.806 329.299 837.343 440.475 
668.03 435.52 765.208 329.722 835.689 440.377 
668.026 435.528 764.151 327.636 832.735 440.115 
668.017 435.459 763.453 327.253 831.553 439.912 
667.968 435.484 762.297 326.939 829.811 439.832 
667.786 435.82 760.806 326.063 827.347 439.72 
667.725 435.855 759.662 326.744 826.516 439.644 
667.644 435.999 759.866 325.515 825.612 439.458 
667.569 436.045 758.88 325.441 824.561 439.5 
667.585 436.051 758.765 325.361 824.341 439.507 
667.597 436.053 758.662 325.337 824.005 439.658 
667.646 436.056 758.394 325.148 823.745 439.623 
667.675 436.048 758.271 324.87 823.599 439.44 
667.699 436.021 757.947 324.649 823.219 439.226 
667.711 435.994 757.127 324.517 822.294 438.809 
667.693 435.977 756.757 324.309 821.949 438.553 
667.64 435.979 756.453 324.124 821.255 438.71 
667.569 435.984 756.338 324.12 821.037 438.636 
667.542 435.98 756.438 324.192 821.114 438.692 
667.567 435.679 756.824 324.413 821.264 438.924 
667.611 435.614 757.621 324.842 821.542 439.497 
667.664 435.563 757.978 325.045 821.749 439.756 
667.711 435.531 758.448 325.194 821.999 439.958 
667.835 435.457 759.275 325.255 822.308 440.292 
667.814 435.486 759.48 325.311 822.384 440.41 
667.813 435.491 759.714 325.378 822.498 440.515 
667.772 435.55 760.012 325.437 822.904 440.608 
667.742 435.578 760.151 325.481 823.062 440.658 
667.713 435.62 760.493 325.675 823.389 440.808 
667.685 435.622 761.258 326.032 823.997 441.206 
667.683 435.613 761.626 325.943 824.395 441.227 
667.664 435.823 762.052 326.139 825.063 441.188 
667.709 435.619 762.776 326.506 826.301 441.382 
667.727 435.611 763.027 326.693 826.931 441.418 
667.748 435.607 763.709 326.854 827.79 441.319 
667.764 435.595 764.509 327.302 829.251 441.436 
667.766 435.602 764.628 327.538 830.078 441.413 
667.76 435.611 765.155 327.872 831.208 441.43 
667.748 435.618 766.166 328.523 833.593 441.34 
667.754 435.61 766.763 328.769 834.622 441.383 
667.754 435.601 767.576 328.967 836.341 441.303 
667.782 435.599 768.769 330.002 839.002 441.182 
667.801 435.574 769.242 330.265 839.874 441.253 
667.85 435.561 770.067 330.419 841.318 441.138 
667.874 435.536 771.004 331.07 843.279 441.355 
667.888 435.522 771.447 331.309 844.009 441.162 
667.9 435.553 772.104 331.398 844.946 441.223 
667.884 435.566 772.418 331.977 846.752 440.878 
667.915 435.512 772.641 332.165 847.39 440.829 
667.914 435.628 773.052 332.404 848.685 440.63 
667.912 435.753 773.352 334.066 851.13 440.415 
667.9 435.756 774.646 333.316 852.165 440.337 
667.908 435.758 775.18 334.019 854.007 440.125 
667.945 435.748 776.785 334.722 857.076 439.816 
667.959 435.628 777.2 335.078 858.285 439.845 
667.993 435.628 777.87 335.899 860.008 439.72 
668.046 435.589 779.164 336.564 862.893 439.7 
668.058 435.571 779.955 337.093 863.972 439.627 
668.074 435.572 780.602 337.889 865.604 439.84 
668.052 435.589 781.819 338.55 868.008 439.927 
668.044 435.619 782.207 338.907 868.826 439.935 
668.05 435.64 782.674 339.355 870.023 439.79 
668.063 435.772 783.464 340.31 872.015 439.668 
668.063 435.782 783.981 340.457 872.862 439.606 
668.046 435.81 784.545 340.88 874.301 439.494 
668.055 435.804 785.566 342.126 876.341 440.249 
668.039 435.831 786.078 342.548 877.94 439.087 
668.055 435.836 786.952 343.047 879.59 439.057 
668.071 435.83 788.126 344.393 882.441 438.729 
668.094 435.809 788.613 344.866 883.556 438.649 
668.116 435.83 789.514 345.207 884.636 439.161 
668.153 435.834 790.582 346.597 887.363 439.064 
668.144 435.86 791.15 347.216 888.953 438.076 
668.132 435.858 792.226 347.843 889.922 439.134 
668.122 435.885 793.401 349.443 893.971 437.558 
668.114 435.904 793.389 351.182 894.662 438.447 
668.139 435.955 795.04 351.122 896.579 438.212 
668.171 435.986 796.452 353.0 899.601 438.288 
668.19 435.997 797.032 353.502 900.577 438.429 
668.212 436.005 797.969 354.186 902.198 438.146 
668.24 436.035 799.035 355.79 904.729 437.843 
668.247 436.038 799.527 356.263 905.537 437.838 
668.237 436.075 799.584 358.13 907.515 436.735 
668.233 436.193 801.304 358.456 908.926 437.681 
668.235 436.21 801.652 359.01 909.863 437.348 
668.229 436.226 802.193 359.959 911.048 437.334 
668.261 436.231 802.75 362.374 913.343 437.104 
668.257 436.215 803.829 361.99 914.103 437.19 
668.276 436.348 804.496 362.833 915.493 436.997 
668.304 436.221 805.566 364.677 917.66 436.705 
668.338 436.415 805.503 366.255 919.115 435.43 
668.371 436.437 806.904 366.422 920.111 436.377 
668.391 436.438 807.989 368.488 922.536 436.323 
668.421 436.45 808.49 369.23 923.595 436.283 
668.428 436.447 808.638 371.289 924.797 436.376 
668.466 436.455 810.311 372.021 926.874 436.376 
668.468 436.482 810.614 372.901 927.603 436.644 
668.477 436.485 811.09 373.769 928.537 436.847 
668.497 436.471 811.786 375.345 930.17 436.971 
668.493 436.474 811.5 376.809 930.649 437.141 
668.462 436.468 812.746 376.469 931.352 437.375 
668.472 436.465 813.149 377.918 932.777 437.484 
668.46 436.458 813.378 378.461 933.167 437.589 
668.474 436.427 813.635 379.478 933.786 437.822 
668.472 436.413 814.196 380.744 934.666 438.264 
668.489 436.398 814.305 381.412 935.405 437.807 
668.503 436.37 814.629 382.12 936.027 437.913 
668.503 436.329 815.502 383.483 937.175 437.875 
668.525 436.319 815.445 384.541 937.99 437.625 
668.521 436.323 815.325 386.763 938.794 437.744 
668.555 436.301 816.935 387.979 940.242 438.143 
668.557 436.24 817.176 388.78 940.742 438.285 
668.576 436.22 817.541 390.061 941.636 438.167 
668.697 436.152 817.228 392.734 942.47 438.412 
668.71 436.133 817.358 393.272 942.757 438.445 
668.779 436.035 817.654 394.08 943.19 438.507 
668.772 435.922 818.727 394.354 943.867 438.656 
668.732 435.81 818.222 396.11 944.301 438.516 
668.78 435.903 819.152 396.247 944.806 438.102 
668.717 435.957 819.818 398.227 945.71 438.855 
668.724 436.061 819.769 399.089 945.956 438.77 
668.799 436.214 820.007 399.89 946.427 439.012 
668.854 436.237 820.272 401.129 946.917 439.117 
668.894 436.229 820.36 401.355 947.034 439.087 
668.854 436.226 820.487 401.625 947.176 439.041 
668.933 436.208 820.749 402.432 947.446 439.112 
668.921 436.22 820.161 403.881 947.552 439.205 
668.866 436.257 820.924 403.632 947.822 438.848 
668.878 436.263 820.601 405.99 948.21 439.091 
668.906 436.288 821.323 405.691 948.458 439.024 
668.925 436.386 821.528 406.53 948.702 439.2 
668.968 436.401 822.066 407.205 948.996 439.317 
669.059 436.417 821.856 407.797 949.121 439.391 
669.106 436.369 821.94 407.959 949.198 439.322 
669.118 436.368 822.021 408.019 949.261 439.325 
669.12 436.38 822.039 408.177 949.289 439.248 
669.114 436.361 822.11 408.436 949.287 439.326 
669.122 436.398 822.357 409.49 949.447 439.533 
669.09 436.425 822.396 410.332 949.539 439.694 
669.133 436.403 822.558 411.116 949.731 439.965 
669.301 436.428 822.91 412.605 950.084 440.666 
669.317 436.422 822.896 412.92 950.173 440.789 
669.364 436.411 823.013 413.179 950.292 440.994 
669.395 436.404 823.11 413.341 950.359 441.388 
669.378 436.41 823.097 413.324 950.356 441.415 
669.348 436.426 823.058 413.196 950.291 441.389 
669.293 436.492 823.01 413.07 950.186 441.329 
669.285 436.514 822.983 412.929 950.117 441.276 
669.263 436.548 822.932 412.558 949.938 441.171 
669.265 436.6 822.864 410.831 949.483 440.661 
669.259 436.603 822.293 410.812 949.244 440.45 
669 438 823 410 950 443 
669.22 436.612 821.941 406.685 947.679 440.233 
669.315 436.602 821.865 405.578 947.333 439.977 
669.334 436.594 821.635 404.203 946.864 439.699 
669.33 436.621 821.192 401.861 945.893 439.4 
669.338 436.626 821.004 400.924 945.402 439.633 
669.334 436.64 820.675 399.215 944.729 439.351 
669 438 821 398 945 442 
669.32 436.624 820.342 393.549 942.279 438.516 
669.319 436.59 819.687 391.198 941.099 438.011 
669.33 436.519 818.486 387.253 938.481 437.55 
669.311 436.486 818.013 385.676 937.434 437.494 
669.326 436.422 816.497 384.456 935.777 437.165 
669.279 436.399 815.602 380.321 933.076 436.935 
669.273 436.391 815.149 379.113 932.01 436.804 
669.122 436.425 814.388 377.249 930.369 436.806 
669.091 436.44 812.281 375.42 927.586 436.709 
669.195 436.458 811.672 374.237 926.5 436.57 
669.102 436.453 811.321 371.61 924.713 436.653 
669.1 436.432 809.905 368.414 921.539 436.482 
669.091 436.426 808.994 367.552 920.066 436.651 
669.065 436.399 807.939 365.722 918.543 435.545 
669.026 436.379 805.504 364.057 914.576 437.016 
669.004 436.295 805.329 362.206 913.236 436.87 
669.0 436.284 804.307 360.571 911.109 437.057 
668.949 436.239 802.509 358.427 907.79 437.112 
668.931 436.185 801.875 357.619 906.489 437.087 
668.925 436.172 800.94 356.132 904.963 436.371 
668.918 436.135 799.21 354.345 901.721 436.554 
668.92 436.131 798.909 353.97 900.637 437.783 
668.908 436.102 797.787 352.365 898.479 436.823 
668.894 435.929 795.966 350.501 894.882 437.879 
668.892 435.922 795.661 350.2 894.694 436.98 
668.884 435.916 794.148 348.831 891.587 437.867 
668.862 435.896 791.759 348.206 888.538 436.984 
668.862 435.884 791.352 347.787 887.885 436.971 
668.823 435.878 790.561 345.408 884.884 437.319 
668.774 435.884 788.544 343.764 880.891 437.612 
668.742 435.872 788.211 343.477 880.211 437.565 
668.707 435.88 786.653 342.202 877.118 437.616 
668.64 435.883 784.063 341.547 873.433 437.873 
668.586 435.767 784.611 340.275 872.751 437.834 
668.5 435.804 783.056 339.378 870.149 438.041 
668.46 435.844 780.849 339.308 866.847 438.315 
668.451 435.847 781.391 338.05 866.293 438.344 
668.423 435.881 780.013 337.072 863.655 438.479 
668.383 435.915 778.238 336.111 860.198 438.674 
668.389 435.924 777.889 335.879 859.49 438.755 
668.364 435.971 776.739 334.647 856.482 438.883 
668.308 435.971 774.586 333.544 852.869 438.84 
668.289 435.993 774.459 333.275 851.958 439.116 
668.234 435.987 772.761 332.427 849.121 439.089 
668.177 435.996 771.397 331.402 846.053 439.099 
668.153 436.01 770.16 332.198 845.549 439.08 
668.108 435.996 769.812 330.687 843.645 439.114 
668.108 435.997 768.903 330.075 841.739 438.995 
668.106 436.01 768.716 329.934 841.388 439.02 
668.108 436.028 768.119 329.545 839.932 439.157 
668.135 436.041 766.79 329.112 837.709 439.272 
668.139 436.06 766.534 328.969 837.292 439.178 
668.149 436.074 765.46 328.245 835.128 439.254 
668.139 436.123 763.772 327.356 832.394 439.098 
668.133 436.119 763.482 327.15 831.77 438.942 
668.072 436.409 762.054 326.709 829.656 438.77 
667.98 436.482 760.368 325.848 827.39 438.338 
667.95 436.484 760.127 325.716 827.043 438.254 
667.885 436.511 758.969 325.439 825.879 437.829 
667.836 436.517 758.415 324.923 824.718 437.923 
667.826 436.508 758.36 324.901 824.582 437.942 
667.834 436.504 758.333 324.889 824.375 437.99 
667.842 436.427 758.745 325.066 824.607 438.179 
667.878 436.427 758.868 325.103 824.756 438.153 
667.903 436.275 759.448 325.543 824.992 438.6 
667.946 436.257 759.474 326.702 825.299 438.962 
667.943 436.261 760.447 325.752 825.359 439.023 
667.96 436.239 759.93 326.899 825.636 439.15 
667.956 436.243 760.375 326.979 825.953 439.484 
667.931 436.246 761.322 326.06 826.015 439.538 
667.913 436.226 761.535 326.322 826.404 439.76 
667.897 436.185 762.123 326.368 827.025 440.073 
667.897 436.188 762.23 326.41 827.169 440.161 
667.882 436.065 762.656 326.707 828.056 439.968 
667.886 435.997 762.882 327.942 829.392 440.202 
667.892 435.998 763.057 328.107 829.757 440.186 
667.886 435.934 764.569 327.489 831.614 440.105 
667.89 435.903 765.725 328.23 834.04 440.043 
667.888 435.925 766.014 328.457 834.544 440.187 
667.902 435.879 767.304 328.847 836.754 440.17 
667.939 435.861 768.681 329.826 839.556 440.252 
667.965 435.858 768.88 330.1 840.063 440.351 
667.988 435.845 770.121 330.465 842.426 440.282 
668.008 435.822 771.484 331.462 845.36 440.116 
668.006 435.831 771.734 331.595 845.944 440.151 
668.02 435.829 772.831 332.369 848.058 440.575 
668.051 435.819 774.236 333.271 851.771 439.613 
668.047 435.819 774.625 333.536 852.447 439.67 
668.047 435.829 775.953 334.122 855.202 439.607 
668.067 435.814 776.796 335.086 857.312 439.503 
668.122 435.813 778.562 336.072 860.913 439.118 
668.132 435.792 779.105 336.561 862.34 439.137 
668.144 435.777 780.105 337.483 864.635 438.931 
668.167 435.768 781.917 338.628 868.255 438.601 
668.169 435.807 782.412 339.263 869.637 438.565 
668.175 435.824 783.557 339.903 871.835 438.432 
668.175 435.836 784.992 341.506 875.475 438.156 
668.187 435.86 785.826 341.843 876.454 438.594 
668.179 435.879 786.694 342.665 878.808 437.704 
668.22 435.887 788.289 343.959 881.981 437.458 
668.22 435.898 788.88 344.433 883.221 437.54 
668.24 435.905 789.609 345.473 884.94 437.377 
668.259 435.939 790.88 346.364 887.755 437.259 
668.255 435.959 791.552 347.281 888.517 438.103 
668.249 435.97 792.344 348.181 890.872 436.99 
668.257 436.015 793.879 349.664 893.482 437.44 
668.259 436.044 794.528 350.369 895.247 436.513 
668.275 436.07 795.687 351.243 897.137 436.493 
668.3 436.159 797.07 353.0 900.102 436.429 
668.308 436.183 797.56 353.843 900.925 437.244 
668.3 436.206 797.902 355.78 902.663 437.186 
668.355 436.453 799.891 356.492 905.822 436.183 
668.355 436.477 800.452 357.12 906.525 436.885 
668.361 436.507 800.68 359.187 908.738 435.879 
668.349 436.54 802.735 360.166 911.605 435.564 
668.351 436.561 803.256 360.948 912.179 436.493 
668.357 436.581 803.549 362.982 914.206 435.395 
668.42 436.559 805.428 363.654 916.157 436.27 
668.4 436.603 805.805 364.433 916.982 436.222 
668.432 436.601 806.421 365.314 918.073 436.383 
668.431 436.623 807.41 366.671 919.939 436.201 
668.429 436.622 807.776 367.193 920.494 436.222 
668.376 436.734 808.28 368.002 921.498 436.376 
668.382 436.759 809.017 369.546 923.167 436.009 
668.384 436.755 809.402 370.062 923.681 436.031 
668.38 436.762 809.239 371.803 924.804 435.526 
668.429 436.683 810.846 372.367 926.347 435.79 
668.398 436.76 810.488 374.109 927.041 435.931 
668.449 436.658 811.662 374.247 928.244 435.648 
668.463 436.648 812.625 376.32 930.049 435.906 
668.489 436.642 813.139 377.049 930.953 435.77 
668.522 436.638 813.969 378.245 932.056 436.047 
668.542 436.637 814.788 380.749 934.05 436.125 
668.55 436.627 815.222 381.676 934.782 436.428 
668.571 436.602 815.811 383.376 935.943 436.678 
668.609 436.6 816.257 387.387 938.078 437.176 
668.603 436.612 816.697 388.639 938.722 437.86 
668.664 436.603 818.028 389.694 940.289 437.643 
668.698 436.581 818.998 393.592 942.454 438.227 
668.713 436.543 819.432 395.083 943.247 438.518 
668.761 436.612 819.426 398.6 944.321 438.897 
668.874 436.606 820.584 402.988 946.167 439.052 
668.927 436.597 821.639 403.8 946.863 439.65 
668 439 822 409 950 441 
669.33 436.45 822.39 410.709 949.155 441.032 
669.391 436.415 822.651 411.967 949.485 441.328 
669.484 436.213 822.977 413.365 949.955 441.807 
669.586 436.124 823.271 414.976 950.494 442.253 
669.574 436.104 823.305 415.254 950.585 442.367 
669.624 436.137 823.391 415.596 950.664 442.416 
669.592 436.092 823.344 415.874 950.667 442.473 
669.551 436.025 823.352 415.974 950.674 442.528 
669.577 436.08 823.363 416.202 950.725 442.628 
670 438 823 418 953 445 
670 439 825 419 953 446 
669.644 436.088 823.597 417.512 951.375 442.961 
669.691 436.068 824.312 416.625 951.513 443.062 
669.685 436.069 824.334 416.601 951.533 443.043 
669.691 436.067 824.353 416.53 951.531 443.066 
669.697 436.122 824.345 416.518 951.552 443.057 
669.685 436.129 824.337 416.541 951.539 443.034 
669.677 436.148 824.327 416.591 951.561 443.086 
669.645 436.106 824.306 416.687 951.61 443.149 
669.645 436.099 824.319 416.704 951.661 443.131 
669.643 436.123 824.325 416.767 951.731 443.258 
669.659 436.119 824.306 416.847 951.823 443.323 
669.665 436.137 824.325 416.902 951.854 443.364 
669.661 436.146 824.32 416.923 951.885 443.418 
669.665 436.173 824.322 416.944 951.881 443.421 
669.643 436.181 824.312 416.951 951.864 443.408 
