638.715 364.536 772.418 340.685 881.565 361.948 
638.721 364.533 772.453 340.159 881.479 361.88 
638.735 364.548 772.506 339.468 881.395 361.788 
638.766 364.574 773.121 338.525 881.234 361.639 
641 368 777 340 890 363 
638.792 364.628 773.201 337.103 880.881 361.427 
638.77 364.828 773.076 335.305 880.317 361.019 
638.789 364.937 772.879 334.567 880.087 360.839 
638.772 364.955 772.697 333.038 879.585 360.518 
645 368 778 333 888 360 
638.708 365.08 772.096 329.55 878.102 359.582 
638.649 365.122 771.643 328.492 877.399 359.387 
638.529 365.267 770.601 326.768 876.435 359.191 
638.489 365.396 770.423 326.062 876.034 359.177 
638.455 365.426 770.155 325.374 875.415 359.243 
638.438 365.492 769.642 323.423 874.255 359.102 
638.452 365.507 769.413 322.486 873.384 359.036 
638.445 365.507 769.398 320.94 872.477 358.866 
638.445 365.476 768.672 317.732 870.321 358.62 
638.437 365.477 768.17 316.757 869.5 358.547 
638.392 365.494 767.58 315.131 867.892 358.516 
638.276 365.556 766.785 312.752 866.287 358.552 
638.155 365.55 765.672 312.257 865.271 358.658 
638.058 365.547 765.646 311.464 864.58 359.038 
638.018 365.523 765.095 310.273 863.367 359.294 
637.992 365.528 764.818 309.948 862.803 359.388 
638.0 365.523 764.478 309.318 861.983 359.502 
638.037 365.55 763.84 307.829 860.606 359.626 
638.053 365.548 762.983 307.117 859.797 359.678 
638.078 365.584 763.06 306.049 858.84 359.693 
638.075 365.615 761.996 304.324 856.781 359.8 
638.068 365.619 761.632 303.689 856.078 359.789 
638.046 365.622 760.485 302.632 854.784 359.928 
637.962 365.601 759.934 301.212 852.866 360.011 
637.938 365.59 759.623 300.406 852.029 360.045 
637.918 365.537 759.022 299.582 850.944 360.064 
637.914 365.427 757.899 297.92 848.814 360.077 
637.898 365.311 757.463 297.352 847.964 360.096 
637.923 365.245 756.898 296.194 846.612 360.082 
637.899 365.142 755.807 294.504 844.384 360.092 
637.945 365.11 755.26 294.067 843.611 360.145 
637.914 365.085 754.655 293.335 842.245 360.187 
637.864 365.062 753.703 291.955 840.159 360.51 
637.82 365.064 753.209 291.642 839.472 360.459 
637.832 365.045 752.734 290.893 838.294 360.709 
637.745 364.902 751.851 289.981 836.353 360.906 
637.746 364.89 751.485 289.666 835.487 360.97 
637.743 364.861 751.106 288.991 834.244 361.071 
637.769 364.823 749.825 288.12 832.086 361.276 
637.763 364.821 749.415 287.701 831.218 361.302 
637.754 364.825 748.943 287.004 829.733 361.537 
637.7 364.807 747.786 285.987 827.369 361.827 
637.664 364.781 747.034 285.76 826.484 361.855 
637.65 364.768 746.393 285.142 825.049 361.953 
637.583 364.629 745.318 284.065 822.921 361.988 
637.581 364.621 744.758 283.818 822.138 362.023 
637.564 364.596 744.097 283.323 820.792 362.048 
637.548 364.575 742.85 282.192 818.725 362.017 
637.537 364.564 742.389 281.678 817.741 362.128 
637.521 364.545 741.787 280.856 816.503 361.95 
637.491 364.523 740.455 279.764 814.294 361.83 
637.453 364.513 740.002 279.336 813.322 361.849 
637.432 364.378 739.383 278.547 812.195 361.766 
637.369 364.311 738.227 277.734 810.219 361.729 
637.35 364.282 737.853 277.447 809.56 361.775 
637.287 364.242 737.386 276.781 808.415 361.63 
637.261 364.219 736.199 276.071 806.51 361.743 
637.252 364.215 735.78 275.64 805.686 361.729 
637.236 364.173 734.614 274.918 804.389 361.706 
637.225 364.07 733.784 273.883 802.267 361.436 
637.194 364.008 733.479 273.342 801.273 361.348 
637.135 363.936 732.363 272.619 799.876 361.158 
637.026 363.844 731.098 271.452 797.34 361.028 
636.989 363.808 730.351 270.997 796.317 360.939 
636.912 363.693 729.476 270.359 794.73 360.88 
636.813 363.586 727.938 269.325 792.289 360.724 
636.757 363.434 727.471 268.947 791.847 360.627 
636.701 363.306 726.548 268.509 790.023 360.659 
636.547 363.259 725.496 267.635 788.236 360.558 
636.527 363.245 724.954 267.173 787.458 360.351 
636.469 363.119 723.992 266.749 786.049 360.354 
636.47 363.102 722.392 265.959 783.615 360.154 
636.46 363.106 722.102 265.789 783.141 360.007 
636.435 363.089 721.078 264.849 780.984 359.876 
636.384 363.106 719.428 264.278 778.49 359.708 
636.326 363.149 719.159 264.127 778.007 359.769 
636.232 363.263 717.63 263.627 776.524 359.741 
636.06 363.303 717.052 263.629 775.101 359.793 
636.036 363.389 716.879 263.587 774.896 359.79 
635.98 363.425 716.319 263.222 773.987 359.764 
635.924 363.462 715.588 262.98 772.887 359.829 
635.89 363.475 715.446 262.931 772.69 359.814 
635.852 363.502 714.728 262.693 771.943 359.758 
635.809 363.552 714.131 262.56 771.077 359.711 
635.797 363.562 714.059 262.532 770.955 359.707 
635.767 363.597 713.943 262.426 770.616 359.885 
635.761 363.605 714.191 262.511 770.639 360.062 
635.76 363.596 714.242 262.527 770.664 360.138 
635.794 363.555 714.477 262.479 770.679 360.3 
635.834 363.439 714.635 262.419 770.617 360.31 
635.882 363.388 714.641 262.391 770.61 360.289 
635.889 363.327 714.561 262.135 770.51 360.184 
635.897 363.327 714.235 261.97 770.353 360.005 
635.891 363.332 714.088 261.934 770.291 359.954 
635.87 363.365 713.269 261.654 769.785 359.572 
635.69 363.433 712.211 260.823 768.542 359.206 
635.635 363.435 711.479 260.572 767.845 359.124 
635.557 363.444 710.671 260.359 767.048 358.912 
635.445 363.498 710.171 260.321 766.204 359.086 
635.421 363.504 710.248 260.382 766.16 359.178 
635.334 363.557 711.36 260.952 766.335 359.97 
635.332 363.656 712.902 262.151 766.878 361.052 
635.356 363.673 713.216 262.305 766.97 361.287 
635.457 363.711 713.836 262.753 767.229 361.513 
635.553 363.654 714.004 262.603 767.197 361.495 
635.563 363.64 713.989 262.576 767.179 361.499 
635.565 363.59 714.108 262.524 767.217 361.528 
635.546 363.591 714.679 262.623 767.526 361.68 
635.536 363.595 714.242 262.699 767.608 361.729 
635.528 363.604 714.714 262.89 767.898 361.884 
635.527 363.582 715.9 263.112 768.184 361.99 
635.541 363.555 715.997 263.115 768.186 362.111 
635.55 363.506 716.332 263.148 768.289 362.154 
635.592 363.466 716.572 263.16 768.212 362.2 
635.602 363.46 716.649 263.03 768.221 362.196 
635.613 363.46 716.758 262.91 768.307 362.205 
635.627 363.494 717.023 262.996 769.128 362.118 
635.623 363.494 717.116 263.132 769.411 361.971 
635.641 363.549 717.66 263.371 770.418 361.877 
635.718 363.58 718.33 263.734 771.838 362.006 
635.67 363.645 718.595 263.846 772.452 361.993 
635.747 363.614 719.014 263.973 773.373 361.797 
635.797 363.617 719.735 264.339 774.89 361.819 
635.837 363.627 719.881 264.427 775.171 361.82 
635.845 363.617 720.754 264.603 776.343 361.79 
635.89 363.636 721.28 264.866 777.671 361.773 
635.901 363.646 721.409 264.988 777.937 361.767 
635.899 363.67 721.921 265.356 779.06 361.774 
635.926 363.709 722.561 265.857 780.554 361.775 
635.912 363.721 722.69 265.915 780.891 361.741 
635.916 363.74 723.507 266.233 782.139 361.75 
635.937 363.735 724.367 266.669 784.002 361.62 
635.951 363.724 724.586 266.673 784.357 361.591 
635.979 363.746 724.847 267.248 785.84 361.616 
636.015 363.776 726.253 267.856 787.581 361.604 
636.065 363.791 726.414 267.941 788.046 361.483 
636.074 363.834 727.101 268.445 789.3 361.57 
636.118 363.853 728.088 268.837 791.019 361.585 
636.108 363.851 728.415 269.023 791.825 361.413 
636.119 363.867 728.854 269.523 792.863 361.468 
636.121 363.864 729.643 270.178 794.596 361.482 
636.12 363.851 729.839 270.216 794.958 361.449 
636.138 363.866 730.564 270.595 796.163 361.501 
636.18 363.848 731.243 271.054 797.623 361.457 
636.178 363.848 731.375 271.136 797.889 361.462 
636.195 363.848 731.832 271.662 799.006 361.343 
636.215 363.836 732.591 272.124 799.926 361.42 
636.21 363.84 732.708 272.214 800.467 361.413 
636.202 363.859 733.202 272.561 801.479 361.404 
636.191 363.889 733.845 273.067 802.895 361.236 
636.196 363.898 734.026 273.097 803.253 361.133 
636.187 363.918 733.972 273.58 804.502 361.169 
636.214 363.966 735.292 274.337 806.098 361.002 
636.206 363.968 735.428 274.439 806.412 361.07 
636.217 364.072 735.998 274.809 807.78 360.931 
636.237 364.079 736.272 275.417 809.481 360.865 
636.237 364.077 736.971 275.555 809.489 360.849 
636.249 364.063 737.78 275.872 811.162 360.753 
636.268 363.945 738.382 276.494 812.742 360.582 
636.272 363.917 738.523 276.608 813.026 360.574 
636.295 363.859 739.029 276.947 814.132 360.609 
636.342 363.827 739.667 277.706 815.162 360.589 
636.31 363.827 739.784 277.802 815.817 360.503 
636.35 363.813 739.767 278.097 817.094 360.226 
636.337 363.836 741.059 278.821 818.596 360.062 
636.297 363.847 741.2 278.936 818.901 360.008 
636.307 363.894 741.645 279.675 820.24 359.875 
636.37 364.027 742.669 280.419 821.755 359.732 
636.366 364.031 742.879 280.571 822.528 359.659 
636.383 364.08 743.475 281.585 823.816 359.606 
636.398 364.153 744.477 282.447 825.986 359.408 
636.407 364.157 744.848 282.73 826.358 359.398 
636.417 364.183 745.42 283.637 828.052 359.328 
636.446 364.209 746.371 284.463 830.361 359.107 
636.466 364.185 746.515 284.611 830.246 359.262 
636.517 364.18 746.535 285.442 831.436 359.137 
636.615 364.21 747.777 286.142 832.743 359.126 
636.532 364.216 747.876 286.273 832.983 359.113 
636.528 364.223 748.39 286.817 834.097 359.064 
636.523 364.224 748.945 287.866 835.503 358.999 
636.519 364.227 749.422 287.947 835.862 358.988 
636.517 364.225 749.861 288.71 837.274 358.926 
636.492 364.24 750.714 290.037 839.398 358.602 
636.52 364.215 750.948 290.286 839.755 358.573 
636.611 364.214 752.01 291.224 841.512 358.379 
636.634 364.241 752.883 292.61 843.666 358.23 
636.645 364.221 753.083 292.884 844.107 358.19 
636.677 364.234 753.805 294.021 845.683 358.047 
636.716 364.233 754.792 295.37 847.428 357.992 
636.718 364.234 754.959 295.636 847.749 357.966 
636.716 364.238 755.64 296.54 849.216 357.832 
636.731 364.262 756.405 297.928 850.722 357.539 
636.727 364.262 756.103 298.168 851.38 357.575 
636.747 364.292 757.351 299.477 852.704 357.514 
636.742 364.311 758.169 301.178 854.524 357.367 
636.757 364.312 758.361 301.511 854.843 357.377 
636.785 364.366 758.618 302.681 856.342 357.341 
636.799 364.371 760.008 304.245 857.832 357.369 
636.824 364.403 760.146 304.48 858.229 357.38 
636.851 364.425 760.179 305.654 859.264 357.465 
636.848 364.474 761.306 307.088 860.463 357.441 
636.839 364.466 761.429 307.293 860.664 357.459 
636.835 364.511 761.777 308.091 861.451 357.495 
636.818 364.78 762.11 309.163 862.262 357.536 
636.825 364.774 762.189 309.319 862.417 357.522 
636.827 364.774 762.608 310.024 863.261 357.471 
636.845 364.511 763.011 311.29 864.341 357.352 
636.855 364.509 763.128 311.56 864.582 357.32 
636.881 364.492 763.165 312.656 865.599 357.267 
636.905 364.487 763.846 314.249 867.078 357.264 
636.91 364.478 764.52 314.688 867.337 357.266 
636.956 364.467 765.05 315.866 868.322 357.336 
637.011 364.423 765.568 317.413 869.555 357.3 
637.021 364.408 765.672 317.629 869.718 357.302 
637.051 364.408 765.979 318.905 870.388 357.498 
637.048 364.424 765.95 320.261 871.078 357.372 
637.055 364.44 766.036 320.585 871.608 357.582 
637.042 364.466 767.159 322.072 872.432 357.474 
637.073 364.63 767.638 324.009 873.472 357.753 
637.085 364.642 767.509 324.674 873.687 357.779 
637.118 364.644 767.392 326.039 874.617 357.843 
637.178 364.606 768.366 327.635 875.543 357.654 
637.197 364.598 768.389 328.115 875.685 357.647 
637.25 364.452 768.819 329.188 876.296 357.767 
643 367 774 330 885 359 
641 365 773 332 885 360 
637.427 364.334 769.636 332.119 877.699 357.718 
637.483 364.321 769.438 333.701 878.285 358.122 
637.49 364.323 769.666 334.177 878.404 358.347 
637.518 364.321 770.465 335.364 878.88 358.511 
637.563 364.343 770.072 337.201 879.541 358.727 
637.623 364.439 770.171 337.601 879.693 358.801 
637.689 364.449 770.44 339.08 880.175 359.014 
637.814 364.34 771.321 340.743 880.636 359.304 
637.842 364.329 770.799 341.088 880.728 359.35 
638.03 364.315 771.516 342.091 881.069 359.545 
638.234 364.251 771.731 342.951 881.339 359.804 
638.246 364.229 771.25 343.075 881.373 359.868 
638.322 364.15 771.782 343.608 881.491 360.374 
638.339 364.067 771.85 343.848 881.528 360.433 
638.327 364.067 771.845 343.866 881.513 360.43 
638.35 364.022 771.862 343.875 881.517 360.379 
645 366 777 345 890 362 
638.377 364.01 771.854 343.841 881.529 360.175 
638.374 364.021 771.847 343.709 881.512 360.427 
638.356 364.078 771.845 343.492 881.479 360.572 
638.382 364.098 771.846 343.429 881.456 360.594 
638.382 364.144 771.892 342.762 881.377 360.616 
638.338 364.209 771.917 341.633 881.166 360.499 
638.352 364.211 772.001 341.087 881.072 360.266 
638.319 364.27 771.883 339.977 880.755 359.967 
638.343 364.393 771.786 338.122 880.253 359.494 
638.344 364.408 771.323 337.655 880.151 359.442 
638.34 364.408 771.638 336.304 879.665 359.27 
638.342 364.428 771.449 334.55 879.004 359.029 
638.331 364.429 771.4 334.155 878.9 358.977 
638.333 364.45 771.204 332.684 878.414 358.79 
638.304 364.466 770.888 330.844 877.528 358.549 
638.289 364.467 770.825 330.532 877.344 358.472 
638.189 364.477 770.546 328.953 876.699 358.264 
642 366 775 329 882 360 
642 365 775 329 883 359 
638.114 364.491 769.719 324.797 874.4 357.28 
638.073 364.396 768.727 322.421 873.083 356.898 
638.087 364.39 768.645 321.906 872.76 356.862 
638.076 364.371 768.892 319.965 871.625 356.675 
638.06 364.349 767.492 317.95 869.919 356.556 
638.037 364.342 767.882 317.404 869.635 356.533 
638.017 364.34 767.328 315.928 868.16 356.52 
637.918 364.352 766.647 314.291 866.991 356.602 
637.912 364.366 766.531 314.014 866.716 356.519 
637.885 364.393 765.455 312.81 865.355 356.512 
637.891 364.407 765.607 311.333 864.306 356.69 
637.884 364.409 764.739 311.118 864.022 356.797 
637.891 364.409 764.779 309.867 862.783 356.876 
637.893 364.416 764.05 308.237 861.33 356.915 
637.887 364.413 763.831 308.031 860.928 356.89 
637.871 364.424 762.575 306.538 859.517 356.876 
637.837 364.55 762.264 304.45 857.43 356.849 
637.842 364.541 761.785 304.169 857.04 356.85 
637.862 364.418 760.967 302.452 855.163 356.828 
637.811 364.365 759.684 300.246 852.673 356.793 
637.815 364.369 759.297 299.973 852.178 356.804 
637.813 364.349 758.281 298.204 849.912 356.805 
637.815 364.341 756.636 296.022 846.974 356.921 
637.804 364.326 756.411 295.619 846.155 356.849 
637.776 364.323 755.35 293.659 843.627 356.934 
637.705 364.446 753.523 291.915 840.767 357.215 
637.705 364.441 753.238 291.63 840.212 357.188 
637.651 364.455 752.087 290.143 837.899 357.335 
637.607 364.469 751.073 289.067 835.839 357.573 
637.633 364.471 750.613 288.546 834.92 357.667 
637.578 364.475 749.214 287.791 833.086 358.091 
637.582 364.464 748.866 286.82 830.994 358.615 
637.574 364.462 748.679 286.739 830.649 358.675 
637.58 364.46 748.085 286.17 829.308 358.864 
637.576 364.368 747.455 285.672 827.897 359.116 
637.582 364.476 747.313 285.132 827.268 359.157 
637.58 364.488 746.031 284.715 826.085 359.237 
637.56 364.494 745.638 283.895 824.296 359.356 
637.565 364.491 745.241 283.606 823.56 359.364 
637.554 364.505 744.913 282.956 822.511 359.38 
637.527 364.507 743.634 282.077 820.438 359.43 
637.522 364.496 743.266 281.73 819.708 359.396 
637.516 364.487 742.901 281.074 818.54 359.383 
637.482 364.398 741.756 280.249 816.628 359.432 
637.483 364.495 741.317 280.023 815.879 359.476 
637.466 364.506 740.747 279.646 814.952 359.425 
637.449 364.378 740.18 278.673 813.418 359.368 
637.437 364.378 739.647 278.408 812.714 359.349 
637.417 364.395 738.848 277.931 811.288 359.312 
637.425 364.514 738.252 277.108 809.677 359.253 
637.427 364.519 737.817 276.657 809.365 359.095 
637.424 364.513 736.879 276.119 807.585 359.076 
637.339 364.427 735.087 274.997 805.123 359.109 
637.362 364.385 735.093 274.649 804.52 359.13 
637.327 364.385 734.259 273.97 802.449 359.123 
637.299 364.351 732.611 272.696 799.904 358.934 
637.245 364.304 731.996 272.269 798.37 358.792 
637.222 364.286 730.941 271.507 796.525 358.728 
637.178 364.246 729.325 270.338 793.863 358.656 
637.151 364.246 728.576 270.036 792.83 358.63 
637.107 364.252 727.689 269.468 791.298 358.564 
636.987 364.319 726.399 268.645 789.197 358.437 
636.977 364.319 725.917 268.314 788.511 358.363 
636.975 364.323 725.318 267.994 787.357 358.353 
636.958 364.307 723.591 267.172 785.358 358.234 
636.996 364.287 723.599 266.945 784.417 358.209 
636.964 364.287 722.863 266.5 783.148 358.072 
636.933 364.29 721.355 265.899 780.869 357.903 
636.906 364.292 720.837 265.567 779.878 357.853 
636.87 364.305 719.475 264.986 778.593 357.746 
636.782 364.322 718.675 264.404 776.549 357.618 
636.748 364.319 718.209 264.118 775.814 357.555 
636.716 364.325 717.359 263.892 774.753 357.439 
636.664 364.292 716.526 263.246 773.375 357.235 
636.653 364.283 716.252 262.973 772.89 357.162 
636.577 364.279 715.173 262.72 772.375 357.091 
636.644 364.25 715.131 262.599 771.644 357.021 
636.623 364.264 715.002 262.522 771.421 357.048 
636.609 364.238 714.798 262.398 771.138 357.041 
636.531 364.235 714.354 262.004 770.704 356.917 
636.59 364.233 714.307 261.765 770.452 356.881 
636.465 364.203 713.769 261.741 770.143 356.832 
636.473 364.128 713.579 261.537 769.816 356.742 
636.488 364.067 713.642 261.377 769.759 356.733 
636.444 364.062 713.792 261.578 769.832 356.873 
636.483 363.983 714.807 261.872 770.158 357.3 
636.549 363.944 715.174 262.092 770.211 357.653 
636.6 363.922 715.878 262.459 770.396 358.305 
636.727 363.911 716.409 262.55 770.504 358.74 
636.755 363.913 716.701 262.639 770.656 358.68 
636.769 363.926 716.865 262.684 770.686 358.834 
636.785 363.999 717.153 262.742 770.816 358.919 
636.78 364.005 717.289 262.833 770.846 358.968 
636.747 364.009 717.502 262.888 770.924 359.059 
636.736 364.02 717.815 263.043 771.078 359.285 
636.73 364.0 717.964 263.029 771.169 359.313 
636.717 363.997 718.116 263.081 771.296 359.367 
636.694 363.962 718.587 263.191 771.501 359.449 
636.73 363.967 718.728 263.233 771.609 359.493 
636.707 363.965 718.946 263.298 771.722 359.583 
636.722 364.009 719.31 263.421 772.016 359.816 
636.718 364.051 719.199 263.606 772.22 359.752 
636.679 364.117 719.343 263.667 772.574 359.728 
636.667 364.227 719.635 263.785 773.508 359.607 
636.668 364.236 719.779 263.841 773.847 359.538 
636.664 364.271 720.033 264.052 774.424 359.519 
636.679 364.264 720.518 264.186 775.525 359.504 
636.674 364.27 720.703 264.256 775.983 359.504 
636.689 364.245 721.038 264.383 776.731 359.506 
636.703 364.187 721.86 264.533 778.091 359.523 
636.757 364.141 722.208 264.613 778.686 359.494 
636.765 364.082 722.578 264.83 779.397 359.482 
636.769 364.045 723.044 265.053 780.483 359.41 
636.786 364.059 723.244 265.039 780.878 359.26 
636.791 364.049 723.426 265.129 781.351 359.188 
636.781 364.081 723.824 265.286 781.925 359.082 
636.774 364.092 723.951 265.381 782.354 358.936 
636.723 364.176 723.521 265.637 783.062 359.065 
636.73 364.22 724.555 266.183 784.091 359.107 
636.71 364.22 724.652 266.243 784.377 358.955 
636.724 364.219 724.975 266.431 785.123 359.02 
636.74 364.199 725.561 266.653 786.202 358.949 
636.772 364.202 725.943 266.876 786.607 358.926 
636.799 364.223 725.474 267.128 787.183 358.977 
636.803 364.245 726.53 267.345 788.03 359.043 
636.803 364.248 726.668 267.521 788.424 358.985 
636.793 364.268 726.893 267.837 788.885 359.163 
636.782 364.286 727.315 268.167 789.926 359.167 
636.781 364.278 727.484 268.315 790.334 359.164 
636.778 364.259 728.047 268.473 791.399 359.122 
636.79 364.208 728.719 268.825 792.681 359.169 
636.777 364.208 728.839 268.881 792.955 359.163 
636.805 364.176 729.245 269.109 793.776 359.145 
636.862 364.109 729.725 269.67 794.921 359.173 
636.874 364.107 729.95 269.79 795.325 359.206 
636.886 364.1 730.341 270.04 796.308 359.127 
636.944 364.123 730.955 270.296 797.292 359.109 
636.915 364.132 731.196 270.492 797.805 359.178 
636.908 364.141 731.622 270.748 798.833 359.004 
636.871 364.125 732.535 271.221 800.312 359.088 
636.936 364.148 732.836 271.593 801.054 358.971 
636.96 364.121 733.121 272.016 801.69 358.976 
636.987 364.095 733.976 272.654 803.635 359.151 
636.989 364.107 734.386 272.868 804.313 359.205 
637.003 364.124 735.091 273.275 805.167 359.586 
637.002 364.141 735.637 274.15 806.526 359.884 
637.021 364.152 735.945 274.348 807.048 359.94 
637.032 364.175 736.349 274.533 807.852 359.812 
637.027 364.196 736.279 274.924 808.969 359.668 
637.001 364.242 736.46 275.273 809.461 359.691 
636.996 364.256 737.37 275.7 810.083 359.693 
636.949 364.294 737.944 276.157 811.34 359.583 
636.959 364.291 738.19 276.372 811.893 359.601 
637.002 364.279 738.977 276.817 813.087 359.583 
637.018 364.284 739.674 277.22 814.256 359.571 
637.013 364.276 739.769 277.694 814.914 359.535 
637.032 364.268 740.37 278.193 816.339 359.449 
637.073 364.226 741.164 278.611 817.874 359.306 
637.066 364.255 741.69 278.931 818.651 359.335 
637.095 364.212 742.183 279.365 819.762 359.238 
637.103 364.208 742.841 280.314 821.737 358.952 
637.102 364.214 743.148 280.629 822.486 358.864 
637.08 364.269 743.221 281.19 823.71 358.689 
637.092 364.301 744.626 282.078 825.03 358.667 
637.085 364.309 744.922 282.421 826.247 358.621 
637.098 364.33 745.463 282.902 827.021 358.65 
637.114 364.348 746.534 284.092 829.113 358.501 
637.091 364.355 746.919 284.445 830.43 358.433 
637.11 364.366 747.557 285.237 831.519 358.34 
637.116 364.373 748.219 286.523 834.036 358.006 
637.157 364.335 749.514 287.005 835.234 357.824 
637.192 364.304 750.021 288.124 836.703 357.734 
637.175 364.347 751.427 289.706 839.413 357.609 
637.219 364.371 751.883 290.316 840.424 357.575 
637.241 364.389 752.524 291.325 841.871 357.506 
637.251 364.433 753.797 292.674 843.996 357.455 
637.286 364.426 754.131 293.453 844.987 357.426 
637.269 364.55 754.736 294.3 846.158 357.381 
637.33 364.562 755.808 295.843 848.336 357.142 
637.3 364.594 756.187 296.375 849.251 356.973 
637.316 364.614 756.707 297.508 850.437 356.922 
637.32 364.655 757.348 299.062 852.67 356.811 
637.315 364.667 758.295 299.859 853.613 356.744 
637.329 364.675 758.847 300.976 854.914 356.708 
637.341 364.681 760.215 302.708 857.157 356.552 
637.353 364.686 760.42 303.497 857.948 356.517 
637.377 364.783 761.092 304.476 859.277 356.348 
637.412 364.661 762.269 306.256 861.348 356.177 
637.442 364.643 762.608 307.049 862.043 356.274 
637.461 364.648 763.133 308.114 863.017 356.224 
637.492 364.654 763.703 309.694 864.568 356.469 
637.493 364.644 763.964 310.164 865.056 356.42 
637.503 364.637 764.391 311.108 865.994 356.446 
637.54 364.576 764.996 312.686 867.225 356.487 
637.554 364.565 765.16 313.384 867.797 356.489 
637.554 364.565 765.844 314.391 868.772 356.559 
637.568 364.583 766.538 316.412 870.121 356.851 
637.589 364.605 766.576 317.392 870.857 356.956 
637.604 364.617 766.941 318.831 871.627 357.297 
637.643 364.768 767.561 321.166 873.104 357.819 
637.677 364.774 768.096 321.972 873.785 357.977 
637.617 364.801 768.47 323.402 874.488 358.161 
637.745 364.812 768.346 325.715 875.861 358.304 
637.728 364.807 768.593 326.574 876.376 358.326 
637.789 364.778 768.975 327.932 877.062 358.332 
637.869 364.765 769.495 330.047 877.977 358.561 
637.893 364.762 770.22 330.734 878.333 358.563 
637.947 364.739 769.957 331.675 878.842 358.451 
638.023 364.566 770.871 333.245 879.445 358.174 
638.013 364.441 770.934 334.039 879.644 358.16 
638.036 364.54 771.158 335.056 879.884 358.167 
638.065 364.536 771.471 337.011 880.269 358.216 
638.145 364.526 771.557 337.959 880.407 358.241 
638.17 364.528 771.746 338.799 880.661 358.265 
638.318 364.523 771.93 340.108 881.124 358.633 
638.347 364.515 771.993 340.306 881.226 358.686 
638.408 364.466 772.051 340.439 881.316 358.752 
638.421 364.433 772.072 340.459 881.348 358.813 
638.412 364.43 772.084 340.63 881.368 358.862 
638.393 364.433 772.076 340.812 881.389 358.919 
638.385 364.472 772.157 341.392 881.414 359.068 
638.389 364.482 772.087 341.708 881.415 359.108 
638.408 364.477 772.128 342.04 881.439 359.185 
638.452 364.452 772.189 342.145 881.495 359.261 
638.469 364.44 772.202 342.108 881.501 359.288 
638.478 364.416 772.223 341.977 881.509 359.318 
638.486 364.424 772.234 341.823 881.499 359.342 
638.472 364.441 772.215 341.745 881.466 359.352 
638.458 364.47 772.198 341.56 881.415 359.352 
638.448 364.497 772.297 340.895 881.304 359.377 
638.464 364.509 772.218 340.692 881.23 359.363 
638.462 364.521 772.202 339.903 881.027 359.325 
638.479 364.503 772.211 338.688 880.719 359.155 
638.475 364.503 772.184 338.437 880.643 359.107 
638.481 364.511 771.706 337.452 880.345 358.928 
638.459 364.536 771.998 336.215 879.92 358.758 
638.463 364.534 771.562 335.762 879.788 358.703 
638.468 364.543 771.99 334.755 879.425 358.612 
638.463 364.528 771.325 333.033 878.819 358.369 
638.465 364.531 771.247 332.356 878.59 358.088 
638.477 364.54 771.16 331.432 878.323 357.948 
638.472 364.555 770.92 329.877 877.725 357.484 
638.443 364.585 770.99 329.263 877.417 357.313 
638.468 364.582 771.102 328.457 876.977 357.151 
638.437 364.603 770.779 326.534 876.127 356.796 
638.44 364.604 770.652 325.463 875.597 356.627 
638.44 364.578 770.38 323.785 874.753 356.212 
638.494 364.517 769.687 320.825 872.919 355.794 
638.485 364.488 769.378 319.495 872.147 355.657 
638.484 364.442 768.839 317.648 870.941 355.504 
638.432 364.425 767.999 314.834 868.841 355.292 
638.404 364.421 767.306 313.906 867.809 355.261 
638.377 364.421 766.748 312.444 866.679 355.072 
638.337 364.456 765.169 310.404 864.552 355.24 
638.337 364.476 765.508 309.513 863.781 355.251 
638.315 364.496 764.931 308.262 862.4 355.329 
638.224 364.541 763.662 306.281 860.157 355.479 
638.311 364.551 763.196 305.627 859.315 355.514 
638.291 364.567 762.557 304.358 857.886 355.613 
638.188 364.603 760.85 302.573 855.39 355.921 
638.095 364.622 760.845 301.882 854.571 356.218 
638.065 364.652 760.149 300.7 853.143 356.339 
638.035 364.778 758.385 298.806 850.708 356.53 
638.02 364.766 758.414 298.034 849.576 356.619 
638.044 364.637 757.618 296.894 848.162 356.662 
638.106 364.588 755.692 294.834 845.083 356.887 
638.037 364.583 755.64 294.159 844.168 356.98 
638.073 364.465 754.994 292.943 842.44 357.167 
638.046 364.449 753.347 290.848 839.455 357.253 
638.052 364.435 752.738 290.257 838.248 357.257 
637.983 364.419 751.899 289.097 836.347 357.345 
637.958 364.426 749.45 287.173 832.885 357.46 
637.91 364.425 749.523 286.544 831.621 357.512 
637.907 364.435 748.208 285.638 829.418 357.717 
637.842 364.563 746.374 284.042 825.815 358.008 
637.774 364.555 745.645 283.475 824.499 358.066 
637.776 364.583 744.779 282.451 822.513 358.135 
637.707 364.614 743.076 281.434 819.889 358.233 
637.723 364.63 742.622 280.858 818.209 358.507 
637.676 364.743 741.829 280.343 816.503 358.843 
637.632 364.765 740.461 279.606 814.044 358.981 
637.584 364.793 740.031 279.233 813.08 359.024 
637.575 364.791 739.43 278.622 811.814 359.069 
637.553 364.85 738.192 277.826 809.343 359.161 
637.516 364.856 737.631 277.466 808.352 359.274 
637.534 364.878 736.925 276.561 806.547 359.276 
637.486 364.862 735.165 275.413 803.559 359.391 
637.469 364.857 734.667 274.737 802.147 359.115 
637.445 364.846 733.291 273.903 799.926 359.04 
637.359 364.821 731.214 272.4 795.678 359.064 
637.341 364.814 730.423 271.842 794.533 358.983 
637.288 364.791 729.234 270.871 792.167 358.843 
637.2 364.631 727.47 269.838 789.54 358.59 
637.207 364.602 726.957 269.488 788.512 358.653 
637.171 364.47 726.372 268.842 787.129 358.519 
637.125 364.392 724.789 268.123 784.841 358.435 
637.136 364.393 724.271 267.831 783.865 358.487 
637.181 364.361 722.852 267.25 782.455 358.29 
637.178 364.376 721.855 266.458 779.915 358.16 
637.168 364.432 721.214 266.227 778.885 358.228 
637.126 364.467 720.158 265.951 777.391 358.117 
636.979 364.639 718.786 265.46 775.264 358.131 
636.927 364.676 717.772 265.189 774.535 358.256 
636.862 364.808 717.92 265.152 773.751 358.262 
636.798 364.863 717.008 265.256 772.844 358.288 
636.812 364.871 716.901 265.245 772.65 358.345 
636.823 364.874 716.803 265.294 772.341 358.63 
636.865 364.869 716.554 265.23 772.114 358.657 
636.891 364.866 716.445 264.961 771.995 358.512 
636.91 364.841 716.152 264.698 771.672 358.38 
636.92 364.809 715.42 264.163 770.882 358.15 
636.904 364.801 715.08 264.011 770.592 357.974 
636.858 364.797 714.809 263.699 769.994 358.023 
636.797 364.783 714.713 263.505 769.809 357.967 
636.773 364.779 714.808 263.485 769.875 357.992 
636.786 364.527 715.167 263.533 769.998 358.142 
636.821 364.441 715.902 263.777 770.213 358.647 
636.866 364.387 716.23 263.912 770.383 358.834 
636.906 364.335 716.663 264.008 770.591 359.003 
637.011 364.272 717.422 264.034 770.842 359.295 
636.993 364.305 717.611 264.066 770.905 359.375 
636.993 364.331 717.826 264.09 771.0 359.447 
636.959 364.411 718.102 264.088 771.347 359.517 
636.934 364.43 718.229 264.117 771.482 359.539 
636.91 364.477 718.545 264.217 771.764 359.581 
636.886 364.493 719.25 264.404 772.279 359.818 
636.884 364.486 719.578 264.535 772.63 359.722 
636.874 364.627 719.967 264.689 773.194 359.845 
636.906 364.484 720.632 264.93 774.256 359.954 
636.921 364.479 720.861 265.099 774.808 359.852 
636.94 364.473 721.484 265.227 775.54 359.9 
636.953 364.474 722.215 265.595 776.793 359.994 
636.955 364.479 722.318 265.862 777.503 360.004 
636.95 364.488 722.803 266.042 778.473 360.053 
636.94 364.492 723.729 266.469 780.526 360.004 
636.945 364.488 724.283 266.487 781.42 359.922 
636.945 364.48 725.017 266.821 782.902 359.872 
636.969 364.473 726.101 267.635 785.201 359.739 
636.985 364.449 726.531 267.851 785.953 359.731 
637.027 364.43 727.276 268.123 787.192 359.738 
637.047 364.407 728.123 268.712 788.889 359.695 
637.058 364.391 728.531 268.802 789.51 359.709 
637.07 364.401 729.119 269.111 790.319 359.699 
637.056 364.444 729.385 269.838 791.882 359.502 
637.081 364.494 729.586 270.008 792.432 359.47 
637.084 364.633 729.955 270.26 793.551 359.377 
637.086 364.766 730.245 270.963 795.657 359.284 
637.076 364.784 731.387 271.234 796.547 359.27 
637.083 364.781 731.864 271.842 798.133 359.196 
637.115 364.776 733.314 272.493 800.791 358.923 
637.123 364.662 733.685 272.821 801.844 358.805 
637.152 364.645 734.281 273.549 803.319 358.852 
637.197 364.612 735.429 274.478 805.817 358.682 
637.207 364.588 736.152 274.713 806.732 358.801 
637.221 364.571 736.722 275.486 808.138 358.832 
637.202 364.605 737.804 276.268 810.196 358.943 
637.196 364.629 738.15 276.586 810.899 358.95 
637.202 364.67 738.562 277.032 811.917 359.021 
637.218 364.83 739.258 277.904 813.632 358.971 
637.218 364.843 739.717 278.169 814.358 358.975 
637.203 364.874 740.219 278.564 815.601 358.904 
637.211 364.891 741.117 279.685 817.379 358.86 
637.199 364.91 741.577 279.975 818.75 358.629 
637.212 364.916 742.35 280.551 820.19 358.43 
637.226 364.915 743.388 281.668 822.657 358.213 
637.246 364.906 743.82 282.052 823.623 358.133 
637.265 364.924 744.62 282.479 824.563 358.152 
637.297 364.936 745.554 283.689 826.923 357.995 
637.29 364.963 746.058 284.152 828.3 357.704 
637.279 364.97 747.012 284.759 829.167 357.641 
637.271 365.014 748.025 286.266 832.65 357.303 
637.265 365.042 748.031 286.858 833.257 357.385 
637.289 365.094 749.453 287.856 834.904 357.359 
637.317 365.139 750.68 289.447 837.508 357.336 
637.334 365.155 751.187 289.897 838.352 357.329 
637.353 365.169 752.002 290.654 839.75 357.242 
637.378 365.205 752.914 292.086 841.957 356.939 
637.385 365.215 753.348 292.419 842.663 356.854 
637.377 365.254 753.4 293.255 844.378 356.529 
637.377 365.408 754.873 294.459 845.614 356.541 
637.379 365.427 755.17 294.925 846.424 356.446 
637.375 365.441 755.629 295.726 847.46 356.314 
637.402 365.458 756.118 296.925 849.449 356.159 
637.398 365.439 757.031 297.531 850.115 356.084 
637.419 365.563 757.607 298.216 851.324 355.956 
637.439 365.45 758.51 299.758 853.237 355.528 
637.475 365.539 758.465 300.269 854.482 355.346 
637.505 365.563 759.64 301.418 855.367 355.319 
637.522 365.573 760.542 303.216 857.452 355.334 
637.548 365.585 760.965 303.856 858.36 355.357 
637.554 365.612 761.09 304.799 859.385 355.453 
637.587 365.609 762.484 306.424 861.154 355.594 
637.589 365.647 762.723 307.179 861.778 355.672 
637.598 365.653 763.116 307.945 862.568 355.817 
637.615 365.638 763.676 309.369 863.94 356.086 
637.611 365.645 763.43 309.832 864.339 356.219 
637.584 365.636 764.482 310.449 864.925 356.4 
637.592 365.633 764.782 311.779 866.116 356.682 
637.582 365.621 764.967 312.233 866.445 356.747 
637.593 365.561 765.158 313.114 866.966 356.873 
637.591 365.539 765.619 314.094 867.731 356.895 
637.606 365.528 765.691 314.669 868.341 357.003 
637.617 365.493 765.955 315.235 868.887 356.942 
637.616 365.458 766.684 316.339 869.896 356.783 
637.634 365.442 766.603 317.139 870.598 356.729 
637.631 365.442 766.488 318.106 871.293 356.729 
637.659 365.417 767.809 319.871 872.548 356.738 
637.659 365.329 767.996 320.505 872.982 356.731 
637.676 365.312 768.276 321.528 873.743 356.772 
637.778 365.225 767.981 322.761 874.477 356.697 
637.79 365.193 768.081 323.147 874.728 356.673 
637.846 365.093 768.31 323.856 875.104 356.665 
637.836 364.932 769.173 324.999 875.679 356.736 
637.798 364.939 768.734 325.579 876.044 356.773 
637.843 364.916 769.478 326.578 876.436 357.001 
637.79 364.978 769.994 328.172 877.215 357.119 
637.799 365.109 769.916 328.91 877.407 357.248 
637.87 365.167 770.1 329.527 877.813 357.279 
637.918 365.206 770.289 330.515 878.25 357.191 
637.952 365.202 770.36 330.672 878.358 357.135 
637.917 365.21 770.464 330.864 878.489 357.063 
637.985 365.189 770.667 331.49 878.726 357.039 
637.975 365.2 770.165 331.834 878.817 357.061 
637.929 365.222 770.774 332.498 879.038 357.076 
637.939 365.248 770.471 333.593 879.36 357.199 
637.964 365.266 771.045 334.212 879.56 357.28 
637.984 365.372 771.195 334.87 879.767 357.334 
638.021 365.402 771.641 335.413 880.023 357.331 
638.1 365.424 771.438 335.866 880.134 357.319 
638.139 365.438 771.507 335.972 880.213 357.22 
638.15 365.442 771.578 335.989 880.276 357.159 
638.152 365.451 771.588 336.12 880.308 357.091 
638.146 365.445 771.641 336.318 880.305 357.107 
638.154 365.471 771.819 337.16 880.434 357.209 
638.127 365.498 771.819 337.876 880.5 357.324 
638.164 365.48 771.931 338.512 880.646 357.497 
638.31 365.511 772.188 339.644 880.893 358.002 
638.323 365.507 772.155 340.014 880.954 358.131 
638.364 365.495 772.245 340.251 881.039 358.281 
638.391 365.488 772.321 340.416 881.061 358.589 
638.376 365.492 772.308 340.431 881.053 358.633 
638.351 365.509 772.276 340.366 880.995 358.646 
638.305 365.585 772.238 340.271 880.905 358.63 
638.299 365.608 772.221 340.15 880.847 358.616 
638.281 365.643 772.19 339.838 880.698 358.562 
638.284 365.692 772.195 338.447 880.338 358.266 
638.279 365.702 771.759 337.673 880.142 358.166 
643 368 777 337 889 359 
638.245 365.715 771.613 334.215 878.882 357.537 
638.327 365.703 771.583 333.366 878.597 357.405 
638.344 365.698 771.434 332.228 878.211 357.239 
638.341 365.726 771.141 330.214 877.41 356.947 
638.348 365.729 771.012 329.433 877.013 356.812 
638.345 365.745 770.789 327.997 876.465 356.547 
643 368 775 327 887 356 
638.333 365.715 770.659 323.907 874.467 355.619 
638.33 365.676 770.164 322.018 873.525 355.008 
638.338 365.594 769.247 318.739 871.33 354.5 
638.32 365.558 768.889 317.398 870.444 354.368 
638.332 365.491 767.666 315.405 869.045 354.102 
638.291 365.449 766.948 312.863 866.746 353.853 
638.285 365.432 766.587 311.861 865.835 353.776 
638.155 365.396 765.971 310.357 864.427 353.724 
638.128 365.429 764.218 308.046 862.039 353.621 
638.219 365.438 763.716 307.035 861.1 353.62 
638.139 365.437 763.43 305.639 859.563 353.609 
638.137 365.418 762.27 302.956 856.828 353.567 
638.128 365.411 761.497 302.052 855.559 353.597 
638.105 365.379 760.606 300.58 854.23 353.505 
638.07 365.35 758.54 298.306 850.791 353.939 
638.049 365.259 758.383 297.519 849.625 353.997 
638.046 365.239 757.513 296.175 847.785 354.092 
638.0 365.172 755.973 294.189 844.913 354.2 
637.983 365.125 755.428 293.474 843.785 354.245 
637.978 365.106 754.629 292.234 842.445 354.303 
637.97 365.064 753.138 290.453 839.622 354.58 
637.971 365.054 752.878 290.126 838.694 354.781 
637.96 365.028 751.919 288.616 836.81 354.792 
637.943 364.918 750.339 286.827 833.72 354.934 
637.941 364.913 750.072 286.546 833.552 354.799 
637.934 364.91 748.754 285.159 830.867 355.056 
637.914 364.881 746.678 283.562 828.219 355.045 
637.914 364.871 746.323 283.146 827.655 355.048 
637.88 364.857 745.607 281.969 825.039 355.398 
637.837 364.861 743.827 280.387 821.586 355.587 
637.81 364.849 743.532 280.127 820.997 355.597 
637.779 364.848 742.163 278.752 818.323 355.701 
637.721 364.836 739.871 277.419 815.152 355.727 
637.671 364.859 740.343 277.174 814.563 355.728 
637.597 364.889 738.942 276.483 812.306 355.917 
637.564 364.939 736.993 275.471 809.422 356.368 
637.555 364.957 737.452 275.358 808.94 356.426 
637.532 365.004 736.213 274.555 806.655 356.585 
637.499 365.059 734.613 273.732 803.669 356.712 
637.505 365.069 734.299 273.537 803.069 356.638 
637.484 365.12 733.269 272.513 800.46 356.848 
637.436 365.132 731.317 271.633 797.343 356.876 
637.419 365.141 731.21 271.319 796.556 356.989 
637.372 365.137 729.674 270.564 794.108 357.013 
637.323 365.127 728.44 269.722 791.463 357.031 
637.303 365.133 727.345 269.527 791.027 357.045 
637.263 365.113 726.997 269.173 789.389 357.018 
637.263 365.11 726.166 268.771 787.731 357.165 
637.262 365.114 725.996 268.683 787.427 357.184 
637.264 365.148 725.45 268.424 786.164 357.326 
637.288 365.17 724.234 268.145 784.239 357.455 
637.292 365.185 723.998 268.106 783.881 357.417 
637.301 365.224 723.016 267.606 782.013 357.473 
637.294 365.296 721.478 266.868 779.671 357.265 
637.288 365.304 721.212 266.72 779.123 357.318 
637.245 365.53 719.914 266.23 777.312 357.132 
637.167 365.607 718.366 265.683 775.368 356.881 
637.141 365.616 718.146 265.564 775.07 356.835 
637.086 365.633 717.093 265.192 774.071 356.645 
637.043 365.629 716.592 264.658 773.061 356.776 
637.034 365.62 716.542 264.633 772.942 356.802 
637.041 365.598 716.52 264.57 772.76 356.855 
637.046 365.508 716.902 264.625 772.954 356.993 
637.077 365.509 717.015 264.647 773.079 357.031 
637.094 365.376 717.551 264.87 773.266 357.382 
637.131 365.365 717.607 265.014 773.516 357.673 
637.128 365.359 718.465 265.053 773.566 357.719 
637.142 365.345 718.026 265.128 773.795 357.881 
637.139 365.355 718.437 265.128 774.052 358.179 
637.117 365.357 719.273 265.17 774.103 358.232 
637.101 365.328 719.469 265.329 774.432 358.372 
637.086 365.281 720.016 265.183 774.964 358.521 
637.086 365.272 720.116 265.199 775.085 358.575 
637.069 365.175 720.509 265.34 775.852 358.491 
637.07 365.108 720.757 265.356 777.002 358.569 
637.076 365.095 720.919 265.416 777.319 358.54 
637.069 365.019 722.266 265.792 778.93 358.372 
637.071 364.978 723.328 266.221 781.018 358.381 
637.07 364.989 723.593 266.371 781.452 358.42 
637.081 364.955 724.771 266.696 783.359 358.383 
637.113 364.931 726.026 267.411 785.773 358.391 
637.135 364.928 726.204 267.662 786.209 358.43 
637.155 364.915 727.329 268.09 788.25 358.342 
637.171 364.9 728.574 268.741 790.789 358.158 
637.17 364.9 728.8 268.863 791.294 358.15 
637.182 364.905 729.779 269.779 793.14 357.989 
637.209 364.894 731.055 270.451 796.335 357.74 
637.205 364.895 731.412 270.566 796.92 357.735 
637.206 364.893 732.606 271.236 799.297 357.662 
637.222 364.888 733.36 272.061 801.116 357.617 
637.27 364.875 734.952 272.929 804.234 357.338 
637.278 364.865 735.439 273.36 805.475 357.217 
637.288 364.845 736.335 274.131 807.467 357.008 
637.308 364.848 737.96 275.177 810.585 356.922 
637.311 364.881 738.391 275.85 811.782 356.844 
637.316 364.909 739.414 276.492 813.679 356.77 
637.316 364.953 740.684 277.904 816.847 356.391 
637.327 364.976 741.43 278.27 817.698 356.418 
637.321 364.999 742.203 278.956 819.727 356.188 
637.357 365.026 743.613 280.218 822.469 356.052 
637.357 365.036 744.137 280.64 823.555 355.908 
637.374 365.048 744.77 281.6 825.025 355.967 
637.392 365.083 745.872 282.825 827.45 355.937 
637.389 365.115 746.473 283.374 828.125 355.956 
637.385 365.141 747.167 284.162 830.166 355.597 
637.393 365.204 748.504 285.668 832.437 355.496 
637.395 365.227 749.075 286.228 833.942 355.437 
637.409 365.268 750.097 287.009 835.574 355.393 
637.434 365.379 751.291 288.631 838.13 355.357 
637.442 365.394 751.707 289.418 838.859 355.367 
637.435 365.424 752.014 290.314 840.358 355.33 
637.491 365.624 753.714 291.957 843.066 355.23 
637.492 365.647 754.203 292.472 843.706 355.096 
637.498 365.687 754.402 293.474 845.603 354.973 
637.488 365.727 756.148 295.348 848.095 354.735 
637.491 365.752 756.593 296.021 848.612 354.735 
637.496 365.771 756.854 296.91 850.353 354.561 
637.55 365.829 758.445 298.51 852.053 354.588 
637.534 365.817 758.755 299.218 852.762 354.586 
637.561 365.865 759.277 300.004 853.712 354.544 
637.562 365.9 760.106 301.34 855.324 354.472 
637.56 365.905 760.421 301.731 855.805 354.454 
637.518 365.976 760.845 302.423 856.675 354.452 
637.523 365.998 761.453 303.751 858.133 354.23 
637.525 366.003 761.786 304.086 858.58 354.201 
637.522 366.009 761.635 304.872 859.562 354.008 
637.562 365.986 762.986 306.206 860.901 353.984 
637.537 366.012 762.679 306.751 861.503 353.982 
637.578 365.98 763.653 307.759 862.536 353.962 
637.589 365.966 764.441 309.501 864.104 353.912 
637.612 365.924 764.882 310.004 864.879 353.924 
637.641 365.914 765.567 311.17 865.819 354.049 
637.658 365.897 766.201 313.343 867.515 354.222 
637.664 365.881 766.552 314.143 868.14 354.323 
637.682 365.858 767.009 315.628 869.124 354.488 
637.715 365.85 767.32 318.242 870.902 355.015 
637.71 365.849 767.656 319.38 871.448 355.189 
637.763 365.842 768.718 321.242 872.742 355.557 
637.791 365.796 769.426 324.546 874.535 356.153 
637.804 365.77 769.753 325.786 875.199 356.338 
637.847 365.771 769.685 327.862 876.065 356.807 
637.945 365.686 770.534 331.543 877.606 357.168 
637.991 365.657 771.373 332.9 878.181 357.431 
643 366 777 335 888 357 
638.336 365.513 771.829 337.818 880.0 358.72 
638.388 365.469 772.013 338.796 880.264 358.902 
638.462 365.29 772.242 339.96 880.641 359.165 
638.548 365.188 772.44 341.242 881.084 359.372 
638.538 365.156 772.46 341.463 881.157 359.429 
638.582 365.074 772.522 341.735 881.216 359.494 
638.553 365.034 772.467 342.005 881.203 359.616 
638.515 365.081 772.467 342.13 881.2 359.689 
638.539 365.004 772.462 342.375 881.227 359.816 
643 365 778 344 888 362 
642 365 779 345 890 361 
638.598 365.008 772.598 343.66 881.655 360.766 
638.638 364.992 773.173 343.94 881.756 360.906 
638.633 364.995 773.191 343.941 881.77 360.921 
638.638 364.997 773.209 343.89 881.767 360.93 
638.645 365.059 773.203 343.881 881.79 360.9 
638.634 365.075 773.195 343.905 881.779 360.899 
638.628 365.104 773.183 343.955 881.796 360.916 
638.599 365.186 773.159 344.065 881.828 360.997 
638.599 365.184 773.168 344.092 881.868 361.019 
638.598 365.199 773.169 344.163 881.92 361.088 
638.611 365.21 773.142 344.324 881.99 361.165 
638.617 365.226 773.156 344.377 882.012 361.206 
638.614 365.233 773.149 344.41 882.034 361.239 
638.618 365.269 773.147 344.465 882.026 361.274 
638.599 365.274 773.137 344.484 882.009 361.287 
