691.312 447.121 810.069 431.151 909.339 455.872 
691.318 447.115 810.101 430.661 909.259 455.801 
691.33 447.128 810.151 429.997 909.178 455.712 
691.356 447.145 810.715 428.783 909.026 455.551 
689 448 808 429 906 456 
691.376 447.191 810.789 427.495 908.682 455.585 
691.35 447.371 810.683 425.802 908.151 455.178 
691.362 447.464 810.512 425.06 907.934 455.002 
691.347 447.479 810.354 423.625 907.466 454.61 
688 449 809 422 905 456 
691.286 447.566 809.829 420.37 906.069 453.794 
691.233 447.596 809.43 419.309 905.42 453.517 
691.123 447.669 808.497 418.03 904.536 453.148 
691.083 447.783 808.342 417.348 904.169 453.076 
691.052 447.81 808.105 416.723 903.59 453.329 
691.035 447.867 807.657 414.91 902.516 453.208 
691.047 447.877 807.458 414.017 901.703 453.345 
691.041 447.88 807.464 412.227 900.871 453.025 
691.042 447.845 806.832 409.297 898.885 452.71 
691.034 447.846 806.393 408.344 898.13 452.579 
690.994 447.862 805.877 406.832 896.644 452.684 
690.89 447.912 805.184 404.634 895.186 452.375 
690.784 447.906 804.188 404.543 894.247 452.642 
690.699 447.922 804.182 403.453 893.631 452.783 
690.665 447.906 803.702 402.323 892.531 452.855 
690.641 447.912 803.46 401.981 892.015 452.952 
690.649 447.91 803.163 401.38 891.263 453.074 
690.68 447.933 802.609 399.976 890.01 453.032 
690.695 447.927 801.841 399.723 889.265 453.133 
690.715 447.935 801.927 398.44 888.391 453.063 
690.711 447.958 801.0 396.793 886.508 453.085 
690.705 447.96 800.683 396.214 885.865 453.006 
690.686 447.959 799.665 395.636 884.681 453.16 
690.613 447.963 799.199 394.023 882.926 453.188 
690.592 447.955 798.93 393.312 882.162 453.16 
690.577 447.915 798.407 392.557 881.173 453.09 
690.577 447.832 797.428 391.1 879.225 453.029 
690.567 447.737 797.048 390.586 878.447 453.041 
690.592 447.687 796.56 389.547 877.212 452.982 
690.574 447.605 795.61 388.121 875.175 452.945 
690.616 447.579 795.135 387.657 874.474 452.885 
690.589 447.558 794.61 386.98 873.224 452.945 
690.547 447.541 793.782 385.824 871.325 453.191 
690.508 447.54 793.353 385.476 870.698 453.105 
690.519 447.529 792.944 384.757 869.629 453.262 
690.448 447.384 792.181 383.853 867.864 453.349 
690.45 447.374 791.864 383.525 867.076 453.373 
690.447 447.354 791.538 382.886 865.944 453.422 
690.472 447.324 790.426 382.028 863.98 453.561 
690.467 447.32 790.073 381.606 863.192 453.506 
690.459 447.329 789.668 380.925 861.841 453.724 
690.412 447.312 788.668 379.918 859.693 453.899 
690.381 447.287 788.011 379.708 858.889 453.857 
690.369 447.278 787.458 379.112 857.583 453.943 
690.316 447.143 786.532 378.066 855.649 453.878 
690.314 447.137 786.043 377.886 854.939 453.86 
690.3 447.123 785.471 377.431 853.715 453.869 
690.287 447.109 784.397 376.323 851.838 453.707 
690.278 447.097 783.996 375.987 850.945 453.784 
690.265 447.079 783.479 375.283 849.822 453.527 
690.239 447.068 782.327 374.399 847.815 453.334 
690.206 447.056 781.937 374.031 846.929 453.415 
690.193 446.949 781.406 373.333 845.909 453.228 
690.14 446.905 780.406 372.68 844.114 453.174 
690.124 446.883 780.084 372.433 843.518 453.177 
690.069 446.891 779.685 371.846 842.476 453.067 
690.047 446.874 778.658 371.274 840.75 453.142 
690.04 446.871 778.298 370.905 840.006 453.047 
690.027 446.836 777.28 370.687 838.829 453.036 
690.021 446.755 776.582 369.451 836.908 452.669 
689.997 446.706 776.323 369.022 836.007 452.574 
689.947 446.651 775.36 368.437 834.743 452.324 
689.855 446.579 774.277 367.438 832.446 452.197 
689.824 446.548 773.632 367.108 831.523 452.028 
689.76 446.476 772.883 366.512 830.088 451.957 
689.677 446.392 771.563 365.641 827.883 451.73 
689.634 446.246 771.163 365.313 827.494 451.353 
689.59 446.148 770.367 364.988 825.839 451.572 
689.457 446.11 769.469 364.236 824.238 451.095 
689.44 446.105 769.005 363.841 823.533 450.953 
689.393 445.978 768.179 363.483 822.265 450.845 
689.395 445.967 766.805 362.788 820.071 450.592 
689.386 445.966 766.557 362.63 819.64 450.523 
689.365 445.952 765.688 361.763 817.698 450.322 
689.32 445.96 764.272 361.214 815.453 450.093 
689.268 445.969 764.042 361.056 815.02 450.083 
689.18 446.067 762.721 360.912 813.687 449.963 
689.029 446.094 762.233 360.459 812.409 449.915 
689.004 446.182 762.085 360.394 812.226 449.893 
688.953 446.215 761.61 360.004 811.41 449.785 
688.903 446.243 760.985 359.731 810.423 449.752 
688.873 446.25 760.863 359.681 810.247 449.716 
688.838 446.273 760.246 359.493 809.577 449.589 
688.799 446.314 759.735 359.309 808.797 449.566 
688.788 446.317 759.674 359.281 808.688 449.552 
688.76 446.343 759.575 359.187 808.385 449.652 
688.755 446.355 759.787 359.312 808.405 449.818 
688.755 446.344 759.83 359.335 808.428 449.892 
688.785 446.314 760.032 359.34 808.441 450.055 
688.825 446.228 760.169 359.35 808.385 450.068 
688.869 446.189 760.174 359.334 808.378 450.048 
688.877 446.137 760.109 359.137 808.288 449.944 
688.884 446.146 759.83 359.03 808.148 449.774 
688.879 446.146 759.703 359.005 808.093 449.725 
688.859 446.176 758.999 358.84 807.64 449.31 
688.698 446.283 758.101 358.115 806.526 448.883 
688.65 446.283 757.474 357.944 805.901 448.767 
688.581 446.288 756.783 357.678 805.188 448.496 
688.481 446.331 756.356 357.513 804.433 448.537 
688.46 446.337 756.422 357.546 804.394 448.606 
688.382 446.379 757.373 357.938 804.55 449.306 
688.376 446.464 758.683 358.873 805.034 450.361 
688.397 446.473 758.952 358.982 805.115 450.597 
688.483 446.499 759.48 359.351 805.345 450.87 
688.57 446.445 759.627 359.25 805.316 450.837 
688.579 446.436 759.615 359.229 805.301 450.833 
688.583 446.398 759.718 359.214 805.335 450.852 
688.567 446.398 760.207 359.354 805.611 451.032 
688.557 446.4 759.821 359.723 805.684 451.089 
688.55 446.411 760.224 359.909 805.943 451.276 
688.55 446.4 761.254 359.756 806.199 451.409 
688.563 446.373 761.338 359.768 806.2 451.526 
688.573 446.338 761.625 359.855 806.293 451.587 
688.611 446.307 761.831 359.921 806.223 451.638 
688.62 446.299 761.898 359.857 806.231 451.638 
688.63 446.297 761.993 359.794 806.307 451.65 
688.641 446.319 762.22 359.921 807.046 451.59 
688.638 446.317 762.297 360.054 807.301 451.453 
688.651 446.356 762.761 360.327 808.203 451.489 
688.719 446.325 763.336 360.588 809.482 451.591 
688.673 446.426 763.562 360.709 810.033 451.646 
688.742 446.342 763.922 360.851 810.859 451.555 
688.786 446.335 764.537 361.236 812.225 451.59 
688.821 446.349 764.662 361.327 812.478 451.606 
688.828 446.34 765.414 361.477 813.532 451.62 
688.867 446.356 765.864 361.734 814.726 451.688 
688.877 446.359 765.973 361.843 814.966 451.694 
688.874 446.38 766.409 362.199 815.977 451.732 
688.896 446.405 766.954 362.668 817.323 451.758 
688.884 446.408 767.065 362.728 817.626 451.757 
688.886 446.424 767.767 363.021 818.75 451.82 
688.905 446.426 768.504 363.455 820.429 451.757 
688.918 446.409 768.692 363.504 820.748 451.768 
688.941 446.426 768.898 364.383 822.087 451.801 
688.972 446.453 770.119 364.53 823.654 451.919 
689.015 446.462 770.257 364.612 824.076 451.772 
689.022 446.497 770.843 365.087 825.206 451.933 
689.06 446.505 771.694 365.43 826.76 451.956 
689.051 446.504 771.974 365.612 827.484 451.905 
689.059 446.518 772.347 366.067 828.423 451.926 
689.061 446.518 773.021 366.704 829.991 451.958 
689.061 446.504 773.189 366.749 830.316 451.964 
689.076 446.521 773.815 367.047 831.406 452.05 
689.114 446.507 774.397 367.491 832.726 452.052 
689.112 446.504 774.51 367.566 832.967 452.048 
689.127 446.507 774.899 368.055 833.973 452.058 
689.145 446.492 775.553 368.426 834.8 452.31 
689.141 446.501 775.654 368.503 835.299 452.091 
689.133 446.515 776.078 368.814 836.215 452.087 
689.122 446.536 776.628 369.319 837.495 451.993 
689.126 446.542 776.785 369.381 837.817 451.958 
689.117 446.561 776.721 370.134 838.95 451.951 
689.139 446.588 777.871 370.418 840.391 451.927 
689.133 446.586 777.988 370.519 840.68 451.916 
689.138 446.676 778.477 370.896 841.915 451.902 
689.156 446.681 778.693 371.893 843.459 451.829 
689.156 446.683 779.309 371.714 843.456 452.051 
689.167 446.671 780.01 371.987 844.982 451.776 
689.187 446.574 780.525 372.6 846.41 451.747 
689.192 446.547 780.646 372.721 846.667 451.759 
689.215 446.511 781.081 373.07 847.674 451.749 
689.257 446.489 781.626 373.796 848.596 452.068 
689.228 446.486 781.727 373.885 849.202 451.702 
689.264 446.472 781.697 374.525 850.356 451.543 
689.252 446.495 782.828 374.766 851.722 451.332 
689.216 446.501 782.949 374.87 851.998 451.315 
689.224 446.528 783.329 375.515 853.214 451.211 
689.274 446.673 784.215 376.143 854.574 451.441 
689.27 446.68 784.397 376.284 855.289 451.085 
689.284 446.712 784.906 377.179 856.448 451.357 
689.294 446.764 785.77 377.998 858.42 451.192 
689.301 446.767 786.094 378.186 858.758 451.196 
689.31 446.789 786.584 378.983 860.3 451.133 
689.334 446.814 787.405 379.776 862.41 450.738 
689.352 446.766 787.529 379.909 862.297 451.099 
689.397 446.763 787.529 380.938 863.38 451.019 
689.482 446.789 788.621 381.189 864.568 451.077 
689.409 446.796 788.706 381.307 864.787 451.079 
689.406 446.798 789.149 381.854 865.802 451.037 
689.401 446.798 789.626 382.744 867.082 451.028 
689.398 446.8 790.043 382.812 867.407 451.072 
689.395 446.803 790.422 383.475 868.697 450.972 
689.373 446.838 791.155 384.715 870.629 450.72 
689.398 446.793 791.358 384.951 870.953 450.736 
689.479 446.791 792.281 385.802 872.555 450.563 
689.498 446.815 793.033 387.084 874.516 450.523 
689.509 446.798 793.206 387.344 874.918 450.502 
689.535 446.811 793.83 388.389 876.353 450.449 
689.57 446.809 794.688 389.557 877.943 450.519 
689.572 446.815 794.832 389.802 878.235 450.511 
689.57 446.815 795.423 390.652 879.576 450.372 
689.582 446.839 796.085 391.892 880.937 450.357 
689.578 446.832 795.806 392.437 881.551 450.163 
689.595 446.863 796.909 393.209 882.756 450.239 
689.59 446.873 797.618 394.721 884.42 450.118 
689.603 446.874 797.785 395.025 884.71 450.165 
689.625 446.942 797.991 396.438 886.085 450.112 
689.638 446.92 799.222 397.409 887.446 450.266 
689.659 446.967 799.342 397.619 887.812 450.222 
689.681 446.987 799.353 398.987 888.761 450.363 
689.677 447.026 800.354 399.834 889.86 450.364 
689.669 447.013 800.462 400.021 890.044 450.393 
689.664 447.046 800.765 400.738 890.768 450.416 
689.639 447.297 801.052 401.713 891.508 450.559 
689.645 447.29 801.121 401.858 891.649 450.559 
689.647 447.292 801.486 402.553 892.425 450.486 
689.673 447.047 801.836 403.682 893.409 450.454 
689.682 447.046 801.937 403.938 893.63 450.446 
689.705 447.037 801.949 405.361 894.558 450.5 
689.726 447.034 802.543 406.821 895.915 450.531 
689.731 447.028 803.151 406.847 896.152 450.567 
689.772 447.028 803.613 407.957 897.052 450.75 
689.821 446.991 804.064 409.384 898.186 450.713 
689.831 446.978 804.156 409.582 898.334 450.735 
689.857 446.979 804.423 410.732 898.952 450.994 
689.854 446.988 804.379 412.291 899.572 451.097 
689.86 447.003 804.455 412.58 900.078 451.062 
689.847 447.022 805.458 413.571 900.83 451.029 
689.869 447.118 805.875 415.359 901.786 451.442 
689.879 447.129 805.758 415.963 901.984 451.484 
689.908 447.13 805.634 417.614 902.843 451.534 
689.962 447.1 806.506 418.764 903.685 451.464 
689.978 447.094 806.524 419.202 903.815 451.475 
690.031 446.975 806.901 420.256 904.382 451.565 
689 449 803 422 904 453 
689 447 804 425 904 454 
690.19 446.908 807.615 423.031 905.677 451.463 
690.239 446.896 807.423 424.774 906.223 451.936 
690.245 446.897 807.63 425.083 906.338 452.181 
690.271 446.893 808.35 425.884 906.777 452.413 
690.309 446.909 807.978 427.983 907.39 452.671 
690.358 446.987 808.066 428.346 907.531 452.749 
690.416 446.991 808.303 429.704 907.991 452.762 
690.53 446.87 809.1 430.826 908.424 453.067 
690.555 446.855 808.619 431.499 908.509 453.134 
690.719 446.901 809.272 432.045 908.826 453.375 
690.901 446.853 809.462 432.842 909.081 453.647 
690.912 446.839 809.019 433.303 909.115 453.694 
690.982 446.745 809.507 433.436 909.239 454.162 
690.999 446.712 809.567 433.669 909.274 454.222 
690.989 446.715 809.562 433.69 909.26 454.223 
691.011 446.683 809.576 433.711 909.263 454.167 
689 449 806 434 907 454 
691.035 446.672 809.57 433.685 909.267 453.985 
691.032 446.679 809.564 433.547 909.258 454.237 
691.014 446.723 809.564 433.328 909.233 454.35 
691.036 446.722 809.565 433.269 909.213 454.357 
691.034 446.758 809.607 432.658 909.141 454.37 
690.993 446.83 809.632 431.643 908.943 454.258 
691.006 446.805 809.707 431.182 908.852 454.002 
690.974 446.876 809.605 430.104 908.552 453.687 
690.991 447.001 809.524 428.373 908.078 453.201 
690.991 447.015 809.099 428.302 907.983 453.148 
690.988 447.013 809.397 426.678 907.516 453.22 
690.989 447.027 809.234 425.044 906.903 452.942 
690.979 447.031 809.192 424.675 906.805 452.892 
690.98 447.047 809.021 423.315 906.356 452.655 
690.954 447.057 808.745 421.627 905.525 452.572 
690.941 447.061 808.689 421.343 905.352 452.5 
690.853 447.066 808.445 419.907 904.754 452.277 
686 448 807 417 901 454 
688 450 804 420 900 455 
690.787 447.077 807.723 416.085 902.609 451.366 
690.754 446.97 806.837 414.279 901.376 451.206 
690.766 446.967 806.767 413.799 901.078 451.172 
690.758 446.957 807.007 411.645 900.033 450.906 
690.745 446.938 805.76 410.146 898.461 450.807 
690.724 446.934 806.12 409.345 898.2 450.76 
690.707 446.928 805.635 407.97 896.838 450.872 
690.621 446.882 805.042 406.4 895.776 450.742 
690.615 446.894 804.94 406.149 895.524 450.614 
690.59 446.915 803.979 405.433 894.261 450.833 
690.595 446.926 804.137 403.651 893.317 450.721 
690.589 446.93 803.357 403.814 893.06 450.788 
690.594 446.924 803.41 402.375 891.924 450.888 
690.596 446.932 802.773 400.884 890.597 450.779 
690.591 446.926 802.582 400.652 890.226 450.789 
690.576 446.938 801.468 399.69 888.934 450.733 
690.542 447.073 801.218 397.428 887.021 450.684 
690.546 447.068 800.796 397.189 886.667 450.603 
690.569 446.931 800.086 395.627 884.947 450.569 
690.526 446.889 798.966 393.716 882.668 450.475 
690.529 446.895 798.63 393.392 882.219 450.399 
690.528 446.881 797.747 391.772 880.148 450.351 
690.53 446.877 796.317 389.797 877.469 450.319 
690.521 446.86 796.121 389.45 876.71 450.435 
690.497 446.859 795.205 387.664 874.405 450.412 
690.43 446.994 793.616 386.038 871.808 450.471 
690.43 446.988 793.369 385.761 871.303 450.374 
690.382 447.004 792.37 384.479 869.197 450.445 
690.343 447.011 791.494 383.392 867.324 450.618 
690.366 447.015 791.097 382.896 866.492 450.601 
690.317 447.014 789.866 382.579 864.827 450.965 
690.321 447.01 789.584 381.3 862.933 451.333 
690.315 447.003 789.423 381.176 862.62 451.372 
690.319 447.006 788.91 380.603 861.406 451.44 
690.319 446.933 788.366 380.09 860.125 451.643 
690.321 447.019 788.248 379.616 859.555 451.615 
690.319 447.026 787.117 379.601 858.478 451.71 
690.301 447.031 786.795 378.489 856.852 451.787 
690.306 447.031 786.452 378.191 856.183 451.772 
690.295 447.041 786.172 377.632 855.234 451.673 
690.271 447.046 785.064 376.841 853.35 451.697 
690.267 447.037 784.747 376.523 852.686 451.644 
690.262 447.024 784.436 375.917 851.625 451.618 
690.235 446.959 783.444 375.253 849.888 451.638 
690.233 447.039 783.065 374.998 849.213 451.589 
690.218 447.048 782.573 374.635 848.371 451.505 
690.207 446.94 782.089 373.8 846.979 451.412 
690.197 446.944 781.625 373.628 846.341 451.349 
690.179 446.958 780.935 373.158 845.046 451.329 
690.182 447.052 780.426 372.445 843.583 451.281 
690.183 447.058 780.052 372.067 843.311 450.854 
690.181 447.058 779.241 371.612 841.687 451.077 
690.11 446.949 777.682 371.042 839.459 451.014 
690.131 446.946 777.703 370.354 838.924 450.743 
690.1 446.953 776.987 369.74 837.039 450.965 
690.077 446.93 775.572 368.625 834.747 450.455 
690.031 446.933 775.043 368.231 833.348 450.595 
690.011 446.917 774.135 367.634 831.68 450.505 
689.974 446.88 772.752 366.502 829.286 450.082 
689.951 446.883 772.105 366.277 828.356 449.979 
689.912 446.889 771.345 365.729 826.973 449.891 
689.804 446.914 770.237 365.051 825.077 449.713 
689.795 446.917 769.826 364.717 824.46 449.606 
689.794 446.917 769.312 364.415 823.419 449.55 
689.779 446.902 767.818 364.06 821.618 449.381 
689.814 446.889 767.84 363.462 820.77 449.337 
689.785 446.888 767.211 363.028 819.627 449.165 
689.758 446.886 765.915 362.489 817.577 448.927 
689.734 446.887 765.473 362.166 816.685 448.874 
689.702 446.897 764.294 362.051 815.529 448.712 
689.625 446.895 763.624 361.122 813.691 448.529 
689.595 446.888 763.226 360.854 813.032 448.43 
689.566 446.896 762.495 360.674 812.079 448.285 
689.522 446.866 761.787 360.09 810.842 448.026 
689.513 446.86 761.555 359.849 810.406 447.967 
689.446 446.856 760.616 360.064 809.943 447.874 
689.506 446.83 760.592 359.572 809.289 447.747 
689.487 446.868 760.482 359.516 809.089 447.755 
689.476 446.845 760.307 359.43 808.835 447.722 
689.407 446.844 759.93 359.122 808.447 447.564 
689.459 446.84 759.892 358.98 808.22 447.539 
689.351 446.815 759.427 359.003 807.944 447.46 
689.36 446.764 759.266 358.864 807.651 447.359 
689.375 446.712 759.323 358.738 807.6 447.347 
689.337 446.709 759.448 358.912 807.665 447.487 
689.374 446.651 760.32 359.148 807.955 447.936 
689.434 446.597 760.632 359.35 808.003 448.222 
689.479 446.584 761.234 359.691 808.168 448.819 
689.591 446.574 761.69 359.798 808.265 449.217 
689.615 446.577 761.942 359.809 808.4 449.208 
689.628 446.581 762.083 359.849 808.429 449.277 
689.639 446.644 762.331 359.914 808.546 449.354 
689.634 446.643 762.447 360.005 808.573 449.404 
689.605 446.644 762.629 360.058 808.643 449.489 
689.595 446.658 762.896 360.213 808.78 449.71 
689.591 446.638 763.024 360.236 808.861 449.756 
689.579 446.638 763.155 360.293 808.976 449.813 
689.56 446.608 763.562 360.332 809.159 449.904 
689.591 446.613 763.683 360.356 809.257 449.937 
689.572 446.609 763.871 360.394 809.358 450.026 
689.583 446.645 764.183 360.522 809.621 450.266 
689.578 446.676 764.084 360.666 809.805 450.224 
689.541 446.73 764.207 360.731 810.122 450.224 
689.527 446.807 764.457 360.866 810.962 450.148 
689.528 446.812 764.58 360.929 811.266 450.101 
689.523 446.838 764.795 361.148 811.785 450.096 
689.536 446.834 765.211 361.333 812.775 450.096 
689.532 446.842 765.37 361.409 813.187 450.106 
689.546 446.821 765.656 361.557 813.86 450.13 
689.56 446.777 766.364 361.705 815.084 450.153 
689.609 446.743 766.663 361.83 815.619 450.175 
689.618 446.706 766.978 362.059 816.258 450.212 
689.623 446.673 767.376 362.297 817.235 450.174 
689.638 446.685 767.549 362.343 817.591 450.045 
689.642 446.677 767.704 362.426 818.017 449.997 
689.633 446.7 768.048 362.505 818.532 449.937 
689.626 446.706 768.157 362.578 818.917 449.872 
689.578 446.766 767.768 363.197 819.559 449.899 
689.582 446.805 768.667 363.266 820.484 450.001 
689.565 446.8 768.75 363.319 820.74 449.915 
689.578 446.802 769.027 363.49 821.416 449.895 
689.592 446.78 769.531 363.711 822.385 449.946 
689.62 446.79 769.861 363.831 822.75 449.943 
689.643 446.806 769.439 364.405 823.271 449.937 
689.646 446.821 770.363 364.208 824.035 450.027 
689.645 446.821 770.48 364.354 824.388 450.027 
689.636 446.839 770.669 364.654 824.808 450.127 
689.626 446.854 771.03 364.961 825.747 450.146 
689.626 446.845 771.174 365.096 826.115 450.165 
689.623 446.835 771.658 365.297 827.076 450.148 
689.636 446.791 772.238 365.547 828.233 450.223 
689.624 446.795 772.341 365.603 828.48 450.247 
689.65 446.772 772.688 365.866 829.222 450.223 
689.703 446.726 773.095 366.38 830.255 450.298 
689.713 446.726 773.289 366.491 830.62 450.349 
689.724 446.721 773.625 366.721 831.509 450.285 
689.773 446.779 774.155 366.931 832.397 450.294 
689.747 446.782 774.36 367.122 832.861 450.371 
689.741 446.789 774.726 367.371 833.79 450.207 
689.71 446.742 775.513 367.784 835.127 450.363 
689.765 446.798 775.77 368.098 835.799 450.221 
689.787 446.771 776.013 368.427 836.363 450.52 
689.812 446.758 776.746 369.012 838.135 450.448 
689.813 446.761 777.099 369.232 838.747 450.571 
689.825 446.779 777.709 369.524 839.527 450.835 
689.823 446.793 778.173 370.269 840.759 451.163 
689.84 446.801 778.439 370.445 841.234 451.191 
689.848 446.822 778.787 370.638 841.962 451.098 
689.843 446.834 778.712 371.278 842.97 451.056 
689.819 446.844 778.864 371.59 843.415 451.109 
689.814 446.851 779.664 371.558 843.983 451.016 
689.772 446.882 780.158 371.971 845.119 451.035 
689.781 446.878 780.369 372.174 845.625 450.959 
689.819 446.871 781.05 372.562 846.704 451.063 
689.832 446.879 781.651 372.964 847.767 451.005 
689.829 446.868 781.729 373.37 848.364 450.998 
689.846 446.863 782.245 373.869 849.656 450.953 
689.883 446.856 782.929 374.346 851.045 450.915 
689.876 446.851 783.386 374.586 851.754 450.899 
689.903 446.847 783.81 374.987 852.76 450.855 
689.91 446.843 784.373 375.828 854.552 450.628 
689.909 446.851 784.638 376.114 855.229 450.647 
689.888 446.866 784.683 377.004 856.34 450.485 
689.897 446.885 785.913 377.385 857.528 450.764 
689.891 446.892 786.168 377.702 858.648 450.441 
689.901 446.908 786.635 378.177 859.34 450.776 
689.914 446.923 787.56 379.19 861.242 450.661 
689.895 446.927 787.893 379.515 862.453 450.348 
689.911 446.936 788.442 380.248 863.429 450.599 
689.916 446.947 788.996 381.777 865.716 450.345 
689.953 446.913 790.138 381.851 866.808 450.151 
689.985 446.918 790.571 382.848 868.14 450.208 
689.968 446.924 791.79 384.24 870.612 450.099 
690.006 446.903 792.184 384.792 871.532 450.126 
690.025 446.918 792.738 385.688 872.85 450.118 
690.032 446.951 793.846 386.848 874.786 450.168 
690.063 446.944 794.133 387.533 875.694 450.101 
690.044 447.044 794.658 388.287 876.76 450.154 
690.097 447.049 795.591 389.59 878.746 449.947 
690.069 447.073 795.92 390.063 879.586 449.687 
690.083 447.094 796.369 391.068 880.664 449.758 
690.085 447.118 796.91 392.814 882.705 449.688 
690.08 447.128 797.751 393.155 883.568 449.628 
690.092 447.139 798.23 394.171 884.755 449.658 
690.102 447.14 799.425 395.74 886.806 449.557 
690.113 447.144 799.601 396.421 887.527 449.592 
690.13 447.227 800.186 397.369 888.745 449.376 
690.165 447.123 801.214 398.992 890.64 449.241 
690.192 447.107 801.509 399.718 891.275 449.425 
690.209 447.113 801.966 400.696 892.165 449.446 
690.236 447.118 802.46 402.159 893.596 449.652 
690.237 447.11 802.688 402.605 894.04 449.665 
690.246 447.107 803.059 403.52 894.907 449.6 
690.281 447.081 803.585 404.966 896.032 449.769 
690.293 447.076 803.729 405.556 896.557 449.788 
690.293 447.079 804.331 406.452 897.458 449.809 
690.304 447.089 804.937 408.292 898.699 450.208 
690.322 447.108 804.966 409.169 899.385 450.192 
690.335 447.11 805.283 410.483 900.099 450.566 
690.363 447.258 805.824 412.623 901.471 451.081 
690.393 447.264 806.297 413.34 902.102 451.247 
690.34 447.239 806.623 414.653 902.75 451.488 
690.452 447.29 806.487 417.218 904.018 451.663 
690.437 447.287 806.704 418.007 904.492 451.692 
690.491 447.264 807.038 419.28 905.121 451.773 
690.562 447.254 807.491 421.296 905.969 452.009 
690.583 447.256 808.147 421.577 906.294 452.07 
690.631 447.237 807.896 422.844 906.769 451.809 
690.705 447.058 808.718 423.952 907.312 451.65 
690.701 446.939 808.771 424.686 907.492 451.694 
690.717 447.04 808.968 425.642 907.711 451.757 
690.743 447.037 809.241 427.472 908.061 451.917 
690.812 447.094 809.315 428.357 908.188 451.979 
690.835 447.095 809.481 429.16 908.418 452.082 
690.964 447.091 809.642 430.39 908.849 452.547 
690.99 447.085 809.697 430.573 908.945 452.602 
691.046 447.023 809.749 430.692 909.028 452.684 
691.058 446.996 809.768 430.69 909.061 452.71 
691.05 446.994 809.779 430.84 909.081 452.76 
691.034 446.995 809.772 431.0 909.102 452.804 
691.026 447.024 809.841 431.573 909.13 452.93 
691.029 447.036 809.78 431.817 909.132 452.974 
691.045 447.031 809.816 432.119 909.157 453.033 
691.085 447.02 809.87 432.208 909.211 453.098 
691.1 447.011 809.882 432.171 909.218 453.119 
691.109 446.984 809.902 432.044 909.226 453.147 
691.115 446.999 809.912 431.896 909.218 453.168 
691.103 447.006 809.895 431.821 909.188 453.176 
691.089 447.03 809.881 431.649 909.142 453.158 
691.08 447.049 809.969 431.086 909.04 453.173 
691.093 447.061 809.9 430.855 908.972 453.155 
691.091 447.072 809.888 430.131 908.784 453.105 
691.107 447.058 809.898 429.015 908.497 452.908 
691.103 447.054 809.875 428.778 908.427 452.845 
691.108 447.063 809.439 428.201 908.148 452.648 
691.088 447.083 809.716 426.686 907.752 452.46 
691.091 447.081 809.313 426.679 907.626 452.475 
691.096 447.092 809.712 425.359 907.282 452.513 
691.092 447.083 809.113 424.077 906.717 452.263 
691.093 447.084 809.046 423.436 906.501 451.945 
691.104 447.094 808.971 422.569 906.252 451.789 
691.099 447.102 808.762 421.147 905.692 451.285 
691.072 447.15 808.831 420.455 905.404 451.112 
691.094 447.122 808.941 419.503 904.981 451.206 
691.066 447.165 808.658 417.765 904.191 450.812 
691.069 447.167 808.548 416.794 903.703 450.588 
691.069 447.149 808.312 415.256 902.899 450.488 
691.119 447.079 807.708 412.519 901.198 450.141 
691.112 447.056 807.438 411.293 900.484 450.004 
691.113 447.02 806.967 409.584 899.378 449.741 
691.067 447.033 806.235 406.989 897.444 449.505 
691.044 447.03 805.624 406.146 896.494 449.516 
691.02 447.03 805.138 404.777 895.454 449.259 
690.983 447.056 803.738 403.256 893.509 449.353 
690.983 447.069 804.058 402.002 892.806 449.287 
690.963 447.082 803.556 400.828 891.539 449.374 
690.881 447.117 802.445 399.016 889.491 449.392 
690.957 447.124 802.04 398.337 888.722 449.378 
690.939 447.13 801.485 397.113 887.417 449.423 
690.848 447.163 799.978 395.848 885.137 449.694 
690.766 447.107 799.991 394.834 884.4 449.84 
690.738 447.133 799.387 393.717 883.101 449.82 
690.707 447.272 797.833 392.371 880.881 449.88 
690.695 447.259 797.875 391.362 879.848 449.952 
690.721 447.121 797.185 390.268 878.56 449.871 
690.776 447.153 795.493 388.812 875.742 450.217 
690.716 447.085 795.464 387.853 874.919 450.062 
690.752 447.025 794.906 386.75 873.344 450.229 
690.728 447.015 793.475 384.941 870.626 450.173 
690.734 447.003 792.948 384.351 869.525 450.137 
690.675 446.931 792.223 383.299 867.796 450.117 
690.652 446.94 790.082 381.936 864.642 450.19 
690.611 446.94 790.166 380.954 863.496 450.133 
690.607 446.945 789.024 380.117 861.495 450.242 
690.546 447.082 787.437 378.613 858.22 450.471 
690.486 447.075 786.808 378.044 857.029 450.405 
690.487 447.097 786.064 377.074 855.223 450.445 
690.426 447.122 784.59 376.086 852.853 450.186 
690.439 447.132 784.2 375.545 851.32 450.677 
690.393 447.249 783.517 374.992 849.775 450.948 
690.354 447.265 782.333 374.303 847.55 450.908 
690.311 447.244 781.963 373.948 846.676 450.92 
690.304 447.244 781.447 373.357 845.529 450.922 
690.282 447.28 780.377 372.677 843.289 450.98 
690.25 447.287 779.893 372.33 842.392 451.048 
690.264 447.302 779.29 371.52 840.757 451.031 
690.223 447.29 777.772 370.512 838.063 450.792 
690.208 447.287 777.347 369.946 836.781 450.586 
690.187 447.279 776.16 369.221 834.77 450.501 
690.113 447.264 774.375 367.916 830.92 450.698 
690.097 447.258 773.696 367.389 829.896 450.308 
690.051 447.244 772.675 366.608 827.75 450.372 
689.98 447.114 771.159 365.723 825.386 449.908 
689.988 447.1 770.719 365.42 824.461 449.88 
689.961 446.992 770.221 364.875 823.212 449.768 
689.922 446.972 768.86 364.215 821.15 449.632 
689.933 446.971 768.417 363.922 820.273 449.572 
689.973 446.944 767.186 363.785 819.002 449.403 
689.97 446.954 766.349 362.608 816.717 449.18 
689.959 446.956 765.8 362.344 815.794 449.114 
689.921 446.982 764.891 362.077 814.449 448.993 
689.786 447.181 763.716 361.491 812.538 448.905 
689.739 447.21 762.834 361.604 811.886 448.919 
689.676 447.324 762.976 361.124 811.184 448.835 
689.619 447.366 762.187 361.128 810.368 448.84 
689.63 447.372 762.095 361.091 810.195 448.865 
689.639 447.374 762.011 361.102 809.919 449.051 
689.677 447.374 761.798 360.996 809.716 449.046 
689.699 447.37 761.708 360.764 809.61 448.906 
689.718 447.349 761.459 360.553 809.32 448.756 
689.727 447.324 760.832 360.24 808.613 448.473 
689.713 447.314 760.541 360.084 808.353 448.288 
689.673 447.312 760.312 359.864 807.815 448.353 
689.62 447.305 760.23 359.771 807.649 448.294 
689.599 447.301 760.311 359.79 807.708 448.328 
689.62 447.071 760.619 359.903 807.818 448.488 
689.654 447.008 761.248 360.193 808.01 448.947 
689.695 446.964 761.528 360.338 808.162 449.137 
689.732 446.929 761.9 360.447 808.348 449.297 
689.827 446.874 762.555 360.497 808.574 449.567 
689.81 446.9 762.718 360.536 808.63 449.65 
689.809 446.914 762.903 360.577 808.714 449.726 
689.776 446.973 763.141 360.603 809.026 449.802 
689.754 446.992 763.25 360.636 809.147 449.834 
689.731 447.029 763.52 360.761 809.399 449.916 
689.709 447.037 764.125 360.997 809.86 450.189 
689.708 447.031 764.408 361.03 810.175 450.158 
689.693 447.174 764.742 361.183 810.684 450.219 
689.727 447.032 765.312 361.446 811.638 450.37 
689.741 447.027 765.507 361.6 812.133 450.347 
689.758 447.023 766.044 361.732 812.793 450.354 
689.769 447.02 766.669 362.086 813.92 450.474 
689.771 447.025 766.754 362.302 814.559 450.489 
689.766 447.033 767.17 362.521 815.432 450.544 
689.757 447.037 767.963 362.983 817.282 450.541 
689.761 447.032 768.439 363.095 818.085 450.539 
689.761 447.025 769.072 363.339 819.42 450.524 
689.783 447.022 769.996 364.13 821.491 450.475 
689.798 447.001 770.365 364.339 822.168 450.516 
689.836 446.988 771.008 364.537 823.286 450.51 
689.854 446.969 771.734 365.074 824.813 450.611 
689.864 446.956 772.085 365.214 825.377 450.564 
689.874 446.973 772.592 365.403 826.106 450.602 
689.861 446.997 772.815 365.966 827.517 450.421 
689.881 447.003 772.986 366.12 828.013 450.402 
689.879 447.112 773.303 366.335 829.024 450.314 
689.875 447.221 773.535 367.297 830.927 450.245 
689.866 447.231 774.534 367.161 831.732 450.234 
689.872 447.23 774.939 367.72 833.167 450.162 
689.9 447.226 776.19 368.316 835.568 449.985 
689.912 447.127 776.508 368.612 836.517 449.964 
689.938 447.12 777.016 369.273 837.854 449.981 
689.979 447.091 778.005 369.981 840.111 449.955 
689.988 447.073 778.628 370.304 840.944 450.01 
690.001 447.066 779.114 370.977 842.215 450.139 
689.983 447.088 780.049 371.613 844.081 450.278 
689.977 447.11 780.346 371.903 844.718 450.303 
689.981 447.138 780.7 372.289 845.645 450.312 
689.989 447.263 781.295 373.071 847.201 450.288 
689.988 447.273 781.694 373.259 847.861 450.286 
689.974 447.297 782.127 373.614 848.988 450.244 
689.981 447.304 782.897 374.626 850.589 450.54 
689.969 447.322 783.293 374.93 851.844 450.043 
689.981 447.327 783.963 375.403 853.146 449.971 
689.993 447.325 784.854 376.454 855.386 449.81 
690.011 447.313 785.227 376.821 856.262 449.767 
690.027 447.33 785.922 377.165 857.109 449.986 
690.055 447.338 786.725 378.275 859.252 449.935 
690.047 447.36 787.159 378.736 860.51 449.47 
690.038 447.363 787.987 379.275 861.28 449.844 
690.029 447.394 788.86 380.606 864.464 449.198 
690.023 447.414 788.845 381.537 865.006 449.575 
690.042 447.458 790.096 382.013 866.509 449.521 
690.065 447.492 791.154 383.492 868.879 449.604 
690.079 447.503 791.595 383.903 869.646 449.674 
690.096 447.514 792.304 384.532 870.923 449.565 
690.116 447.542 793.092 385.828 872.929 449.363 
690.122 447.549 793.469 386.171 873.57 449.338 
690.114 447.581 793.496 387.266 875.141 448.823 
690.108 447.698 794.792 387.987 876.254 449.204 
690.109 447.713 795.048 388.42 876.996 449.057 
690.105 447.725 795.445 389.164 877.937 449.014 
690.128 447.736 795.853 390.643 879.752 448.906 
690.125 447.721 796.664 390.807 880.356 448.917 
690.139 447.829 797.165 391.457 881.459 448.816 
690.161 447.73 797.948 392.895 883.195 448.549 
690.189 447.843 797.892 393.724 884.349 448.028 
690.214 447.863 798.934 394.357 885.14 448.382 
690.228 447.869 799.716 396.0 887.05 448.424 
690.251 447.88 800.085 396.59 887.883 448.444 
690.255 447.892 800.177 397.806 888.823 448.552 
690.284 447.894 801.412 398.881 890.45 448.668 
690.285 447.922 801.619 399.573 891.021 448.82 
690.292 447.926 801.962 400.269 891.747 448.986 
690.307 447.915 802.449 401.545 893.015 449.199 
690.304 447.919 802.217 402.303 893.384 449.338 
690.281 447.912 803.157 402.494 893.926 449.528 
690.288 447.909 803.417 403.673 895.029 449.737 
690.279 447.901 803.578 404.095 895.332 449.816 
690.291 447.861 803.743 404.897 895.812 449.977 
690.29 447.845 804.144 405.844 896.507 450.168 
690.304 447.835 804.206 406.368 897.081 450.072 
690.315 447.808 804.436 406.907 897.577 450.094 
690.315 447.776 805.076 407.955 898.496 450.029 
690.332 447.765 804.999 408.727 899.144 449.929 
690.329 447.767 804.878 410.008 899.78 449.991 
690.355 447.748 806.053 411.333 900.925 450.174 
690.358 447.683 806.216 411.936 901.321 450.233 
690.373 447.668 806.459 412.906 902.025 450.23 
690.466 447.604 806.176 414.475 902.692 450.301 
690.477 447.582 806.263 414.861 902.92 450.308 
690.53 447.5 806.464 415.504 903.264 450.337 
690.527 447.381 807.24 416.174 903.794 450.441 
690.494 447.344 806.834 417.088 904.135 450.418 
690.534 447.367 807.505 417.637 904.515 450.391 
690.485 447.415 807.957 419.144 905.223 450.744 
690.489 447.516 807.886 419.814 905.407 450.782 
690.548 447.6 808.046 420.409 905.778 450.895 
690.589 447.629 808.211 421.344 906.173 450.902 
690.618 447.625 808.273 421.505 906.271 450.866 
690.588 447.627 808.365 421.698 906.388 450.817 
690.648 447.612 808.543 422.301 906.604 450.837 
690.639 447.621 808.081 422.985 906.687 450.884 
690.598 447.644 808.635 423.229 906.899 450.768 
690.606 447.659 808.348 424.614 907.196 450.925 
690.627 447.677 808.871 424.817 907.386 450.947 
690.64 447.764 809.002 425.446 907.576 451.042 
690.672 447.785 809.399 425.966 907.809 451.091 
690.741 447.803 809.215 426.397 907.909 451.114 
690.775 447.794 809.276 426.508 907.978 451.042 
690.784 447.796 809.34 426.54 908.033 451.015 
690.785 447.805 809.348 426.662 908.06 450.954 
690.78 447.795 809.394 426.853 908.057 450.991 
690.786 447.821 809.55 427.65 908.177 451.119 
690.762 447.843 809.548 428.304 908.24 451.237 
690.795 447.827 809.647 428.901 908.379 451.424 
690.922 447.855 809.872 429.999 908.619 451.936 
690.934 447.851 809.843 430.293 908.679 452.046 
690.97 447.842 809.923 430.504 908.762 452.197 
690.994 447.837 809.991 430.645 908.791 452.494 
690.981 447.841 809.98 430.646 908.785 452.525 
690.958 447.854 809.952 430.566 908.732 452.52 
690.915 447.914 809.919 430.474 908.65 452.488 
690.909 447.932 809.903 430.363 908.596 452.461 
690.892 447.961 809.877 430.076 908.459 452.392 
690.893 448.003 809.886 428.772 908.121 452.051 
690.888 448.009 809.486 428.379 907.94 451.919 
690 447 809 428 903 451 
690.858 448.018 809.366 425.195 906.752 451.495 
690.93 448.011 809.342 424.38 906.487 451.329 
690.945 448.006 809.213 423.323 906.129 451.136 
690.942 448.029 808.957 421.487 905.383 450.861 
690.948 448.033 808.845 420.763 905.006 450.869 
690.944 448.045 808.65 419.439 904.494 450.621 
691 448 808 415 901 452 
690.935 448.025 808.559 415.386 902.627 449.805 
690.934 447.993 808.127 413.602 901.741 449.295 
690.944 447.929 807.327 410.553 899.709 448.819 
690.929 447.899 807.014 409.321 898.891 448.71 
690.942 447.844 805.923 407.888 897.601 448.423 
690.907 447.814 805.314 405.128 895.484 448.156 
690.903 447.802 805.0 404.194 894.648 448.047 
690.79 447.794 804.464 402.772 893.356 447.986 
690.765 447.815 802.914 400.953 891.166 447.838 
690.845 447.828 802.477 400.021 890.309 447.762 
690.774 447.824 802.246 398.374 888.9 447.747 
690.773 447.807 801.239 395.885 886.4 447.594 
690.766 447.801 800.561 395.118 885.237 447.637 
690.747 447.775 799.787 393.718 884.039 447.156 
690.717 447.753 797.972 391.976 880.889 447.814 
690.702 447.679 797.851 390.909 879.829 447.76 
690.699 447.665 797.097 389.643 878.15 447.827 
690.662 447.615 795.758 387.871 875.532 447.826 
690.649 447.573 795.284 387.219 874.506 447.809 
690.645 447.559 794.593 386.06 873.299 447.544 
690.639 447.525 793.298 384.52 870.733 447.673 
690.641 447.519 793.072 384.22 869.875 448.194 
690.632 447.495 792.245 382.887 868.175 447.803 
690.621 447.38 790.874 381.313 865.35 448.175 
690.62 447.375 790.643 381.062 865.207 447.779 
690.613 447.371 789.501 379.869 862.759 448.157 
690.598 447.349 787.687 378.841 860.366 447.764 
690.598 447.34 787.381 378.481 859.854 447.746 
690.568 447.33 786.781 377.02 857.483 447.977 
690.531 447.333 785.243 375.624 854.349 448.086 
690.507 447.322 784.988 375.388 853.816 448.059 
690.48 447.324 783.807 374.236 851.392 448.06 
690.43 447.318 781.815 373.321 848.514 448.084 
690.385 447.287 782.241 372.736 847.981 448.055 
690.319 447.312 781.031 372.047 845.939 448.165 
690.289 447.35 779.334 371.509 843.335 448.411 
690.28 447.36 779.749 370.991 842.899 448.437 
690.259 447.394 778.682 370.223 840.834 448.505 
690.227 447.432 777.302 369.445 838.134 448.561 
690.232 447.44 777.031 369.26 837.588 448.538 
690.212 447.481 776.151 368.297 835.233 448.62 
690.169 447.486 774.47 367.432 832.419 448.539 
690.155 447.497 774.381 367.182 831.707 448.673 
690.113 447.492 773.058 366.48 829.498 448.613 
690.07 447.489 772.001 365.677 827.112 448.557 
690.052 447.497 771.043 365.866 826.72 448.546 
690.018 447.481 770.759 365.123 825.243 448.503 
690.018 447.48 770.047 364.689 823.752 448.489 
690.017 447.486 769.901 364.591 823.478 448.5 
690.018 447.51 769.434 364.313 822.341 448.587 
690.038 447.525 768.386 363.997 820.609 448.642 
690.041 447.54 768.183 363.92 820.286 448.581 
690.047 447.564 767.342 363.395 818.605 448.587 
690.039 447.616 766.024 362.686 816.496 448.369 
690.034 447.619 765.797 362.534 816.006 448.325 
689.987 447.83 764.681 362.115 814.377 448.126 
689.915 447.892 763.354 361.506 812.631 447.797 
689.893 447.897 763.166 361.396 812.364 447.737 
689.843 447.913 762.261 361.099 811.469 447.466 
689.806 447.912 761.837 360.646 810.562 447.538 
689.799 447.904 761.794 360.625 810.455 447.554 
689.806 447.892 761.775 360.591 810.292 447.593 
689.813 447.821 762.104 360.69 810.466 447.733 
689.84 447.823 762.201 360.717 810.579 447.746 
689.86 447.704 762.658 360.997 810.746 448.083 
689.893 447.693 762.693 361.504 810.971 448.363 
689.89 447.691 763.445 361.178 811.015 448.408 
689.904 447.678 763.053 361.639 811.221 448.539 
689.901 447.684 763.407 361.677 811.453 448.812 
689.881 447.685 764.139 361.364 811.499 448.859 
689.868 447.664 764.305 361.541 811.794 449.015 
689.857 447.626 764.779 361.501 812.27 449.215 
689.857 447.623 764.865 361.525 812.379 449.276 
689.846 447.531 765.201 361.711 813.069 449.185 
689.849 447.474 765.402 362.19 814.102 449.337 
689.854 447.469 765.54 362.284 814.386 449.325 
689.851 447.408 766.71 362.249 815.835 449.255 
689.855 447.377 767.62 362.75 817.714 449.291 
689.854 447.391 767.846 362.91 818.104 449.373 
689.864 447.358 768.86 363.231 819.82 449.398 
689.893 447.341 769.934 363.958 821.994 449.493 
689.912 447.339 770.084 364.182 822.387 449.559 
689.93 447.329 771.054 364.54 824.225 449.544 
689.945 447.313 772.12 365.244 826.514 449.459 
689.944 447.316 772.314 365.356 826.968 449.481 
689.954 447.318 773.152 366.094 828.625 449.602 
689.978 447.31 774.248 366.772 831.517 449.215 
689.975 447.311 774.554 366.933 832.044 449.249 
689.976 447.313 775.584 367.489 834.191 449.252 
689.99 447.306 776.226 368.253 835.835 449.239 
690.033 447.301 777.598 369.061 838.653 449.043 
690.04 447.288 778.015 369.456 839.773 449.022 
690.049 447.273 778.783 370.182 841.573 448.897 
690.067 447.272 780.184 371.134 844.398 448.816 
690.068 447.303 780.552 371.697 845.481 448.796 
690.072 447.322 781.435 372.258 847.2 448.761 
690.071 447.347 782.524 373.548 850.065 448.556 
690.08 447.368 783.171 373.861 850.831 448.749 
690.073 447.385 783.836 374.507 852.679 448.367 
690.104 447.403 785.053 375.614 855.168 448.282 
690.104 447.411 785.506 376.0 856.148 448.269 
690.118 447.42 786.048 376.855 857.487 448.277 
690.133 447.45 787.003 377.787 859.692 448.282 
690.129 447.472 787.519 378.401 860.293 448.614 
690.124 447.489 788.117 379.124 862.155 448.088 
690.129 447.535 789.274 380.416 864.21 448.259 
690.13 447.557 789.767 380.955 865.592 447.934 
690.141 447.587 790.655 381.672 867.077 447.947 
690.159 447.673 791.686 383.119 869.405 447.972 
690.165 447.689 792.043 383.814 870.055 448.292 
690.159 447.711 792.293 384.969 871.422 448.291 
690.2 447.898 793.785 386.046 873.904 447.948 
690.2 447.918 794.208 386.533 874.47 448.153 
690.203 447.949 794.363 387.784 876.214 447.777 
690.194 447.979 795.896 389.073 878.484 447.61 
690.195 447.999 796.282 389.692 878.94 447.961 
690.199 448.015 796.492 390.878 880.543 447.521 
690.244 448.037 797.895 391.92 882.081 447.896 
690.231 448.047 798.163 392.553 882.73 447.896 
690.253 448.07 798.617 393.265 883.594 447.959 
690.252 448.095 799.34 394.423 885.068 447.899 
690.25 448.097 799.614 394.809 885.507 447.91 
690.21 448.17 799.984 395.448 886.299 447.988 
690.215 448.19 800.511 396.667 887.63 447.783 
690.216 448.191 800.801 397.025 888.038 447.788 
690.213 448.196 800.652 398.043 888.937 447.535 
690.249 448.158 801.849 398.917 890.157 447.653 
690.226 448.197 801.56 399.816 890.705 447.719 
690.263 448.147 802.428 400.369 891.656 447.633 
690.274 448.136 803.114 401.985 893.086 447.743 
690.295 448.114 803.499 402.505 893.798 447.72 
690.321 448.109 804.101 403.52 894.661 447.907 
690.336 448.1 804.652 405.499 896.223 448.064 
690.343 448.09 804.959 406.232 896.794 448.241 
690.359 448.07 805.358 407.581 897.7 448.439 
690.388 448.066 805.609 410.321 899.348 448.927 
690.384 448.07 805.904 411.336 899.845 449.275 
690.43 448.065 806.853 412.643 901.055 449.413 
690.457 448.035 807.469 415.682 902.722 449.966 
690.469 448.009 807.756 416.834 903.336 450.181 
690.507 448.035 807.674 419.123 904.148 450.574 
690.595 447.994 808.417 422.527 905.582 450.849 
690.637 447.978 809.172 423.499 906.112 451.212 
689 451 806 427 904 451 
690.945 447.865 809.552 428.414 907.826 452.401 
690.992 447.832 809.713 429.351 908.073 452.606 
691.064 447.674 809.915 430.43 908.425 452.92 
691.143 447.595 810.087 431.643 908.836 453.196 
691.135 447.572 810.105 431.852 908.903 453.268 
691.176 447.546 810.159 432.111 908.961 453.32 
691.152 447.509 810.11 432.342 908.954 453.401 
691.117 447.507 810.11 432.438 908.953 453.456 
691.141 447.49 810.107 432.64 908.983 453.556 
691 447 805 436 905 455 
691 448 810 435 907 456 
691.192 447.497 810.229 433.745 909.421 454.16 
691.228 447.482 810.758 433.573 909.52 454.269 
691.223 447.484 810.774 433.565 909.534 454.27 
691.228 447.485 810.791 433.515 909.531 454.283 
691.231 447.535 810.785 433.505 909.551 454.265 
691.222 447.544 810.778 433.526 909.541 454.256 
691.216 447.565 810.768 433.568 909.556 454.284 
691.187 447.589 810.746 433.655 909.589 454.348 
691.187 447.586 810.755 433.675 909.627 454.354 
691.186 447.602 810.756 433.732 909.677 454.435 
691.197 447.606 810.733 433.839 909.744 454.499 
691.202 447.62 810.745 433.885 909.766 454.535 
691.199 447.627 810.739 433.909 909.787 454.571 
691.201 447.654 810.738 433.943 909.781 454.59 
691.185 447.659 810.729 433.955 909.766 454.591 
