663.184 458.865 754.494 439.724 818.263 458.485 
663.197 458.859 754.552 439.276 818.222 458.428 
663.211 458.872 754.679 438.668 818.173 458.355 
663.254 458.887 755.954 437.543 818.113 458.222 
664 462 755 438 818 458 
663.28 458.932 756.016 436.368 817.385 458.27 
663.262 459.113 756.084 434.826 817.07 457.941 
663.289 459.205 756.118 434.152 816.935 457.8 
663.277 459.221 756.115 432.846 816.799 457.481 
664 460 755 432 814 456 
663.287 459.31 755.948 429.886 815.696 456.837 
663.257 459.342 755.875 428.924 815.438 456.621 
663.303 459.417 754.507 427.772 815.197 456.333 
663.273 459.533 754.492 427.152 815.059 456.284 
663.245 459.561 754.317 426.584 814.245 456.524 
663.235 459.619 754.098 424.934 813.456 456.459 
663.255 459.628 754.057 424.121 812.458 456.61 
663.243 459.632 754.981 422.486 812.204 456.362 
663.26 459.597 754.611 419.815 810.959 456.161 
663.251 459.598 754.444 418.948 810.55 456.074 
663.214 459.615 754.166 417.57 809.194 456.22 
663.128 459.67 753.784 415.565 808.864 455.999 
663.027 459.668 752.186 415.486 807.827 456.265 
662.897 459.689 753.054 414.49 807.824 456.404 
662.85 459.674 752.827 413.459 807.375 456.502 
662.821 459.682 752.752 413.147 806.978 456.604 
662.824 459.679 752.607 412.598 806.397 456.737 
662.857 459.701 752.344 411.315 805.816 456.743 
662.881 459.694 750.861 411.08 805.162 456.858 
662.966 459.7 751.694 409.907 804.702 456.827 
662.977 459.723 751.214 408.399 803.489 456.912 
662.974 459.726 750.995 407.868 803.163 456.866 
662.963 459.726 749.356 407.332 802.243 457.043 
662.835 459.733 749.792 405.855 801.055 457.131 
662.808 459.727 749.572 405.202 800.62 457.133 
662.772 459.687 749.208 404.508 800.078 457.106 
662.729 459.605 748.392 403.164 798.796 457.124 
662.692 459.511 748.114 402.69 798.233 457.162 
662.689 459.46 747.758 401.732 797.416 457.155 
662.642 459.379 746.842 400.413 796.001 457.197 
662.675 459.351 746.638 399.985 795.714 457.168 
662.645 459.332 746.287 399.358 794.738 457.268 
662.593 459.317 745.481 398.285 793.434 457.551 
662.561 459.317 745.299 397.963 793.047 457.499 
662.557 459.306 745.106 397.297 792.406 457.674 
662.527 459.163 744.719 396.459 791.287 457.815 
662.526 459.153 744.579 396.154 790.771 457.864 
662.508 459.133 744.42 395.562 790.014 457.949 
662.52 459.102 743.729 394.761 788.641 458.144 
662.52 459.099 743.565 394.369 788.217 458.124 
662.498 459.109 743.397 393.736 787.191 458.367 
662.456 459.093 742.845 392.797 785.762 458.601 
662.428 459.07 742.336 392.595 785.298 458.593 
662.41 459.062 742.008 392.038 784.312 458.72 
662.379 458.929 741.489 391.06 783.048 458.734 
662.375 458.923 741.004 390.886 782.617 458.744 
662.339 458.91 740.589 390.457 781.71 458.799 
662.315 458.896 739.982 389.418 780.561 458.726 
662.309 458.885 739.391 389.097 779.931 458.828 
662.298 458.867 738.935 388.435 779.27 458.641 
662.25 458.858 737.83 387.593 777.903 458.545 
662.224 458.847 737.496 387.245 777.077 458.653 
662.172 458.741 737.081 386.588 776.53 458.524 
662.078 458.699 736.128 385.961 775.182 458.544 
662.05 458.679 735.854 385.726 774.805 458.569 
661.885 458.69 735.542 385.172 773.941 458.513 
661.852 458.674 734.586 384.619 772.661 458.646 
661.844 458.671 734.274 384.269 772.263 458.587 
661.821 458.637 732.479 384.033 771.318 458.624 
661.784 458.557 732.681 382.877 770.076 458.367 
661.74 458.51 732.371 382.47 769.399 458.317 
661.666 458.456 731.471 381.903 768.574 458.14 
661.548 458.388 730.538 380.945 766.778 458.114 
661.513 458.359 729.85 380.62 766.244 457.996 
661.365 458.291 729.325 380.048 765.144 457.988 
661.251 458.211 728.166 379.202 763.58 457.866 
661.231 458.066 727.831 378.885 763.92 457.534 
661.141 457.971 727.038 378.56 762.172 457.801 
660.998 457.939 726.276 377.833 761.762 457.422 
660.961 457.935 725.875 377.451 761.091 457.322 
660.95 457.809 725.161 377.095 760.324 457.271 
660.941 457.798 724.035 376.408 758.721 457.124 
660.941 457.797 723.852 376.254 758.226 457.079 
660.917 457.784 723.25 375.418 756.847 456.969 
660.894 457.794 722.183 374.867 755.201 456.846 
660.92 457.804 722.054 374.713 755.004 456.851 
660.849 457.906 720.261 374.532 754.138 456.79 
660.725 457.939 720.916 374.11 753.318 456.793 
660.677 458.028 720.858 374.046 753.214 456.78 
660.625 458.064 720.635 373.667 752.744 456.71 
660.594 458.094 720.253 373.396 752.152 456.716 
660.576 458.102 720.17 373.346 752.058 456.69 
660.547 458.126 719.606 373.151 751.686 456.597 
660.521 458.169 719.335 372.966 751.005 456.606 
660.526 458.172 719.292 372.938 750.939 456.598 
660.513 458.199 719.213 372.847 750.835 456.7 
660.497 458.212 719.271 372.969 750.843 456.85 
660.502 458.201 719.287 372.99 750.851 456.917 
660.512 458.17 719.35 372.999 750.828 457.066 
660.502 458.082 719.321 373.009 750.773 457.081 
660.527 458.041 719.305 372.994 750.771 457.062 
660.526 457.989 719.194 372.805 750.716 456.97 
660.509 457.998 718.876 372.694 750.614 456.82 
660.516 457.998 718.752 372.667 750.575 456.777 
660.495 458.029 717.974 372.488 750.353 456.413 
660.223 458.144 717.232 371.777 749.651 456.063 
660.179 458.147 716.589 371.596 749.234 455.979 
660.122 458.154 716.194 371.327 748.825 455.756 
660.038 458.202 716.144 371.164 748.481 455.819 
660.02 458.208 716.246 371.199 748.484 455.883 
659.957 458.254 717.29 371.602 748.668 456.519 
659.966 458.339 718.638 372.528 748.92 457.469 
660.002 458.347 718.92 372.64 748.939 457.683 
660.107 458.369 719.409 373.004 748.977 457.926 
660.197 458.311 719.468 372.912 748.991 457.896 
660.198 458.301 719.452 372.891 748.996 457.893 
660.181 458.264 719.471 372.878 749.041 457.909 
660.168 458.264 719.757 373.021 749.174 458.064 
660.163 458.267 718.715 373.347 749.207 458.113 
660.148 458.278 719.006 373.534 749.317 458.276 
660.124 458.268 720.691 373.431 749.444 458.388 
660.143 458.24 720.743 373.443 749.432 458.496 
660.129 458.204 720.845 373.531 749.459 458.548 
660.152 458.172 720.891 373.597 749.38 458.599 
660.167 458.164 720.836 373.535 749.38 458.598 
660.184 458.161 720.821 373.477 749.432 458.606 
660.219 458.182 720.889 373.601 749.994 458.522 
660.221 458.18 720.916 373.728 750.205 458.387 
660.261 458.219 721.151 373.995 750.663 458.387 
660.479 458.183 721.761 374.258 751.746 458.429 
660.326 458.287 721.893 374.378 752.041 458.459 
660.538 458.199 722.124 374.519 752.511 458.345 
660.606 458.189 722.481 374.896 753.587 458.324 
660.626 458.202 722.55 374.984 753.759 458.329 
660.634 458.193 723.191 375.144 754.519 458.301 
660.675 458.207 723.499 375.397 755.297 458.318 
660.7 458.209 723.581 375.502 755.465 458.314 
660.7 458.23 723.859 375.847 756.209 458.31 
660.75 458.254 724.235 376.3 757.241 458.281 
660.756 458.258 724.304 376.359 757.418 458.268 
660.763 458.273 724.852 376.651 758.197 458.283 
660.765 458.274 725.337 377.075 759.42 458.162 
660.794 458.257 725.388 377.124 759.591 458.16 
660.825 458.273 724.669 377.94 760.641 458.138 
660.857 458.298 726.579 378.121 761.604 458.186 
660.91 458.305 726.676 378.2 762.022 458.036 
660.928 458.34 727.077 378.658 762.741 458.14 
660.986 458.347 727.782 378.998 763.958 458.1 
660.977 458.346 727.967 379.175 764.293 458.028 
660.987 458.359 728.228 379.609 765.108 458.01 
660.98 458.36 728.629 380.218 766.307 457.979 
660.987 458.345 728.739 380.264 766.481 457.972 
660.991 458.362 729.334 380.557 767.259 458.008 
661.023 458.346 729.712 380.983 768.207 457.96 
661.029 458.343 729.798 381.055 768.414 457.947 
661.035 458.346 730.044 381.52 768.941 457.92 
661.062 458.33 730.659 381.881 769.188 458.119 
661.047 458.339 730.746 381.955 770.054 457.898 
661.046 458.353 731.075 382.254 770.764 457.859 
661.052 458.374 731.381 382.734 771.632 457.727 
661.061 458.38 731.427 382.794 771.752 457.685 
661.05 458.4 730.599 383.486 772.727 457.634 
661.116 458.426 732.422 383.785 773.563 457.561 
661.12 458.424 732.492 383.88 773.953 457.538 
661.136 458.513 732.769 384.24 774.664 457.481 
661.157 458.517 731.861 385.16 775.89 457.358 
661.148 458.519 733.066 385.013 775.364 457.561 
661.156 458.507 733.654 385.28 776.961 457.254 
661.15 458.409 733.914 385.857 777.783 457.177 
661.157 458.382 733.963 385.971 777.938 457.179 
661.136 458.346 734.2 386.302 778.809 457.131 
661.158 458.322 734.5 386.985 778.778 457.387 
661.14 458.32 734.57 387.069 779.874 457.033 
661.177 458.305 733.659 387.653 780.551 456.851 
661.161 458.328 735.495 387.907 781.734 456.611 
661.135 458.335 735.586 388.005 781.875 456.587 
661.182 458.362 735.897 388.612 782.765 456.45 
661.17 458.505 736.679 389.208 783.012 456.612 
661.159 458.512 736.808 389.342 784.193 456.264 
661.201 458.544 737.204 390.18 784.373 456.469 
661.25 458.595 737.764 390.951 785.836 456.251 
661.259 458.598 738.165 391.131 786.063 456.243 
661.272 458.619 738.559 391.876 787.234 456.13 
661.292 458.643 739.072 392.62 789.245 455.702 
661.377 458.593 739.164 392.745 788.684 456.029 
661.417 458.589 738.47 393.691 789.428 455.919 
661.501 458.612 740.197 393.945 790.176 455.929 
661.428 458.621 740.261 394.054 790.31 455.923 
661.435 458.623 740.462 394.564 791.065 455.849 
661.432 458.623 740.92 395.393 791.916 455.797 
661.433 458.626 741.269 395.46 792.045 455.825 
661.416 458.629 741.592 396.077 793.105 455.69 
661.341 458.666 742.018 397.229 794.447 455.401 
661.422 458.619 742.144 397.449 794.596 455.405 
661.502 458.614 742.838 398.241 795.778 455.197 
661.522 458.637 743.304 399.429 797.028 455.094 
661.531 458.619 743.4 399.67 797.291 455.062 
661.553 458.631 743.81 400.637 798.186 454.967 
661.588 458.627 744.553 401.72 799.104 454.975 
661.579 458.633 744.644 401.947 799.284 454.958 
661.585 458.633 745.006 402.731 800.309 454.789 
661.593 458.657 745.507 403.877 800.765 454.734 
661.605 458.65 744.519 404.373 801.703 454.54 
661.613 458.68 746.293 405.092 802.305 454.567 
661.626 458.691 746.848 406.486 803.496 454.404 
661.639 458.691 746.962 406.765 803.628 454.436 
661.613 458.758 746.266 408.06 804.672 454.342 
661.693 458.735 748.211 408.958 805.396 454.431 
661.667 458.781 748.304 409.151 805.775 454.379 
661.69 458.801 747.565 410.405 806.336 454.469 
661.701 458.839 749.346 411.186 807.085 454.433 
661.706 458.827 749.422 411.357 807.193 454.452 
661.72 458.86 749.649 412.014 807.74 454.447 
661.682 459.112 749.829 412.908 808.054 454.547 
661.69 459.105 749.871 413.041 808.13 454.542 
661.688 459.107 750.01 413.676 808.747 454.452 
661.726 458.861 750.286 414.711 809.294 454.392 
661.732 458.86 750.334 414.944 809.407 454.378 
661.74 458.849 749.321 416.247 809.862 454.395 
661.756 458.846 749.711 417.582 810.769 454.375 
661.754 458.839 751.036 417.603 810.867 454.399 
661.768 458.838 751.273 418.617 811.266 454.528 
661.811 458.799 751.534 419.92 812.091 454.457 
661.818 458.785 751.596 420.101 812.154 454.471 
661.841 458.786 751.791 421.151 812.434 454.674 
661.85 458.795 750.966 422.579 812.419 454.745 
661.854 458.81 751.031 422.843 813.263 454.693 
661.857 458.828 752.615 423.739 813.661 454.64 
662.014 458.922 752.836 425.369 814.022 454.964 
662.024 458.932 752.722 425.924 814.125 454.993 
662.054 458.932 751.651 427.438 814.758 455.006 
662.095 458.9 753.004 428.476 815.14 454.92 
662.106 458.894 753.002 428.876 815.196 454.925 
662.123 458.772 753.106 429.833 815.644 454.982 
663 457 752 433 817 458 
663 457 754 433 816 455 
662.172 458.7 753.375 432.358 816.687 454.849 
662.22 458.686 752.499 433.958 816.866 455.236 
662.228 458.686 752.941 434.235 816.872 455.441 
662.258 458.681 754.138 434.951 817.016 455.625 
662.307 458.695 752.836 436.881 817.33 455.825 
662.378 458.771 752.907 437.21 817.411 455.886 
662.447 458.772 753.051 438.446 818.123 455.878 
662.615 458.646 754.571 439.447 818.353 456.123 
662.65 458.63 753.362 440.079 818.363 456.178 
662.659 458.67 754.718 440.556 818.461 456.373 
662.807 458.615 754.834 441.279 818.576 456.596 
662.804 458.601 753.68 441.716 818.626 456.634 
662.928 458.503 754.873 441.82 818.715 457.028 
662.836 458.471 754.888 442.032 818.728 457.078 
662.818 458.474 754.874 442.05 818.712 457.079 
662.816 458.441 754.857 442.069 818.732 457.031 
662 460 754 442 820 458 
662.839 458.43 754.839 442.046 818.72 456.876 
662.844 458.437 754.876 441.92 818.675 457.092 
662.847 458.481 754.926 441.72 818.702 457.188 
662.92 458.478 754.931 441.666 818.714 457.195 
662.931 458.515 754.978 441.107 818.678 457.208 
662.859 458.589 754.978 440.18 818.545 457.12 
662.942 458.562 754.961 439.757 818.565 456.904 
662.865 458.634 755.044 438.775 818.433 456.646 
662.846 458.76 755.095 437.197 818.196 456.248 
662.846 458.774 753.951 437.146 818.138 456.206 
662.848 458.771 755.108 435.652 817.324 456.289 
662.861 458.785 755.091 434.164 817.003 456.073 
662.842 458.79 755.082 433.828 816.937 456.033 
662.85 458.806 755.021 432.589 816.751 455.846 
662.838 458.817 754.867 431.053 815.865 455.807 
662.818 458.821 754.828 430.795 815.745 455.752 
662.74 458.831 754.666 429.488 815.381 455.582 
663 460 752 429 813 455 
662 457 753 427 813 455 
662.682 458.844 754.281 426.007 813.853 454.878 
662.702 458.738 752.829 424.368 812.563 454.788 
662.711 458.734 752.816 423.93 812.353 454.769 
662.685 458.725 753.954 421.958 811.799 454.575 
662.668 458.706 752.26 420.6 810.645 454.544 
662.644 458.703 753.264 419.864 810.513 454.512 
662.635 458.698 753.004 418.611 809.267 454.658 
662.698 458.655 752.773 417.179 808.935 454.578 
662.694 458.666 752.701 416.95 808.861 454.476 
662.68 458.689 751.114 416.299 807.472 454.713 
662.687 458.699 752.303 414.669 807.372 454.643 
662.677 458.703 750.868 414.82 807.253 454.709 
662.698 458.697 751.652 413.503 806.371 454.835 
662.697 458.705 751.233 412.141 805.712 454.785 
662.699 458.699 751.193 411.928 805.374 454.806 
662.681 458.712 749.463 411.046 804.523 454.802 
662.596 458.848 750.198 408.975 803.178 454.825 
662.591 458.844 749.833 408.756 803.092 454.766 
662.677 458.705 749.354 407.322 801.863 454.796 
662.618 458.666 748.354 405.565 800.319 454.793 
662.616 458.671 748.272 405.267 800.173 454.741 
662.605 458.657 747.688 403.777 798.75 454.771 
662.601 458.653 746.644 401.954 797.067 454.834 
662.598 458.636 746.466 401.633 796.111 454.966 
662.571 458.637 745.857 399.984 794.617 455.025 
662.445 458.775 744.777 398.476 793.108 455.164 
662.45 458.769 744.637 398.219 792.887 455.096 
662.396 458.787 743.765 397.028 791.45 455.231 
662.371 458.796 743.379 396.019 790.142 455.449 
662.387 458.799 743.143 395.558 789.741 455.461 
662.353 458.8 741.344 395.246 788.543 455.841 
662.341 458.796 742.096 394.069 787.361 456.23 
662.347 458.789 742.088 393.954 787.159 456.275 
662.341 458.792 741.838 393.42 786.47 456.377 
662.315 458.719 741.571 392.941 785.562 456.602 
662.347 458.804 741.478 392.5 785.272 456.597 
662.355 458.811 739.744 392.465 784.405 456.722 
662.338 458.817 740.39 391.44 783.237 456.849 
662.336 458.817 740.213 391.16 782.775 456.86 
662.332 458.828 739.961 390.638 782.297 456.806 
662.299 458.834 739.104 389.89 780.903 456.896 
662.293 458.825 738.879 389.59 780.443 456.873 
662.303 458.812 738.7 389.024 779.658 456.89 
662.237 458.749 737.755 388.391 778.375 456.972 
662.255 458.829 737.575 388.151 778.052 456.951 
662.241 458.838 737.248 387.807 777.483 456.908 
662.209 458.731 736.82 387.021 776.495 456.877 
662.189 458.736 736.301 386.852 776.103 456.843 
662.177 458.75 735.855 386.406 775.067 456.874 
662.213 458.844 735.426 385.733 773.917 456.886 
662.215 458.849 735.083 385.374 774.329 456.509 
662.197 458.85 734.382 384.935 772.53 456.774 
662.208 458.743 732.15 384.363 770.996 456.8 
662.138 458.74 733.06 383.733 771.223 456.571 
662.088 458.749 732.522 383.147 769.237 456.846 
662.046 458.727 731.365 382.078 768.184 456.467 
661.881 458.734 730.982 381.7 766.476 456.652 
661.862 458.719 730.075 381.12 765.229 456.633 
661.829 458.683 729.197 380.035 764.131 456.334 
661.799 458.687 728.572 379.809 763.57 456.274 
661.759 458.695 728.066 379.281 762.532 456.246 
661.748 458.723 727.057 378.619 761.158 456.155 
661.732 458.727 726.823 378.298 760.754 456.08 
661.738 458.727 726.451 378.003 760.028 456.067 
661.724 458.713 724.363 377.621 758.72 455.98 
661.747 458.698 725.321 377.075 758.087 455.972 
661.72 458.698 724.908 376.653 757.271 455.858 
661.708 458.697 723.864 376.115 755.808 455.716 
661.686 458.699 723.574 375.801 755.102 455.702 
661.66 458.711 721.67 375.649 754.314 455.596 
661.63 458.711 722.106 374.772 752.976 455.496 
661.613 458.705 721.82 374.51 752.535 455.429 
661.579 458.714 721.166 374.32 751.849 455.331 
661.535 458.686 720.63 373.751 751.007 455.139 
661.521 458.681 720.446 373.518 750.634 455.102 
661.455 458.68 718.63 373.678 750.32 455.033 
661.513 458.652 719.523 373.228 749.929 454.94 
661.43 458.691 719.403 373.172 749.805 454.954 
661.416 458.669 719.208 373.084 749.66 454.933 
661.346 458.67 718.811 372.782 749.445 454.802 
661.402 458.664 718.629 372.643 749.238 454.788 
661.29 458.644 718.132 372.651 749.093 454.725 
661.255 458.593 717.906 372.513 748.895 454.642 
661.261 458.54 717.928 372.395 748.863 454.633 
661.219 458.54 718.033 372.563 748.887 454.76 
661.222 458.48 718.815 372.811 748.991 455.161 
661.325 458.423 719.05 373.01 749.115 455.42 
661.353 458.408 719.503 373.348 749.25 455.96 
661.461 458.394 719.823 373.46 749.329 456.321 
661.481 458.395 720.191 373.479 749.334 456.309 
661.514 458.398 720.308 373.521 749.524 456.369 
661.534 458.461 720.482 373.589 749.621 456.435 
661.545 458.46 720.553 373.677 749.633 456.479 
661.524 458.462 720.692 373.732 749.686 456.555 
661.503 458.477 720.868 373.884 749.765 456.752 
661.504 458.457 720.894 373.908 749.783 456.792 
661.486 458.457 720.979 373.964 749.861 456.84 
661.461 458.429 721.453 374.014 749.976 456.916 
661.492 458.432 721.583 374.04 750.071 456.942 
661.478 458.429 721.785 374.082 750.139 457.02 
661.501 458.464 721.998 374.209 750.293 457.23 
661.515 458.495 721.951 374.344 750.406 457.184 
661.494 458.55 722.025 374.408 750.614 457.173 
661.538 458.627 722.157 374.54 751.218 457.072 
661.548 458.632 722.228 374.603 751.431 457.017 
661.557 458.659 722.324 374.812 751.824 456.993 
661.565 458.654 722.51 374.995 752.596 456.956 
661.555 458.662 722.608 375.07 752.909 456.949 
661.565 458.64 722.76 375.215 753.406 456.945 
661.554 458.596 723.315 375.372 754.381 456.92 
661.58 458.561 723.435 375.494 754.703 456.92 
661.547 458.524 723.605 375.716 755.11 456.931 
661.55 458.49 723.834 375.948 755.837 456.859 
661.568 458.501 723.841 375.993 756.107 456.728 
661.568 458.493 723.96 376.075 756.409 456.669 
661.575 458.517 724.383 376.16 756.739 456.596 
661.58 458.523 724.494 376.232 756.893 456.524 
661.574 458.585 723.237 376.789 757.616 456.522 
661.58 458.623 724.936 376.892 758.217 456.581 
661.579 458.618 725.003 376.944 758.302 456.494 
661.581 458.621 725.216 377.11 759.025 456.449 
661.604 458.598 725.57 377.329 759.54 456.461 
661.614 458.607 726.016 377.452 759.791 456.445 
661.644 458.622 724.83 377.969 760.326 456.419 
661.659 458.637 726.505 377.819 760.872 456.472 
661.668 458.636 726.618 377.959 761.034 456.46 
661.659 458.655 726.715 378.244 761.511 456.533 
661.65 458.67 726.965 378.54 762.227 456.515 
661.657 458.661 727.071 378.669 762.47 456.519 
661.635 458.651 727.326 378.866 763.189 456.467 
661.642 458.607 727.94 379.116 764.038 456.492 
661.62 458.611 728.008 379.17 764.167 456.506 
661.629 458.587 728.145 379.422 764.771 456.456 
661.64 458.54 728.421 379.911 765.481 456.485 
661.647 458.539 728.566 380.019 765.722 456.518 
661.654 458.534 728.813 380.242 766.407 456.427 
661.605 458.591 729.283 380.45 767.053 456.402 
661.593 458.595 729.407 380.632 767.388 456.455 
661.59 458.602 729.65 380.872 768.132 456.272 
661.644 458.555 730.299 381.274 769.006 456.364 
661.607 458.61 730.531 381.574 769.61 456.211 
661.635 458.583 730.823 381.888 769.397 456.465 
661.632 458.568 731.36 382.448 771.305 456.329 
661.653 458.571 731.574 382.659 771.621 456.418 
661.658 458.588 732.223 382.946 772.422 456.623 
661.662 458.602 732.644 383.65 773.265 456.87 
661.682 458.61 732.855 383.819 773.687 456.877 
661.69 458.63 733.067 384.005 774.199 456.768 
661.704 458.642 732.308 384.592 774.784 456.695 
661.764 458.652 732.416 384.885 775.058 456.726 
661.771 458.66 734.014 384.882 775.709 456.62 
661.74 458.693 734.387 385.275 776.325 456.596 
661.751 458.688 734.524 385.468 776.921 456.508 
661.777 458.68 735.088 385.84 777.491 456.563 
661.782 458.687 735.465 386.223 778.417 456.471 
661.789 458.676 735.546 386.603 778.82 456.443 
661.799 458.67 735.821 387.074 779.737 456.357 
661.755 458.663 736.126 387.525 780.602 456.273 
661.828 458.657 736.592 387.756 781.239 456.232 
661.766 458.652 736.89 388.135 781.913 456.157 
661.774 458.648 737.323 388.924 783.204 455.891 
661.765 458.657 737.513 389.194 783.501 455.886 
661.835 458.672 736.628 390.01 784.353 455.702 
661.871 458.69 738.551 390.391 784.603 455.912 
661.866 458.697 738.72 390.689 786.065 455.581 
661.883 458.712 738.976 391.134 785.922 455.857 
661.898 458.727 739.8 392.085 787.316 455.687 
661.887 458.732 740.036 392.39 788.774 455.363 
661.905 458.74 740.392 393.075 788.783 455.556 
661.898 458.751 739.92 394.487 790.389 455.252 
661.933 458.715 741.656 394.575 791.266 455.042 
661.878 458.72 741.975 395.501 791.964 455.048 
661.946 458.726 742.962 396.799 793.802 454.865 
662.092 458.702 743.246 397.311 794.361 454.858 
662.117 458.716 743.675 398.143 795.223 454.806 
662.14 458.749 744.637 399.222 796.457 454.783 
662.174 458.74 744.872 399.856 797.216 454.692 
662.188 458.84 745.278 400.554 797.803 454.703 
662.253 458.843 746.165 401.762 799.243 454.454 
662.241 458.868 746.424 402.198 800.085 454.197 
662.246 458.888 746.776 403.126 800.627 454.224 
662.281 458.912 746.359 404.729 802.059 454.093 
662.28 458.922 747.87 405.051 802.689 454.011 
662.284 458.932 748.194 405.985 803.424 453.998 
662.304 458.933 749.078 407.428 804.833 453.841 
662.314 458.937 749.262 408.053 805.216 453.849 
662.344 459.019 749.55 408.923 806.231 453.62 
662.36 458.914 750.28 410.41 807.558 453.44 
662.386 458.896 750.468 411.076 807.82 453.579 
662.398 458.902 750.762 411.972 808.322 453.568 
662.424 458.906 751.026 413.311 809.402 453.696 
662.425 458.897 751.148 413.718 809.599 453.694 
662.426 458.894 751.274 414.555 810.412 453.607 
662.38 458.868 751.607 415.877 810.946 453.717 
662.381 458.862 751.795 416.417 811.291 453.715 
662.373 458.866 752.285 417.233 812.03 453.702 
662.402 458.874 752.689 418.912 812.649 454.005 
662.42 458.893 752.709 419.715 813.378 453.966 
662.456 458.894 752.901 420.915 813.765 454.263 
662.454 459.041 753.223 422.867 814.681 454.657 
662.485 459.046 753.614 423.517 815.088 454.778 
662.557 459.022 753.806 424.713 815.404 454.963 
662.562 459.069 752.581 427.062 816.219 455.069 
662.545 459.067 752.717 427.78 816.538 455.078 
662.588 459.042 752.867 428.939 816.829 455.127 
662.652 459.028 752.976 430.775 817.383 455.299 
662.659 459.03 754.273 431.019 817.49 455.341 
662.702 459.009 753.117 432.183 818.154 455.1 
662.827 458.826 754.479 433.178 818.338 454.947 
662.839 458.707 754.484 433.847 818.347 454.979 
662.825 458.808 754.555 434.716 818.385 455.027 
662.849 458.803 754.631 436.382 818.394 455.154 
662.746 458.86 754.628 437.188 818.403 455.202 
662.769 458.859 754.665 437.918 818.397 455.284 
662.895 458.849 754.693 439.037 818.445 455.667 
662.915 458.843 754.728 439.204 818.499 455.711 
663.013 458.778 754.772 439.311 818.516 455.778 
663.018 458.75 754.836 439.308 818.602 455.799 
663.009 458.749 754.856 439.444 818.607 455.841 
662.997 458.751 754.861 439.59 818.638 455.878 
663.007 458.779 754.811 440.112 818.685 455.983 
663.005 458.791 754.856 440.336 818.67 456.021 
663.019 458.785 754.885 440.611 818.715 456.07 
663.029 458.773 754.941 440.691 818.765 456.123 
663.037 458.764 754.96 440.656 818.777 456.141 
663.058 458.737 754.992 440.54 818.783 456.164 
663.046 458.751 755.021 440.404 818.778 456.182 
663.056 458.758 755.016 440.337 818.76 456.19 
663.048 458.783 755.015 440.18 818.765 456.177 
663.052 458.802 754.994 439.665 818.711 456.192 
663.063 458.814 755.047 439.455 818.672 456.18 
663.061 458.825 755.058 438.794 818.568 456.143 
663.069 458.81 755.102 437.775 818.449 455.985 
663.076 458.807 755.105 437.559 818.437 455.933 
663.077 458.815 754.039 437.046 818.307 455.774 
663.066 458.836 755.165 435.653 818.088 455.628 
663.067 458.834 753.925 435.659 817.861 455.646 
663.065 458.845 755.181 434.442 817.363 455.693 
663.048 458.836 754.079 433.286 817.012 455.499 
663.056 458.837 754.096 432.701 816.98 455.234 
663.062 458.846 754.112 431.911 816.859 455.109 
663.07 458.855 753.992 430.616 816.617 454.697 
662.992 458.904 754.366 429.982 816.443 454.559 
663.078 458.874 754.97 429.11 815.631 454.659 
662.99 458.919 754.761 427.528 815.205 454.349 
662.989 458.921 754.694 426.642 815.001 454.172 
662.974 458.904 754.576 425.241 813.831 454.12 
663.061 458.831 754.282 422.749 812.534 453.881 
663.045 458.808 754.147 421.631 812.043 453.788 
663.032 458.772 753.897 420.075 811.504 453.597 
662.913 458.788 753.495 417.709 810.198 453.46 
662.888 458.786 753.038 416.942 809.429 453.501 
662.866 458.788 752.797 415.693 808.854 453.314 
662.844 458.815 751.0 414.305 807.577 453.458 
662.858 458.828 752.305 413.16 807.227 453.424 
662.853 458.841 752.042 412.087 806.275 453.543 
662.788 458.88 751.269 410.43 805.04 453.624 
662.868 458.883 751.165 409.809 804.579 453.637 
662.872 458.89 750.945 408.688 803.723 453.72 
662.782 458.927 749.005 407.524 802.083 454.032 
662.892 458.872 749.936 406.597 801.816 454.181 
662.869 458.899 749.61 405.572 801.141 454.206 
662.776 459.04 747.604 404.327 799.756 454.332 
662.77 459.028 748.386 403.403 799.014 454.43 
662.849 458.888 748.027 402.397 798.322 454.402 
662.706 458.92 745.832 401.042 795.935 454.805 
662.81 458.852 746.641 400.165 795.842 454.693 
662.723 458.793 746.265 399.145 794.681 454.894 
662.689 458.783 745.027 397.466 792.943 454.939 
662.692 458.772 744.758 396.919 792.206 454.945 
662.782 458.701 744.244 395.943 791.128 454.986 
662.755 458.71 741.755 394.654 788.826 455.162 
662.71 458.713 742.811 393.758 788.188 455.15 
662.718 458.717 741.977 392.972 786.847 455.317 
662.607 458.857 740.925 391.563 784.443 455.636 
662.546 458.854 740.578 391.03 783.797 455.618 
662.556 458.875 740.14 390.123 782.471 455.718 
662.507 458.902 739.159 389.188 781.424 455.567 
662.53 458.912 738.928 388.681 779.72 456.064 
662.448 459.032 738.604 388.161 778.615 456.36 
662.421 459.049 737.735 387.503 777.265 456.403 
662.499 459.028 737.5 387.168 776.65 456.446 
662.49 459.028 737.209 386.612 775.847 456.49 
662.514 459.065 736.295 385.961 774.164 456.624 
662.477 459.074 735.973 385.63 773.546 456.718 
662.505 459.087 735.527 384.866 772.314 456.763 
662.457 459.078 734.291 383.899 770.974 456.643 
662.439 459.075 733.887 383.362 769.862 456.508 
662.412 459.069 732.904 382.662 768.318 456.506 
662.322 459.057 731.421 381.407 764.885 456.832 
662.305 459.052 730.955 380.901 764.781 456.513 
662.245 459.039 729.963 380.146 762.642 456.656 
662.133 458.913 728.671 379.283 761.283 456.32 
662.11 458.899 728.304 378.989 760.737 456.328 
662.051 458.793 727.851 378.466 759.711 456.274 
661.882 458.776 726.798 377.817 758.192 456.227 
661.898 458.775 726.523 377.532 757.732 456.203 
661.933 458.746 724.632 377.361 756.681 456.098 
661.938 458.756 725.081 376.252 755.073 455.979 
662.054 458.757 724.77 375.992 754.619 455.951 
662.035 458.784 724.07 375.72 753.576 455.89 
661.792 458.991 723.459 375.145 752.254 455.879 
661.757 459.021 721.897 375.215 751.951 455.915 
661.713 459.138 723.069 374.784 751.583 455.863 
661.679 459.182 722.604 374.771 750.963 455.897 
661.692 459.188 722.593 374.735 750.883 455.926 
661.702 459.189 722.593 374.745 750.83 456.105 
661.728 459.188 722.532 374.641 750.732 456.107 
661.751 459.183 722.457 374.419 750.661 455.983 
661.765 459.161 722.21 374.213 750.492 455.856 
661.764 459.136 721.328 373.895 750.08 455.622 
661.758 459.126 721.138 373.741 749.924 455.462 
661.717 459.126 720.828 373.525 749.438 455.542 
661.649 459.121 720.585 373.431 749.32 455.495 
661.629 459.118 720.567 373.45 749.342 455.524 
661.649 458.888 720.661 373.562 749.38 455.667 
661.647 458.823 721.007 373.849 749.545 456.079 
661.672 458.778 721.177 373.993 749.628 456.247 
661.678 458.741 721.43 374.104 749.766 456.387 
661.762 458.682 721.923 374.167 749.946 456.625 
661.757 458.709 722.031 374.208 749.969 456.7 
661.778 458.723 722.142 374.25 750.016 456.766 
661.783 458.783 722.277 374.28 750.241 456.824 
661.758 458.803 722.351 374.313 750.312 456.849 
661.75 458.841 722.487 374.437 750.42 456.915 
661.746 458.849 722.825 374.672 750.67 457.148 
661.745 458.843 723.252 374.713 750.794 457.109 
661.692 458.987 723.487 374.865 751.329 457.144 
661.755 458.844 723.837 375.126 751.99 457.246 
661.769 458.838 723.983 375.275 752.231 457.208 
661.781 458.834 724.386 375.412 752.853 457.187 
661.804 458.83 724.826 375.76 753.69 457.254 
661.804 458.835 724.933 375.965 754.196 457.243 
661.801 458.842 725.134 376.179 754.879 457.26 
661.791 458.847 725.582 376.63 756.28 457.187 
661.798 458.842 725.757 376.742 756.761 457.156 
661.798 458.835 726.392 376.989 757.767 457.092 
661.811 458.831 726.964 377.75 759.266 456.969 
661.821 458.81 727.224 377.953 759.7 456.982 
661.846 458.795 727.848 378.156 760.623 456.934 
661.86 458.775 728.391 378.675 761.528 456.97 
661.866 458.762 728.54 378.811 762.11 456.905 
661.857 458.778 729.148 379.003 762.586 456.912 
661.88 458.803 729.489 379.538 763.708 456.696 
662.003 458.807 729.616 379.685 764.079 456.66 
662.045 458.916 729.888 379.894 764.889 456.542 
662.072 459.025 729.262 380.787 766.359 456.409 
662.08 459.035 730.956 380.694 766.994 456.368 
662.081 459.034 731.221 381.224 768.134 456.25 
662.11 459.028 732.186 381.806 769.859 456.004 
662.106 458.929 732.427 382.088 770.407 455.952 
662.111 458.921 732.781 382.715 771.514 455.917 
662.147 458.89 733.832 383.397 772.99 455.813 
662.146 458.872 734.074 383.707 773.757 455.831 
662.139 458.864 734.473 384.343 774.524 455.901 
662.144 458.887 735.349 384.954 775.891 455.957 
662.137 458.909 735.563 385.229 776.346 455.956 
662.166 458.936 735.862 385.595 777.189 455.929 
662.226 459.061 736.301 386.332 778.342 455.851 
662.23 459.07 736.728 386.515 778.863 455.825 
662.227 459.095 737.062 386.852 779.683 455.746 
662.256 459.101 737.615 387.804 780.172 455.959 
662.243 459.12 737.825 388.091 781.763 455.465 
662.254 459.125 738.442 388.542 782.515 455.358 
662.269 459.122 739.001 389.529 784.142 455.135 
662.294 459.11 739.233 389.873 784.743 455.066 
662.31 459.126 739.871 390.203 784.949 455.233 
662.345 459.132 740.409 391.242 786.374 455.114 
662.344 459.155 740.638 391.672 787.757 454.655 
662.344 459.158 741.297 392.182 787.399 454.966 
662.36 459.189 741.985 393.424 790.531 454.279 
662.367 459.209 741.025 394.276 790.282 454.598 
662.393 459.252 742.962 394.739 791.479 454.496 
662.435 459.285 743.635 396.114 793.03 454.489 
662.455 459.296 743.959 396.497 793.439 454.524 
662.478 459.305 744.617 397.085 794.455 454.384 
662.508 459.333 745.174 398.286 795.783 454.139 
662.521 459.339 745.365 398.605 796.146 454.096 
662.523 459.371 744.566 399.608 797.776 453.588 
662.576 459.487 746.394 400.288 797.808 453.89 
662.583 459.503 746.549 400.688 798.482 453.735 
662.58 459.515 746.785 401.374 799.01 453.667 
662.614 459.525 746.151 402.731 800.276 453.512 
662.606 459.51 747.66 402.891 800.548 453.503 
662.63 459.617 747.96 403.491 801.325 453.378 
662.644 459.517 748.42 404.814 802.329 453.09 
662.587 459.63 747.512 405.571 803.925 452.594 
662.615 459.649 749.231 406.16 803.698 452.881 
662.639 459.654 749.746 407.669 805.033 452.854 
662.66 459.664 749.994 408.21 805.641 452.844 
662.697 459.675 749.199 409.322 806.285 452.906 
662.712 459.677 751.031 410.312 807.497 452.951 
662.73 459.704 751.149 410.946 807.742 453.065 
662.74 459.708 751.39 411.583 808.2 453.184 
662.75 459.696 751.758 412.751 809.19 453.325 
662.752 459.7 750.783 413.444 809.425 453.431 
662.727 459.694 752.354 413.618 809.768 453.577 
662.733 459.691 752.575 414.697 810.67 453.719 
662.719 459.684 752.664 415.082 810.848 453.777 
662.693 459.643 752.758 415.816 811.102 453.899 
662.68 459.628 752.914 416.68 811.242 454.044 
662.694 459.617 752.938 417.159 812.067 453.937 
662.692 459.59 753.048 417.65 812.258 453.942 
662.691 459.558 753.42 418.604 812.749 453.856 
662.698 459.546 753.226 419.311 813.316 453.748 
662.692 459.548 752.181 420.483 813.644 453.78 
662.707 459.528 753.706 421.684 814.099 453.901 
662.671 459.464 753.754 422.234 814.243 453.94 
662.684 459.448 753.829 423.118 814.832 453.913 
662.735 459.381 752.543 424.556 815.013 453.954 
662.727 459.358 752.523 424.908 815.115 453.953 
662.756 459.274 752.668 425.494 815.286 453.966 
662.682 459.156 754.102 426.096 815.583 454.039 
662.763 459.119 752.879 426.938 815.945 454.007 
662.688 459.142 754.214 427.428 816.713 453.966 
662.661 459.192 754.411 428.798 816.709 454.247 
662.712 459.292 754.339 429.412 817.009 454.272 
662.688 459.375 754.376 429.953 817.094 454.358 
662.745 459.401 754.405 430.805 817.193 454.352 
662.776 459.396 754.413 430.95 817.23 454.318 
662.76 459.399 754.438 431.125 817.276 454.273 
662.808 459.382 754.495 431.673 817.341 454.284 
662.8 459.391 753.269 432.309 817.343 454.322 
662.753 459.416 754.523 432.519 817.766 454.212 
662.782 459.43 753.388 433.792 817.886 454.338 
662.798 459.448 754.619 433.965 818.133 454.348 
662.836 459.534 754.647 434.536 818.171 454.424 
662.885 459.553 754.899 435.003 818.231 454.458 
662.954 459.568 754.703 435.4 818.229 454.476 
663.043 459.557 754.715 435.501 818.237 454.413 
663.057 459.559 754.728 435.529 818.216 454.388 
663.058 459.567 754.728 435.64 818.231 454.335 
663.064 459.557 754.737 435.813 818.184 454.367 
663.064 459.583 754.782 436.538 818.197 454.473 
663.047 459.606 754.766 437.135 818.219 454.571 
663.076 459.589 754.797 437.678 818.259 454.727 
663.201 459.611 754.812 438.675 818.336 455.155 
663.213 459.606 754.884 438.943 818.399 455.247 
663.242 459.596 754.955 439.134 818.431 455.373 
663.263 459.59 755.03 439.261 818.429 455.624 
663.249 459.594 755.051 439.262 818.444 455.65 
663.233 459.609 755.073 439.19 818.441 455.648 
663.217 459.67 755.061 439.106 818.419 455.624 
663.216 459.689 755.052 439.006 818.411 455.602 
663.207 459.718 755.041 438.744 818.353 455.547 
663.215 459.76 755.149 437.554 818.255 455.267 
663.218 459.766 754.127 437.207 818.206 455.161 
663 460 756 435 816 456 
663.197 459.776 754.165 434.302 817.034 454.843 
663.259 459.766 754.259 433.558 816.937 454.71 
663.273 459.76 754.224 432.595 816.765 454.557 
663.276 459.783 754.067 430.923 816.244 454.348 
663.28 459.787 754.022 430.264 815.699 454.37 
663.282 459.799 753.939 429.058 815.341 454.176 
664 461 755 428 814 454 
663.255 459.779 754.727 425.357 813.92 453.543 
663.242 459.748 754.587 423.733 813.173 453.137 
663.228 459.684 754.201 420.957 811.732 452.797 
663.206 459.654 754.027 419.833 811.117 452.731 
663.203 459.599 752.36 418.531 810.278 452.526 
663.147 459.571 752.992 416.013 808.831 452.366 
663.132 459.56 752.833 415.16 808.307 452.299 
662.96 459.558 752.591 413.862 807.401 452.288 
662.96 459.579 750.807 412.2 805.925 452.231 
663.025 459.588 750.531 411.347 805.459 452.193 
662.966 459.587 751.272 409.843 804.444 452.226 
662.963 459.57 750.715 407.562 802.864 452.174 
662.954 459.565 750.091 406.857 801.98 452.249 
662.926 459.54 749.688 405.572 801.946 451.865 
662.887 459.52 747.612 403.962 799.077 452.545 
662.851 459.446 748.363 402.987 798.527 452.531 
662.838 459.432 747.935 401.821 797.33 452.645 
662.772 459.384 746.901 400.183 795.605 452.73 
662.759 459.343 746.568 399.58 794.966 452.749 
662.747 459.329 746.161 398.509 794.753 452.551 
662.73 459.296 745.052 397.078 793.109 452.748 
662.724 459.29 744.898 396.799 791.744 453.239 
662.715 459.267 744.241 395.561 791.337 452.947 
662.744 459.151 743.137 394.094 788.689 453.375 
662.744 459.146 742.959 393.859 789.173 453.026 
662.74 459.142 741.976 392.743 787.016 453.446 
662.713 459.122 739.641 391.76 786.039 453.173 
662.713 459.113 739.381 391.423 785.695 453.175 
662.677 459.104 739.884 390.072 784.091 453.458 
662.642 459.109 738.656 388.755 781.838 453.663 
662.619 459.099 738.467 388.533 781.511 453.657 
662.587 459.101 737.386 387.443 779.86 453.74 
662.526 459.098 735.175 386.552 777.645 453.862 
662.618 459.067 736.386 386.026 777.299 453.855 
662.558 459.095 735.588 385.368 775.861 454.023 
662.547 459.134 733.391 384.826 774.211 454.331 
662.557 459.144 734.708 384.364 773.931 454.369 
662.558 459.179 733.987 383.63 772.496 454.502 
662.558 459.218 732.988 382.88 770.52 454.648 
662.564 459.226 732.799 382.703 769.991 454.648 
662.559 459.268 732.241 381.788 768.389 454.804 
662.534 459.274 731.076 380.95 766.411 454.831 
662.512 459.287 730.952 380.713 765.778 454.979 
662.474 459.283 729.959 380.03 764.215 455.002 
662.417 459.282 729.248 379.256 762.482 455.038 
662.394 459.29 727.612 379.4 762.222 455.042 
662.356 459.277 728.392 378.713 761.086 455.057 
662.352 459.275 727.997 378.292 760.229 455.096 
662.343 459.282 727.926 378.198 760.026 455.116 
662.364 459.305 727.66 377.928 759.213 455.235 
662.394 459.32 726.956 377.61 757.966 455.348 
662.396 459.334 726.885 377.535 757.767 455.303 
662.431 459.357 726.397 377.024 756.515 455.37 
662.456 459.409 725.454 376.329 754.875 455.25 
662.464 459.412 725.319 376.181 754.69 455.226 
662.403 459.626 724.368 375.759 753.437 455.104 
662.355 459.691 723.571 375.157 752.245 454.867 
662.343 459.696 723.427 375.049 752.069 454.821 
662.293 459.715 722.605 374.744 751.564 454.604 
662.249 459.716 722.229 374.305 750.934 454.702 
662.241 459.708 722.191 374.284 750.864 454.721 
662.227 459.696 722.128 374.251 750.754 454.762 
662.207 459.625 722.283 374.351 750.863 454.884 
662.231 459.625 722.348 374.378 751.007 454.891 
662.244 459.506 722.529 374.651 751.104 455.193 
662.277 459.494 721.658 375.115 751.259 455.441 
662.266 459.492 723.139 374.841 751.287 455.48 
662.283 459.478 721.877 375.25 751.494 455.592 
662.286 459.484 722.087 375.294 751.683 455.833 
662.269 459.486 723.526 375.03 751.724 455.873 
662.244 459.465 723.573 375.199 751.898 456.006 
662.221 459.428 723.773 375.17 752.143 456.171 
662.208 459.425 723.818 375.195 752.204 456.223 
662.206 459.334 723.953 375.376 752.797 456.114 
662.198 459.277 723.03 375.814 753.452 456.215 
662.187 459.271 723.049 375.904 753.649 456.194 
662.16 459.211 724.876 375.915 754.631 456.078 
662.148 459.18 725.339 376.402 756.087 456.04 
662.137 459.194 725.456 376.558 756.296 456.101 
662.152 459.161 726.215 376.882 757.546 456.06 
662.168 459.142 726.863 377.586 759.092 456.067 
662.186 459.139 726.973 377.8 759.339 456.113 
662.2 459.129 727.812 378.159 760.663 456.032 
662.218 459.113 728.377 378.838 762.299 455.871 
662.209 459.116 728.525 378.946 762.596 455.875 
662.225 459.117 729.354 379.658 763.309 455.929 
662.244 459.108 730.044 380.314 765.956 455.47 
662.242 459.109 730.158 380.468 766.29 455.481 
662.231 459.111 731.072 381.011 767.828 455.407 
662.253 459.103 731.494 381.737 769.057 455.335 
662.278 459.096 732.507 382.516 771.132 455.059 
662.292 459.084 732.805 382.893 771.806 455.001 
662.293 459.069 733.312 383.583 773.064 454.826 
662.32 459.067 734.373 384.495 775.265 454.652 
662.321 459.097 734.729 385.027 775.991 454.596 
662.34 459.116 735.453 385.565 777.25 454.504 
662.375 459.141 736.212 386.782 779.143 454.224 
662.386 459.16 736.759 387.083 779.361 454.372 
662.388 459.178 737.195 387.693 781.154 453.964 
662.438 459.194 738.184 388.739 782.972 453.802 
662.439 459.203 738.513 389.104 783.459 453.759 
662.458 459.211 738.921 389.904 784.581 453.719 
662.478 459.24 740.022 390.785 786.183 453.647 
662.491 459.262 740.136 391.357 785.953 453.926 
662.505 459.279 740.55 392.034 787.791 453.393 
662.536 459.325 741.556 393.244 788.767 453.479 
662.536 459.346 741.846 393.748 790.398 453.14 
662.567 459.375 742.499 394.419 791.396 453.102 
662.622 459.46 743.283 395.766 793.014 453.046 
662.622 459.477 743.564 396.411 792.832 453.31 
662.628 459.499 742.925 397.472 793.78 453.263 
662.655 459.684 744.98 398.485 796.168 452.875 
662.658 459.704 745.244 398.937 795.883 453.041 
662.678 459.734 744.526 400.085 797.741 452.649 
662.682 459.765 746.6 401.288 799.308 452.429 
662.692 459.784 746.852 401.859 798.895 452.725 
662.698 459.8 746.104 402.945 800.672 452.285 
662.822 459.82 748.087 403.915 801.056 452.566 
662.755 459.83 748.286 404.497 801.529 452.544 
662.831 459.852 748.613 405.153 801.947 452.572 
662.848 459.877 749.254 406.218 803.013 452.471 
662.852 459.879 749.382 406.573 803.274 452.467 
662.791 459.954 749.62 407.16 803.685 452.51 
662.796 459.974 749.949 408.279 804.658 452.288 
662.806 459.974 750.044 408.606 804.887 452.28 
662.803 459.98 749.192 409.537 805.702 452.03 
662.884 459.939 750.863 410.341 806.29 452.096 
662.82 459.98 749.683 411.162 806.545 452.136 
662.913 459.927 751.163 411.67 807.377 452.029 
662.916 459.917 751.559 413.149 808.084 452.08 
662.895 459.894 751.705 413.623 808.671 452.036 
662.911 459.888 752.243 414.549 809.143 452.17 
662.906 459.879 752.586 416.358 810.274 452.254 
662.904 459.868 752.788 417.027 810.51 452.389 
662.917 459.847 753.053 418.258 811.065 452.53 
662.936 459.842 752.334 420.762 812.246 452.894 
662.919 459.846 752.578 421.688 812.207 453.18 
662.963 459.839 754.16 422.873 813.499 453.253 
662.956 459.809 754.482 425.642 814.684 453.67 
662.973 459.782 754.623 426.691 815.03 453.834 
662.944 459.807 753.594 428.785 815.696 454.142 
662.936 459.764 753.989 431.882 816.837 454.327 
662.95 459.747 755.167 432.754 816.965 454.621 
662 461 755 436 816 455 
663.203 459.62 754.399 437.236 818.191 455.574 
663.23 459.585 754.411 438.089 818.29 455.741 
663.284 459.425 754.516 439.069 818.391 455.998 
663.325 459.343 754.538 440.173 818.506 456.22 
663.302 459.321 754.532 440.363 818.515 456.279 
663.218 459.293 754.551 440.598 818.573 456.321 
663.196 459.258 754.542 440.81 818.635 456.389 
663.277 459.256 754.58 440.898 818.66 456.436 
663.164 459.24 754.623 441.082 818.717 456.52 
662 461 756 441 819 459 
664 459 752 443 819 454 
663.207 459.244 754.863 442.086 819.603 457.012 
663.239 459.229 756.26 441.909 819.717 457.101 
663.238 459.23 756.293 441.901 819.754 457.101 
663.246 459.231 756.315 441.855 819.743 457.112 
663.267 459.28 756.312 441.847 819.736 457.096 
663.268 459.29 756.31 441.865 819.745 457.089 
663.277 459.311 756.31 441.904 819.731 457.112 
663.38 459.335 756.319 441.984 819.777 457.165 
663.384 459.331 756.338 442.002 819.836 457.168 
663.377 459.348 756.355 442.054 819.834 457.236 
663.403 459.351 756.426 442.152 819.898 457.288 
663.408 459.365 756.44 442.193 819.917 457.317 
663.405 459.372 756.45 442.215 819.92 457.348 
663.421 459.398 756.484 442.246 819.946 457.363 
663.405 459.404 756.491 442.257 819.958 457.365 
