730.001 475.213 853.271 462.757 978.021 498.137 
729.999 475.208 853.266 462.191 977.9 498.042 
730.007 475.222 853.21 461.424 977.791 497.924 
730.012 475.24 852.807 460.029 977.538 497.709 
736 479 855 461 982 499 
730.023 475.29 852.875 458.544 977.83 497.743 
729.994 475.477 852.578 456.582 977.099 497.191 
729.991 475.576 852.198 455.716 976.81 496.955 
729.975 475.591 851.886 454.052 975.958 496.424 
733 478 855 451 979 494 
729.862 475.679 851.039 450.276 974.435 495.307 
729.798 475.708 850.339 449.037 973.363 494.908 
729.567 475.777 850.117 447.545 971.738 494.375 
729.526 475.895 849.828 446.754 971.123 494.257 
729.498 475.922 849.567 446.027 971.014 494.547 
729.478 475.981 848.94 443.926 969.765 494.325 
729.48 475.992 848.594 442.893 969.395 494.454 
729.48 475.995 847.511 440.824 967.913 493.989 
729.467 475.958 846.7 437.441 965.297 493.459 
729.462 475.959 846.035 436.336 964.214 493.243 
729.427 475.973 845.347 434.589 962.865 493.285 
729.328 476.022 844.435 432.053 960.123 492.784 
729.238 476.01 844.361 431.94 959.528 493.065 
729.211 476.024 843.331 430.685 958.181 493.188 
729.197 476.006 842.657 429.383 956.403 493.196 
729.182 476.011 842.272 428.987 955.833 493.284 
729.193 476.009 841.864 428.295 955.005 493.386 
729.215 476.035 841.088 426.681 953.08 493.244 
729.219 476.029 841.319 426.387 952.372 493.323 
729.176 476.038 840.513 424.917 951.108 493.174 
729.159 476.061 839.265 423.025 948.701 493.075 
729.152 476.063 838.903 422.361 947.757 492.932 
729.128 476.062 838.826 421.697 946.464 493.046 
729.12 476.063 837.414 419.852 944.305 492.965 
729.11 476.054 837.145 419.039 943.253 492.877 
729.116 476.011 836.55 418.177 941.861 492.722 
729.157 475.925 835.595 416.514 939.42 492.518 
729.173 475.825 835.181 415.928 938.517 492.482 
729.218 475.773 834.643 414.745 936.976 492.329 
729.231 475.687 833.858 413.122 934.53 492.151 
729.273 475.662 833.176 412.595 933.418 492.026 
729.255 475.639 832.564 411.826 932.068 492.022 
729.229 475.619 831.889 410.515 929.775 492.198 
729.191 475.616 831.272 410.122 928.957 492.051 
729.214 475.605 830.704 409.308 927.542 492.17 
729.12 475.449 829.677 408.286 925.291 492.158 
729.124 475.438 829.226 407.916 924.308 492.136 
729.136 475.417 828.782 407.194 922.918 492.12 
729.167 475.387 827.435 406.23 920.589 492.162 
729.159 475.383 826.942 405.756 919.485 492.041 
729.165 475.393 826.357 404.988 917.993 492.22 
729.124 475.372 825.068 403.859 915.355 492.289 
729.096 475.344 824.39 403.626 914.276 492.185 
729.093 475.335 823.704 402.959 912.829 492.206 
729.029 475.19 822.52 401.789 910.429 492.0 
729.03 475.184 822.136 401.59 909.506 491.931 
729.039 475.169 821.514 401.084 908.128 491.864 
729.039 475.153 820.151 399.849 905.704 491.545 
729.029 475.141 820.049 399.474 904.661 491.58 
729.016 475.121 819.577 398.688 903.178 491.196 
729.015 475.109 818.623 397.708 900.772 490.837 
728.983 475.095 818.254 397.299 899.997 490.883 
729.008 474.982 817.708 396.523 898.586 490.591 
729.003 474.934 816.873 395.804 896.598 490.415 
729.001 474.911 816.568 395.531 895.849 490.38 
729.059 474.918 816.158 394.879 894.799 490.187 
729.051 474.899 815.276 394.253 892.87 490.17 
729.047 474.895 814.94 393.846 891.844 490.006 
729.045 474.859 814.997 393.612 890.62 489.923 
729.069 474.774 813.457 392.246 888.247 489.365 
729.068 474.722 813.309 391.77 887.253 489.198 
729.051 474.661 812.484 391.133 885.702 488.823 
729.0 474.582 811.468 390.037 883.259 488.536 
728.979 474.548 811.007 389.68 882.044 488.277 
729.005 474.472 810.173 389.03 880.492 488.108 
728.967 474.38 808.959 388.086 877.951 487.707 
728.911 474.224 808.573 387.729 876.745 487.225 
728.919 474.12 807.944 387.383 875.548 487.398 
728.82 474.075 807.088 386.565 872.821 486.724 
728.825 474.069 806.655 386.136 872.221 486.52 
728.755 473.932 805.882 385.757 870.606 486.316 
728.767 473.921 804.533 385.016 868.15 485.892 
728.751 473.92 804.267 384.846 867.885 485.79 
728.737 473.905 803.294 383.906 865.665 485.441 
728.68 473.91 801.802 383.334 863.162 485.046 
728.567 473.917 801.513 383.165 862.537 485.005 
728.482 474.016 800.975 383.031 860.921 484.787 
728.336 474.037 799.372 382.553 859.36 484.656 
728.337 474.128 799.16 382.485 859.12 484.619 
728.297 474.161 798.516 382.067 858.062 484.444 
728.24 474.188 797.764 381.784 856.809 484.346 
728.204 474.194 797.628 381.732 856.572 484.294 
728.172 474.216 797.086 381.539 855.688 484.106 
728.128 474.257 796.429 381.351 854.952 484.038 
728.105 474.26 796.361 381.322 854.815 484.015 
728.069 474.286 796.263 381.221 854.34 484.112 
728.075 474.298 796.592 381.352 854.37 484.304 
728.07 474.287 796.655 381.376 854.406 484.391 
728.113 474.257 796.962 381.375 854.458 484.581 
728.19 474.169 797.245 381.381 854.413 484.594 
728.243 474.13 797.271 381.363 854.403 484.57 
728.258 474.076 797.268 381.147 854.29 484.444 
728.285 474.086 797.089 381.035 854.132 484.239 
728.27 474.086 796.987 381.011 854.069 484.18 
728.255 474.117 796.511 380.845 853.436 483.672 
728.227 474.224 795.637 380.071 852.068 483.114 
728.185 474.222 795.157 379.898 851.328 482.944 
728.12 474.223 794.299 379.626 850.404 482.59 
728.024 474.265 793.566 379.458 849.325 482.59 
728.005 474.269 793.579 379.494 849.245 482.666 
727.928 474.31 794.231 379.902 849.337 483.48 
727.91 474.399 795.225 380.899 849.995 484.726 
727.913 474.409 795.422 381.013 850.134 485.004 
727.965 474.44 795.879 381.407 850.541 485.335 
728.032 474.387 796.087 381.291 850.469 485.294 
728.046 474.378 796.082 381.268 850.432 485.289 
728.069 474.339 796.252 381.248 850.446 485.312 
728.053 474.337 796.853 381.389 850.834 485.538 
728.041 474.339 797.245 381.798 850.94 485.608 
728.043 474.351 797.682 381.994 851.32 485.84 
728.064 474.34 797.797 381.806 851.675 486.01 
728.069 474.312 797.897 381.817 851.693 486.146 
728.099 474.275 798.319 381.905 851.842 486.222 
728.143 474.245 798.652 381.971 851.798 486.279 
728.144 474.237 798.835 381.897 851.814 486.278 
728.147 474.234 799.028 381.824 851.903 486.297 
728.133 474.258 799.375 381.958 852.697 486.27 
728.126 474.256 799.49 382.103 852.951 486.127 
728.112 474.297 800.099 382.392 854.189 486.225 
728.029 474.265 800.515 382.667 855.435 486.415 
728.091 474.371 800.794 382.795 856.175 486.514 
728.016 474.284 801.215 382.942 857.252 486.46 
728.029 474.277 801.976 383.352 858.68 486.579 
728.069 474.294 802.135 383.449 858.976 486.613 
728.076 474.285 802.847 383.597 860.163 486.691 
728.104 474.303 803.354 383.872 861.607 486.843 
728.098 474.307 803.469 383.99 861.882 486.864 
728.092 474.328 803.983 384.374 863.004 486.968 
728.085 474.355 804.595 384.88 864.449 487.077 
728.059 474.358 804.726 384.944 864.839 487.094 
728.057 474.374 805.445 385.253 866.146 487.236 
728.086 474.377 806.299 385.718 868.026 487.262 
728.082 474.36 806.595 385.767 868.457 487.295 
728.094 474.379 807.76 386.731 869.868 487.413 
728.118 474.408 807.975 386.876 871.844 487.648 
728.143 474.419 808.129 386.964 872.181 487.498 
728.138 474.456 808.794 387.48 873.578 487.758 
728.15 474.467 809.622 387.844 875.219 487.876 
728.143 474.465 809.946 388.041 876.269 487.864 
728.148 474.48 810.362 388.539 877.165 487.941 
728.158 474.481 811.192 389.235 878.858 488.073 
728.152 474.465 811.388 389.283 879.301 488.101 
728.174 474.485 811.915 389.603 880.548 488.268 
728.209 474.471 812.597 390.087 882.052 488.351 
728.201 474.468 812.717 390.168 882.284 488.36 
728.221 474.472 813.18 390.707 883.674 488.438 
728.227 474.457 813.738 391.11 885.052 488.795 
728.233 474.466 813.832 391.194 884.986 488.554 
728.221 474.48 814.271 391.534 885.965 488.604 
728.196 474.501 814.973 392.088 887.49 488.571 
728.195 474.508 815.218 392.154 887.998 488.553 
728.19 474.528 816.01 392.993 889.09 488.609 
728.168 474.557 816.175 393.298 890.988 488.674 
728.153 474.554 816.319 393.408 891.088 488.674 
728.147 474.648 816.939 393.822 892.724 488.737 
728.158 474.654 818.355 394.93 894.342 488.742 
728.167 474.656 818.187 394.724 895.005 489.019 
728.177 474.644 818.865 395.02 896.115 488.772 
728.219 474.544 819.555 395.699 898.011 488.831 
728.22 474.515 819.728 395.832 898.345 488.862 
728.278 474.479 820.292 396.217 899.31 488.907 
728.331 474.459 820.996 397.025 901.26 489.363 
728.299 474.454 821.11 397.123 901.104 488.946 
728.326 474.441 822.068 397.838 902.626 488.831 
728.32 474.464 822.174 398.1 903.935 488.656 
728.282 474.469 822.304 398.215 904.325 488.654 
728.252 474.497 822.681 398.937 905.701 488.603 
728.349 474.652 823.498 399.633 908.217 488.982 
728.352 474.66 823.699 399.79 908.17 488.58 
728.337 474.694 824.229 400.793 910.356 488.995 
728.31 474.748 825.252 401.707 912.572 488.917 
728.315 474.752 825.42 401.917 912.983 488.944 
728.317 474.775 825.916 402.811 914.68 488.96 
728.339 474.802 826.91 403.699 916.46 488.599 
728.294 474.751 827.044 403.849 916.967 489.042 
728.334 474.751 827.829 405.009 918.263 489.012 
728.402 474.782 827.973 405.288 919.778 489.158 
728.344 474.786 828.064 405.42 920.062 489.175 
728.332 474.787 828.686 406.036 921.201 489.186 
728.327 474.787 829.086 407.04 922.776 489.257 
728.321 474.789 829.49 407.115 923.293 489.332 
728.332 474.793 829.853 407.863 924.61 489.287 
728.363 474.829 830.781 409.265 926.911 489.102 
728.332 474.782 831.028 409.532 927.399 489.143 
728.397 474.784 832.016 410.493 929.215 489.03 
728.411 474.81 832.937 411.947 931.71 489.106 
728.421 474.792 833.161 412.242 932.212 489.107 
728.447 474.808 833.9 413.427 934.067 489.134 
728.473 474.807 834.706 414.755 936.225 489.325 
728.485 474.813 834.882 415.035 936.605 489.333 
728.477 474.813 835.61 416.002 938.084 489.244 
728.49 474.839 836.32 417.415 940.388 489.324 
728.473 474.831 836.916 418.036 940.42 489.11 
728.494 474.865 837.015 418.917 942.191 489.286 
728.473 474.875 837.753 420.644 944.141 489.239 
728.484 474.876 837.945 420.992 944.587 489.317 
728.545 474.949 839.152 422.607 946.115 489.336 
728.494 474.925 839.296 423.721 948.063 489.617 
728.554 474.976 839.423 423.962 948.33 489.583 
728.571 474.999 840.304 425.528 949.612 489.819 
728.555 475.039 840.189 426.502 950.955 489.891 
728.536 475.025 840.311 426.716 951.205 489.938 
728.514 475.06 840.639 427.539 952.017 490.012 
728.506 475.322 840.992 428.658 953.192 490.242 
728.509 475.315 841.077 428.825 953.393 490.251 
728.514 475.317 841.628 429.625 954.219 490.207 
728.524 475.061 841.992 430.922 955.602 490.234 
728.534 475.061 842.134 431.216 955.925 490.239 
728.567 475.052 843.339 432.852 957.315 490.371 
728.588 475.05 844.048 434.535 959.008 490.496 
728.597 475.044 843.691 434.569 959.389 490.559 
728.656 475.046 844.32 435.851 960.804 490.851 
728.701 475.009 844.899 437.497 962.125 490.876 
728.711 474.996 845.006 437.726 962.362 490.914 
728.736 474.999 845.305 439.051 963.327 491.281 
728.721 475.008 846.188 440.847 964.718 491.461 
728.728 475.024 846.261 441.18 964.625 491.436 
728.703 475.043 846.372 442.334 965.716 491.447 
728.596 475.143 846.935 444.4 967.318 492.034 
728.606 475.154 846.842 445.092 967.607 492.101 
728.627 475.157 847.861 446.998 968.601 492.218 
728.682 475.127 847.985 448.337 969.919 492.192 
728.701 475.123 848.025 448.842 970.126 492.215 
728.775 475.0 848.644 450.067 970.739 492.363 
733 476 852 454 978 493 
734 475 855 452 977 493 
729.004 474.939 849.739 453.289 972.108 492.315 
729.044 474.928 850.4 455.301 973.069 492.951 
729.047 474.929 850.287 455.661 973.316 493.268 
729.062 474.926 850.293 456.6 974.087 493.593 
729.083 474.944 851.105 459.023 975.0 493.962 
729.104 475.029 851.195 459.444 975.2 494.07 
729.139 475.035 851.495 461.02 975.191 494.106 
729.18 474.912 851.273 462.331 975.823 494.52 
729.191 474.898 851.758 463.103 975.999 494.612 
729.465 474.955 851.441 463.745 976.565 494.94 
729.641 474.913 851.682 464.673 976.97 495.302 
729.662 474.899 852.175 465.202 976.974 495.362 
729.67 474.803 851.725 465.361 977.123 495.96 
729.784 474.77 851.827 465.634 977.184 496.038 
729.782 474.773 851.833 465.657 977.176 496.039 
729.822 474.74 851.882 465.683 977.153 495.968 
736 474 854 467 984 498 
729.843 474.73 851.89 465.653 977.179 495.739 
729.832 474.737 851.834 465.492 977.226 496.057 
729.799 474.783 851.774 465.239 977.132 496.196 
729.771 474.781 851.77 465.17 977.069 496.203 
729.757 474.819 851.796 464.467 976.96 496.215 
729.752 474.894 851.841 463.296 976.712 496.06 
729.698 474.866 852.006 462.767 976.477 495.728 
729.714 474.94 851.705 461.515 975.998 495.309 
729.76 475.074 851.48 459.512 975.28 494.663 
729.76 475.089 851.994 459.427 975.152 494.59 
729.753 475.086 851.207 457.549 975.297 494.664 
729.743 475.1 850.902 455.656 974.392 494.27 
729.743 475.105 850.827 455.229 974.271 494.2 
729.738 475.121 850.559 453.654 973.537 493.868 
729.704 475.13 850.192 451.697 972.969 493.719 
729.7 475.134 850.128 451.368 972.759 493.617 
729.62 475.136 849.836 449.705 971.951 493.296 
734 477 855 445 978 492 
734 476 851 445 974 492 
729.56 475.144 848.857 445.28 969.384 492.014 
729.485 475.029 848.823 443.187 968.503 491.747 
729.498 475.026 848.698 442.633 968.146 491.685 
729.508 475.016 847.824 440.151 966.623 491.28 
729.501 474.995 847.366 438.408 964.796 491.057 
729.487 474.99 846.889 437.488 964.409 490.98 
729.466 474.983 846.242 435.898 963.177 491.042 
729.26 474.929 845.346 434.084 961.309 490.799 
729.253 474.941 845.232 433.794 960.857 490.621 
729.225 474.962 845.208 432.963 960.051 490.828 
729.225 474.974 844.122 430.915 958.116 490.612 
729.224 474.977 844.276 431.096 957.721 490.677 
729.214 474.971 843.458 429.443 956.474 490.731 
729.218 474.979 842.703 427.728 954.496 490.505 
729.209 474.973 842.376 427.459 954.16 490.495 
729.199 474.985 842.216 426.35 952.529 490.343 
729.218 475.126 840.871 423.757 950.235 490.16 
729.23 475.121 840.473 423.48 949.585 490.033 
729.19 474.978 839.644 421.69 947.554 489.884 
729.171 474.932 838.622 419.503 944.747 489.623 
729.179 474.938 838.065 419.131 943.977 489.497 
729.187 474.924 837.025 417.281 941.457 489.307 
729.194 474.919 835.455 415.029 937.99 489.095 
729.181 474.901 835.279 414.634 937.662 489.202 
729.165 474.899 834.205 412.603 934.746 489.027 
729.165 475.039 832.374 410.758 931.228 488.929 
729.16 475.033 832.058 410.444 930.448 488.776 
729.128 475.047 831.127 408.994 927.891 488.731 
729.084 475.053 829.882 407.765 925.659 488.826 
729.107 475.058 829.387 407.206 924.428 488.749 
729.056 475.055 829.065 406.853 922.497 489.088 
729.073 475.051 827.669 405.41 920.062 489.412 
729.056 475.043 827.369 405.27 919.668 489.439 
729.07 475.046 826.671 404.627 918.016 489.441 
729.094 474.97 825.932 404.052 916.517 489.606 
729.066 475.06 825.808 403.517 915.699 489.534 
729.057 475.067 825.604 403.508 914.574 489.585 
729.041 475.072 824.26 402.258 912.691 489.576 
729.051 475.072 823.804 401.926 911.894 489.516 
729.036 475.082 823.551 401.298 910.528 489.334 
729.026 475.087 822.401 400.418 908.404 489.247 
729.024 475.077 822.049 400.063 907.617 489.141 
729.006 475.062 821.656 399.385 906.42 489.046 
729.022 474.994 820.825 398.649 904.461 488.964 
729.0 475.077 820.306 398.368 903.472 488.859 
728.988 475.086 819.737 397.966 902.457 488.706 
728.999 474.973 819.293 397.033 900.837 488.51 
728.999 474.977 818.991 396.846 900.017 488.393 
728.979 474.99 818.179 396.329 898.662 488.294 
728.951 475.089 817.689 395.536 897.105 488.149 
728.952 475.095 817.36 395.117 896.016 487.609 
728.964 475.095 816.602 394.619 894.954 487.792 
728.833 474.976 816.121 393.999 892.311 487.582 
728.933 474.975 815.155 393.234 890.926 487.213 
728.926 474.982 814.396 392.559 889.56 487.379 
728.925 474.957 812.998 391.337 886.19 486.623 
728.996 474.96 812.424 390.906 885.464 486.723 
728.98 474.943 811.708 390.256 883.615 486.518 
728.947 474.902 810.067 389.022 880.109 485.864 
728.934 474.904 809.535 388.783 878.914 485.686 
728.904 474.909 808.66 388.189 877.392 485.502 
728.729 474.929 807.681 387.457 875.245 485.183 
728.729 474.931 807.163 387.095 874.493 485.021 
728.72 474.932 806.606 386.77 873.284 484.894 
728.708 474.915 806.072 386.401 871.25 484.592 
728.747 474.902 805.078 385.745 870.315 484.493 
728.723 474.9 804.35 385.278 869.01 484.226 
728.687 474.897 803.059 384.71 866.668 483.831 
728.666 474.897 802.547 384.363 865.734 483.721 
728.636 474.906 802.394 384.255 864.372 483.465 
728.53 474.9 800.681 383.252 862.311 483.149 
728.494 474.89 800.249 382.966 861.523 482.996 
728.476 474.898 799.59 382.784 860.447 482.774 
728.44 474.864 798.849 382.157 858.991 482.403 
728.438 474.858 798.614 381.897 858.568 482.312 
728.383 474.851 798.807 382.147 858.023 482.178 
728.433 474.826 797.813 381.614 857.189 481.994 
728.477 474.866 797.736 381.555 856.94 481.99 
728.47 474.842 797.62 381.463 856.611 481.938 
728.417 474.837 797.344 381.133 856.096 481.732 
728.454 474.836 797.467 380.976 855.891 481.692 
728.371 474.805 797.134 381.012 855.516 481.584 
728.418 474.752 797.075 380.862 855.17 481.451 
728.44 474.698 797.157 380.722 855.108 481.434 
728.413 474.694 797.278 380.91 855.208 481.6 
728.474 474.635 798.061 381.148 855.66 482.138 
728.482 474.58 798.39 381.363 855.61 482.469 
728.534 474.568 799.023 381.724 855.778 483.168 
728.628 474.563 799.527 381.83 855.877 483.634 
728.65 474.567 799.603 381.837 856.139 483.633 
728.642 474.572 799.739 381.878 855.973 483.711 
728.643 474.638 800.014 381.943 856.089 483.806 
728.624 474.637 800.153 382.04 856.128 483.865 
728.593 474.636 800.344 382.094 856.205 483.968 
728.595 474.651 800.651 382.259 856.383 484.232 
728.587 474.63 800.862 382.28 856.522 484.291 
728.584 474.629 801.013 382.339 856.656 484.364 
728.574 474.597 801.262 382.374 856.885 484.479 
728.599 474.604 801.349 382.398 856.965 484.523 
728.579 474.598 801.481 382.435 857.086 484.632 
728.576 474.636 801.833 382.568 857.424 484.925 
728.555 474.668 801.701 382.731 857.654 484.888 
728.511 474.723 801.851 382.8 858.037 484.907 
728.446 474.803 802.173 382.943 858.985 484.868 
728.439 474.808 802.327 383.009 859.336 484.83 
728.422 474.835 802.624 383.245 859.899 484.854 
728.438 474.831 803.198 383.439 860.947 484.91 
728.44 474.84 803.388 383.519 861.393 484.945 
728.454 474.818 803.758 383.675 862.138 485.011 
728.489 474.773 804.482 383.822 863.411 485.107 
728.549 474.74 804.91 383.952 864.091 485.165 
728.595 474.702 805.316 384.198 864.877 485.247 
728.6 474.668 805.813 384.451 865.956 485.258 
728.609 474.681 806.127 384.498 866.341 485.128 
728.617 474.673 806.289 384.586 866.828 485.097 
728.593 474.696 806.476 384.667 867.462 485.058 
728.578 474.702 806.559 384.746 868.045 485.008 
728.501 474.762 807.191 385.434 868.458 485.07 
728.503 474.804 807.037 385.499 869.587 485.245 
728.475 474.797 807.121 385.556 869.995 485.16 
728.493 474.8 807.406 385.739 870.477 485.171 
728.498 474.778 807.968 385.973 871.797 485.291 
728.536 474.789 808.101 386.101 872.226 485.31 
728.549 474.807 808.599 386.742 872.624 485.33 
728.539 474.823 808.512 386.51 873.495 485.479 
728.53 474.822 808.609 386.67 874.009 485.502 
728.523 474.841 808.859 386.999 874.273 485.64 
728.513 474.857 809.264 387.334 875.291 485.716 
728.507 474.847 809.419 387.48 875.735 485.76 
728.522 474.837 810.05 387.693 876.793 485.795 
728.538 474.791 810.471 387.961 878.091 485.951 
728.538 474.794 810.59 388.021 878.432 485.996 
728.574 474.772 811.092 388.305 879.19 486.009 
728.654 474.727 811.558 388.87 880.408 486.159 
728.666 474.727 811.764 388.99 880.849 486.241 
728.678 474.722 812.126 389.241 881.805 486.217 
728.807 474.787 812.609 389.465 882.809 486.28 
728.774 474.789 812.86 389.673 883.338 486.398 
728.766 474.796 813.284 389.944 884.303 486.257 
728.663 474.744 814.055 390.39 885.937 486.523 
728.792 474.806 814.284 390.737 886.553 486.392 
728.804 474.779 814.424 391.101 887.973 486.795 
728.85 474.767 815.218 391.742 889.205 486.799 
728.832 474.769 815.649 391.981 890.06 486.985 
728.848 474.789 816.087 392.299 890.651 487.339 
728.841 474.803 816.501 393.125 892.117 487.803 
728.851 474.813 816.77 393.318 892.558 487.863 
728.858 474.835 817.195 393.529 893.405 487.797 
728.836 474.847 817.893 394.243 894.738 487.811 
728.741 474.855 818.063 394.59 895.306 487.902 
728.726 474.863 817.809 394.547 895.648 487.82 
728.682 474.893 818.333 395.003 897.205 487.916 
728.687 474.889 818.581 395.228 897.488 487.85 
728.728 474.884 819.246 395.652 898.989 488.045 
728.747 474.893 819.969 396.095 900.002 488.036 
728.735 474.881 820.026 396.55 900.721 488.064 
728.754 474.877 820.701 397.103 902.219 488.09 
728.858 474.872 821.662 397.629 903.989 488.132 
728.779 474.865 822.011 397.894 904.638 488.153 
728.882 474.863 822.486 398.34 905.86 488.162 
728.888 474.86 823.076 399.279 907.917 487.998 
728.893 474.868 823.368 399.599 908.943 488.068 
728.793 474.882 824.448 400.597 910.153 487.938 
728.776 474.901 824.64 401.017 912.316 488.362 
728.771 474.909 824.938 401.372 912.744 488.024 
728.772 474.926 825.541 401.903 914.388 488.486 
728.781 474.942 826.385 403.038 916.551 488.463 
728.758 474.945 826.755 403.402 917.17 488.144 
728.769 474.955 827.407 404.226 919.22 488.525 
728.783 474.967 829.006 405.948 921.918 488.358 
728.816 474.933 829.23 406.027 923.059 488.187 
728.92 474.941 829.702 407.153 924.953 488.345 
728.83 474.946 830.927 408.724 927.74 488.361 
728.761 474.924 831.361 409.348 928.946 488.453 
728.771 474.94 831.941 410.363 930.593 488.526 
728.762 474.975 832.978 411.677 933.062 488.71 
728.784 474.969 833.266 412.455 933.972 488.681 
728.737 475.072 833.815 413.312 935.458 488.816 
728.769 475.08 834.602 414.794 937.758 488.685 
728.733 475.104 834.942 415.331 938.408 488.411 
728.751 475.126 835.409 416.476 939.986 488.571 
728.722 475.151 836.939 418.468 942.418 488.61 
728.716 475.162 836.828 418.858 943.412 488.589 
728.733 475.173 837.385 420.018 944.965 488.703 
728.731 475.175 838.683 421.815 947.453 488.705 
728.74 475.18 838.813 422.593 948.486 488.797 
728.742 475.268 839.618 423.681 949.717 488.601 
728.788 475.161 840.773 425.545 951.985 488.551 
728.81 475.144 841.129 426.379 953.005 488.824 
728.828 475.151 841.68 427.503 954.243 488.908 
728.85 475.158 842.338 429.184 955.851 489.25 
728.852 475.15 842.642 429.698 956.546 489.298 
728.867 475.147 843.221 430.752 957.296 489.266 
728.968 475.123 843.864 432.418 959.01 489.554 
728.988 475.118 843.926 433.096 959.673 489.61 
728.996 475.122 844.53 434.132 960.603 489.69 
728.989 475.132 845.247 436.255 962.456 490.273 
729.003 475.153 845.284 437.263 962.926 490.29 
728.991 475.155 845.684 438.779 963.949 490.805 
729.041 475.313 846.371 441.249 965.672 491.537 
729.065 475.32 846.84 442.084 966.482 491.787 
728.907 475.29 847.258 443.602 967.464 492.134 
729.095 475.349 848.439 446.561 969.1 492.437 
729.085 475.346 848.708 447.476 969.693 492.506 
729.139 475.325 849.19 448.952 970.668 492.653 
729.201 475.317 849.96 451.29 971.753 493.005 
729.231 475.321 849.72 451.624 972.323 493.107 
729.274 475.302 850.593 453.088 972.413 492.801 
729.286 475.117 850.606 454.383 973.355 492.642 
729.268 474.991 850.708 455.231 973.741 492.712 
729.309 475.099 851.014 456.342 974.175 492.809 
729.331 475.096 851.467 458.465 974.945 493.041 
729.545 475.163 851.619 459.49 975.215 493.129 
729.562 475.164 851.906 460.425 975.737 493.279 
729.669 475.165 852.192 461.853 976.635 493.9 
729.695 475.161 852.26 462.067 976.77 493.976 
729.7 475.097 852.31 462.206 976.933 494.086 
729.718 475.069 852.273 462.204 976.88 494.119 
729.713 475.068 852.272 462.377 976.918 494.184 
729.695 475.068 852.252 462.561 976.92 494.241 
729.672 475.097 852.45 463.227 976.916 494.4 
729.68 475.11 852.276 463.505 976.942 494.456 
729.694 475.105 852.315 463.856 976.934 494.531 
729.754 475.096 852.355 463.961 976.981 494.616 
729.772 475.087 852.356 463.918 976.979 494.643 
729.768 475.06 852.356 463.772 976.988 494.679 
729.791 475.076 852.342 463.601 976.977 494.705 
729.76 475.082 852.313 463.514 976.937 494.712 
729.743 475.106 852.286 463.315 976.827 494.686 
729.723 475.126 852.483 462.669 976.678 494.697 
729.736 475.14 852.285 462.397 976.583 494.67 
729.736 475.151 852.244 461.56 976.313 494.594 
729.754 475.137 852.209 460.271 975.844 494.324 
729.742 475.133 852.158 459.996 975.705 494.239 
729.749 475.142 852.559 459.325 975.272 493.97 
729.725 475.162 851.767 457.572 974.705 493.706 
729.73 475.161 852.44 457.564 974.754 493.72 
729.739 475.172 851.736 456.039 974.711 493.753 
729.748 475.163 851.854 454.548 973.96 493.401 
729.743 475.164 851.701 453.805 973.523 492.983 
729.755 475.174 851.533 452.802 973.142 492.769 
729.739 475.183 851.256 451.155 972.242 492.095 
729.764 475.232 850.948 450.354 971.853 491.858 
729.723 475.203 850.448 449.253 972.088 491.964 
729.756 475.248 850.132 447.243 970.945 491.416 
729.762 475.25 849.993 446.12 970.153 491.099 
729.777 475.232 849.662 444.341 970.054 490.941 
729.783 475.16 848.813 441.173 968.144 490.4 
729.785 475.135 848.44 439.755 967.266 490.184 
729.799 475.097 847.805 437.78 965.587 489.778 
729.83 475.11 846.835 434.781 963.18 489.362 
729.812 475.106 846.174 433.803 962.178 489.318 
729.791 475.105 845.5 432.223 960.705 488.929 
729.748 475.131 844.863 430.462 958.239 488.922 
729.735 475.144 843.958 429.023 957.19 488.792 
729.705 475.156 843.282 427.671 955.755 488.824 
729.625 475.19 842.016 425.584 953.012 488.713 
729.682 475.2 841.345 424.802 951.979 488.646 
729.646 475.206 840.521 423.397 950.33 488.62 
729.573 475.237 839.839 421.943 947.655 488.814 
729.331 475.171 838.784 420.782 946.426 488.941 
729.305 475.197 837.986 419.504 944.543 488.83 
729.336 475.343 837.29 417.965 941.654 488.761 
729.321 475.328 836.466 416.813 940.444 488.786 
729.293 475.183 835.543 415.566 938.619 488.601 
729.519 475.222 834.793 413.908 935.821 488.862 
729.321 475.146 833.807 412.818 934.182 488.607 
729.462 475.086 833.16 411.564 932.384 488.716 
729.453 475.075 831.814 409.513 928.926 488.476 
729.461 475.063 831.106 408.846 927.573 488.363 
729.276 474.982 830.296 407.658 925.341 488.228 
729.262 474.99 829.011 406.123 921.725 488.125 
729.232 474.989 827.972 405.015 920.148 487.981 
729.219 474.994 826.729 404.077 917.701 487.99 
729.215 475.136 824.882 402.393 913.976 488.069 
729.168 475.126 824.07 401.757 912.322 487.911 
729.161 475.149 823.143 400.671 910.273 487.851 
729.1 475.172 821.436 399.576 906.685 487.379 
729.101 475.183 820.952 398.971 905.699 487.891 
729.098 475.305 820.016 398.359 903.913 488.122 
729.056 475.32 818.738 397.6 901.029 487.932 
728.911 475.294 818.298 397.206 900.009 487.894 
728.906 475.293 817.645 396.55 898.663 487.827 
728.847 475.329 816.633 395.802 896.18 487.762 
728.826 475.336 816.075 395.42 895.118 487.788 
728.825 475.352 815.429 394.522 893.313 487.67 
728.798 475.338 813.929 393.417 889.474 487.21 
728.788 475.334 813.571 392.791 888.245 486.894 
728.778 475.325 812.417 392.0 886.07 486.676 
728.734 475.306 810.687 390.574 882.496 486.696 
728.721 475.299 809.921 390.0 880.545 486.161 
728.698 475.282 809.089 389.147 878.83 486.124 
728.679 475.143 807.654 388.192 875.716 485.432 
728.712 475.129 807.23 387.864 874.517 485.342 
728.721 475.015 806.789 387.268 873.252 485.142 
728.809 474.995 805.387 386.564 870.951 484.864 
728.812 474.994 804.858 386.248 869.749 484.738 
728.85 474.967 804.601 386.116 868.47 484.472 
728.84 474.978 802.558 384.84 865.834 484.079 
728.716 474.977 801.869 384.561 864.536 483.945 
728.668 475.002 800.933 384.287 863.105 483.729 
728.657 475.208 799.407 383.67 860.879 483.517 
728.609 475.236 799.442 383.809 859.945 483.494 
728.542 475.353 798.451 383.284 858.988 483.353 
728.474 475.393 797.488 383.309 858.107 483.314 
728.482 475.401 797.33 383.271 857.859 483.332 
728.489 475.403 797.174 383.286 857.376 483.528 
728.529 475.405 796.845 383.176 857.09 483.51 
728.546 475.402 796.759 382.921 856.962 483.342 
728.565 475.381 796.561 382.693 856.59 483.151 
728.582 475.355 796.341 382.361 855.677 482.781 
728.564 475.343 796.005 382.196 855.347 482.552 
728.533 475.339 795.91 381.959 854.857 482.6 
728.504 475.33 796.017 381.856 854.669 482.522 
728.486 475.325 796.186 381.875 854.759 482.565 
728.503 475.085 796.656 381.989 854.932 482.757 
728.565 475.019 797.45 382.292 855.119 483.298 
728.612 474.976 797.788 382.445 855.321 483.526 
728.67 474.941 798.206 382.555 855.526 483.722 
728.755 474.888 798.894 382.593 855.761 484.047 
728.732 474.914 799.08 382.633 855.845 484.147 
728.71 474.929 799.305 382.672 855.957 484.239 
728.65 474.989 799.601 382.695 856.307 484.346 
728.634 475.008 799.725 382.728 856.463 484.39 
728.602 475.045 800.08 382.86 856.835 484.501 
728.569 475.052 800.841 383.104 857.453 484.845 
728.566 475.045 800.91 383.135 857.928 484.831 
728.591 475.196 801.28 383.296 858.303 484.926 
728.591 475.048 801.963 383.573 859.411 485.157 
728.602 475.043 802.168 383.739 860.105 485.162 
728.619 475.04 802.735 383.871 860.677 485.204 
728.618 475.037 803.425 384.249 861.919 485.409 
728.62 475.042 803.469 384.486 862.588 485.463 
728.616 475.05 804.027 384.719 863.51 485.576 
728.609 475.054 805.023 385.212 865.517 485.679 
728.611 475.049 805.723 385.323 866.543 485.726 
728.611 475.042 806.218 385.581 868.001 485.785 
728.635 475.039 807.327 386.438 870.336 485.849 
728.652 475.018 807.737 386.662 871.169 485.938 
728.693 475.007 808.263 386.87 872.294 485.994 
728.712 474.987 809.032 387.451 874.266 486.207 
728.725 474.975 809.528 387.598 874.688 486.181 
728.749 474.992 809.818 387.8 875.577 486.269 
728.706 475.018 809.865 388.424 877.049 486.138 
728.628 475.023 810.048 388.592 877.596 486.144 
728.585 475.137 810.346 388.826 878.643 486.098 
728.555 475.251 811.467 389.888 880.684 486.126 
728.531 475.26 811.492 389.724 881.531 486.159 
728.541 475.26 811.964 390.34 883.031 486.156 
728.562 475.256 813.259 390.983 885.771 486.089 
728.586 475.154 813.594 391.307 887.022 486.124 
728.626 475.147 814.163 392.038 888.365 486.218 
728.663 475.119 814.872 392.814 891.129 486.325 
728.68 475.1 815.782 393.164 891.868 486.436 
728.708 475.094 816.26 393.91 893.508 486.668 
728.674 475.116 817.059 394.609 895.614 486.944 
728.67 475.139 817.383 394.93 896.348 487.012 
728.649 475.167 817.723 395.357 897.186 487.073 
728.608 475.299 818.365 396.226 898.923 487.137 
728.603 475.309 818.646 396.433 899.62 487.173 
728.582 475.334 819.095 396.825 900.9 487.189 
728.567 475.341 819.942 397.952 903.593 487.658 
728.559 475.36 820.461 398.288 904.143 487.119 
728.569 475.365 821.044 398.813 905.878 487.117 
728.575 475.363 822.117 399.985 908.43 487.057 
728.583 475.352 822.566 400.394 909.477 487.058 
728.596 475.37 823.175 400.774 910.981 487.382 
728.613 475.38 824.103 402.018 913.604 487.453 
728.6 475.403 824.674 402.533 914.423 486.956 
728.584 475.405 825.515 403.135 916.517 487.477 
728.555 475.437 826.408 404.631 919.077 486.865 
728.537 475.457 827.467 405.681 920.553 487.371 
728.546 475.504 827.671 406.214 922.137 487.392 
728.547 475.541 828.939 407.882 925.089 487.641 
728.553 475.553 829.417 408.345 926.17 487.776 
728.56 475.565 830.031 409.056 927.517 487.718 
728.568 475.596 830.913 410.522 930.001 487.597 
728.566 475.602 831.421 410.911 930.878 487.607 
728.55 475.636 832.388 412.153 932.02 487.059 
728.491 475.757 832.796 412.971 934.363 487.612 
728.487 475.773 833.113 413.463 935.033 487.474 
728.482 475.786 833.609 414.309 936.331 487.482 
728.491 475.798 835.127 415.992 938.499 487.46 
728.494 475.782 834.962 416.179 939.427 487.515 
728.495 475.897 835.586 416.921 940.734 487.457 
728.52 475.793 836.573 418.561 943.097 487.24 
728.62 475.915 837.514 419.508 943.38 486.648 
728.637 475.937 837.549 420.233 945.41 487.152 
728.64 475.944 838.475 422.113 947.697 487.32 
728.659 475.956 838.906 422.788 948.659 487.395 
728.634 475.968 840.007 424.181 949.807 487.586 
728.669 475.972 840.285 425.418 951.654 487.827 
728.654 476.002 840.552 426.212 952.556 488.055 
728.657 476.006 840.941 427.011 953.498 488.307 
728.674 475.995 841.463 428.477 954.877 488.647 
728.667 475.999 842.15 429.346 955.354 488.842 
728.649 475.991 842.15 429.573 956.055 489.113 
728.657 475.988 842.402 430.927 957.198 489.439 
728.654 475.979 842.613 431.412 957.611 489.557 
728.699 475.938 842.828 432.334 958.305 489.789 
728.709 475.922 843.43 433.427 959.633 490.081 
728.719 475.912 843.523 434.029 959.72 489.985 
728.74 475.884 843.847 434.651 960.541 490.049 
728.742 475.851 844.663 435.866 961.865 490.029 
728.764 475.84 844.742 436.752 962.48 489.943 
728.764 475.841 845.734 438.228 963.415 490.064 
728.795 475.823 846.249 439.768 965.294 490.374 
728.833 475.756 846.513 440.466 965.963 490.477 
728.847 475.74 846.903 441.587 966.673 490.516 
728.959 475.678 847.864 443.395 967.89 490.655 
728.987 475.656 848.059 443.842 968.249 490.68 
729.051 475.572 848.285 444.587 968.766 490.739 
729.114 475.448 848.123 445.369 969.515 490.906 
728.983 475.405 848.768 446.42 969.747 490.896 
729.12 475.433 848.515 447.061 969.48 490.872 
729.06 475.481 849.176 448.81 971.062 491.374 
729.02 475.587 849.123 449.581 971.037 491.428 
729.143 475.68 849.396 450.272 971.738 491.6 
729.161 475.711 849.689 451.356 972.476 491.638 
729.185 475.708 849.802 451.543 972.639 491.601 
729.147 475.709 849.952 451.769 972.833 491.548 
729.206 475.696 850.238 452.471 973.22 491.59 
729.198 475.705 850.778 453.257 973.401 491.655 
729.17 475.728 850.388 453.545 973.258 491.515 
729.157 475.743 851.168 455.145 973.749 491.735 
729.178 475.764 850.745 455.385 973.812 491.771 
729.166 475.856 850.972 456.116 974.181 491.906 
729.177 475.879 851.455 456.73 974.614 491.985 
729.231 475.901 851.328 457.222 974.84 492.023 
729.207 475.892 851.434 457.353 974.982 491.938 
729.21 475.894 851.543 457.393 975.135 491.909 
729.212 475.903 851.559 457.534 975.173 491.834 
729.198 475.892 851.641 457.756 975.235 491.881 
729.208 475.92 851.897 458.683 975.484 492.053 
729.183 475.942 851.915 459.439 975.594 492.206 
729.212 475.927 852.075 460.132 975.848 492.453 
729.315 475.962 852.503 461.411 976.275 493.114 
729.325 475.958 852.363 461.747 976.319 493.257 
729.36 475.951 852.437 461.995 976.457 493.453 
729.382 475.947 852.483 462.16 976.528 493.829 
729.372 475.95 852.437 462.16 976.493 493.867 
729.347 475.963 852.354 462.066 976.379 493.857 
729.288 476.023 852.302 461.958 976.227 493.81 
729.278 476.043 852.283 461.83 976.118 493.771 
729.258 476.072 852.244 461.496 975.896 493.674 
729.252 476.116 852.127 459.989 975.283 493.218 
729.241 476.122 852.548 459.532 974.947 493.038 
736 477 854 457 979 493 
729.209 476.13 852.255 455.849 974.0 492.437 
729.276 476.126 852.095 454.905 973.549 492.209 
729.288 476.121 851.878 453.681 972.999 491.941 
729.279 476.145 851.553 451.554 972.093 491.548 
729.287 476.149 851.383 450.715 972.042 491.542 
729.279 476.162 851.093 449.182 971.42 491.197 
737 477 854 447 975 493 
729.287 476.141 849.969 444.498 969.318 490.06 
729.297 476.108 849.28 442.43 968.422 489.369 
729.328 476.04 848.155 438.901 965.987 488.647 
729.323 476.008 847.742 437.476 965.057 488.463 
729.348 475.951 847.559 435.816 963.403 488.022 
729.339 475.919 845.617 432.627 960.797 487.56 
729.346 475.907 845.187 431.55 959.7 487.371 
729.31 475.894 844.419 429.91 958.142 487.217 
729.267 475.914 843.474 427.81 955.421 486.898 
729.344 475.932 842.941 426.737 954.2 486.749 
729.277 475.924 841.622 424.847 952.544 486.646 
729.278 475.906 840.305 421.991 949.3 486.301 
729.273 475.9 839.709 421.11 948.003 486.287 
729.267 475.872 838.672 419.508 945.444 485.601 
729.252 475.848 837.547 417.514 942.592 486.24 
729.259 475.769 836.445 416.297 941.06 486.105 
729.267 475.754 835.478 414.854 939.081 486.087 
729.262 475.701 834.074 412.837 935.805 485.927 
729.252 475.656 833.542 412.097 934.472 485.844 
729.256 475.641 832.673 410.782 932.174 485.432 
729.262 475.605 831.445 409.037 928.916 485.434 
729.271 475.599 831.185 408.697 928.928 486.037 
729.264 475.574 830.339 407.189 925.852 485.439 
729.218 475.451 828.961 405.414 923.395 485.741 
729.216 475.446 828.72 405.132 922.446 485.238 
729.209 475.441 827.643 403.791 920.133 485.563 
729.206 475.418 826.806 402.642 916.375 484.928 
729.206 475.409 826.512 402.238 915.75 484.876 
729.189 475.397 824.796 400.599 912.877 485.014 
729.156 475.398 823.24 399.042 909.257 484.963 
729.137 475.386 822.965 398.78 908.569 484.898 
729.121 475.386 821.924 397.497 905.656 484.756 
729.09 475.379 820.601 396.491 902.529 484.622 
728.93 475.341 820.062 395.833 901.867 484.556 
728.871 475.365 818.652 395.078 899.479 484.568 
728.828 475.403 817.874 394.496 896.205 484.705 
728.805 475.413 817.2 393.914 895.663 484.71 
728.767 475.447 815.979 393.071 893.23 484.67 
728.713 475.486 814.475 392.225 890.181 484.581 
728.715 475.494 814.173 392.023 889.726 484.526 
728.685 475.536 813.127 390.962 886.919 484.485 
728.635 475.539 811.24 390.03 883.645 484.226 
728.631 475.551 811.209 389.752 882.981 484.347 
728.593 475.544 809.81 388.996 880.429 484.148 
728.572 475.539 808.602 388.122 877.731 483.946 
728.563 475.546 808.589 388.346 877.254 483.911 
728.539 475.528 807.208 387.534 875.663 483.778 
728.544 475.527 806.305 387.067 873.704 483.671 
728.549 475.534 806.11 386.962 873.4 483.669 
728.531 475.558 805.524 386.664 872.101 483.706 
728.539 475.575 804.331 386.336 870.135 483.671 
728.542 475.59 804.029 386.257 869.729 483.581 
728.52 475.615 802.99 385.694 867.872 483.494 
728.482 475.669 801.552 384.939 865.628 483.124 
728.466 475.672 801.275 384.777 864.872 483.041 
728.442 475.892 800.223 384.338 863.124 482.719 
728.364 475.954 798.617 383.698 861.071 482.239 
728.336 475.957 798.422 383.582 860.748 482.154 
728.297 475.972 797.623 383.275 859.571 481.786 
728.273 475.97 797.239 382.784 858.521 481.819 
728.269 475.961 797.2 382.762 858.392 481.832 
728.293 475.949 797.234 382.725 858.2 481.868 
728.324 475.876 797.675 382.825 858.416 482.04 
728.348 475.878 797.785 382.852 858.469 482.06 
728.37 475.755 798.439 383.148 858.685 482.46 
728.396 475.745 799.434 383.7 858.949 482.797 
728.403 475.743 799.246 383.329 859.004 482.852 
728.41 475.729 799.869 383.84 859.167 483.015 
728.401 475.735 800.301 383.873 859.403 483.344 
728.384 475.736 800.119 383.516 859.445 483.4 
728.384 475.713 800.376 383.707 859.824 483.6 
728.387 475.672 801.042 383.65 860.479 483.86 
728.399 475.669 801.152 383.675 860.623 483.937 
728.381 475.572 801.632 383.871 861.289 483.869 
728.394 475.513 802.998 384.387 862.562 484.107 
728.413 475.507 803.235 384.487 862.893 484.11 
728.432 475.444 803.449 384.429 864.604 484.112 
728.45 475.412 804.646 384.961 866.609 484.259 
728.457 475.426 804.94 385.133 867.136 484.379 
728.461 475.392 806.014 385.465 869.064 484.506 
728.496 475.376 807.322 386.248 871.554 484.743 
728.514 475.374 807.484 386.493 872.044 484.844 
728.532 475.365 808.387 386.871 874.132 484.932 
728.541 475.349 809.772 387.63 876.747 484.965 
728.547 475.353 809.975 387.75 877.301 485.018 
728.55 475.355 810.645 388.557 879.779 485.269 
728.574 475.348 811.951 389.291 882.376 484.968 
728.571 475.348 812.402 389.463 883.035 485.039 
728.582 475.351 813.34 390.065 885.495 485.167 
728.586 475.344 814.088 390.906 887.315 485.246 
728.636 475.34 815.562 391.784 890.477 485.178 
728.636 475.327 816.022 392.22 891.925 485.221 
728.651 475.312 816.915 393.019 894.034 485.178 
728.657 475.312 818.394 394.063 897.059 485.242 
728.658 475.344 818.697 394.689 898.369 485.282 
728.647 475.364 819.57 395.306 900.314 485.34 
728.612 475.39 820.796 396.74 903.824 485.267 
728.617 475.412 821.414 397.082 905.137 485.552 
728.604 475.43 822.193 397.801 906.663 485.19 
728.611 475.449 823.406 399.031 909.494 485.233 
728.61 475.458 823.901 399.461 910.909 485.28 
728.618 475.468 824.479 400.419 912.247 485.363 
728.624 475.5 825.067 401.462 914.77 485.499 
728.606 475.523 825.925 402.149 916.339 485.952 
728.584 475.54 826.604 402.96 917.832 485.412 
728.564 475.589 827.684 404.41 920.877 485.753 
728.566 475.611 828.302 405.017 921.63 485.423 
728.558 475.643 829.265 405.821 923.443 485.529 
728.537 475.734 830.357 407.455 926.218 485.698 
728.547 475.751 830.726 408.241 927.849 486.141 
728.531 475.774 831.938 409.548 929.484 486.222 
728.576 475.973 832.467 410.767 931.553 485.936 
728.573 475.993 832.982 411.319 933.152 486.238 
728.562 476.025 834.107 412.74 934.358 485.865 
728.541 476.057 834.692 414.205 937.092 485.796 
728.534 476.077 835.148 414.91 938.641 486.273 
728.536 476.095 836.417 416.26 939.65 485.812 
728.499 476.119 836.851 417.45 942.443 486.383 
728.538 476.129 837.142 418.172 943.194 486.421 
728.506 476.154 837.645 418.986 944.484 486.555 
728.49 476.179 838.31 420.31 946.202 486.57 
728.483 476.181 838.695 420.753 946.791 486.61 
728.469 476.257 839.137 421.484 947.941 486.758 
728.473 476.278 839.782 422.881 949.478 486.584 
728.466 476.279 840.238 423.292 950.045 486.616 
728.463 476.284 840.94 424.457 950.863 486.353 
728.451 476.245 841.328 425.464 952.702 486.58 
728.47 476.286 842.141 426.495 953.541 486.698 
728.449 476.233 842.112 427.133 954.448 486.645 
728.464 476.223 842.99 428.993 956.583 486.875 
728.52 476.202 843.572 429.594 957.315 486.887 
728.549 476.197 844.122 430.765 958.542 487.175 
728.58 476.189 844.803 433.043 960.371 487.465 
728.594 476.179 845.168 433.89 961.295 487.724 
728.61 476.159 845.641 435.446 962.501 488.029 
728.642 476.156 846.984 438.605 964.454 488.739 
728.651 476.16 847.279 439.778 965.612 489.216 
728.69 476.157 847.283 441.293 966.436 489.45 
728.742 476.127 848.124 444.806 968.429 490.248 
728.747 476.1 848.522 446.14 969.292 490.558 
728.838 476.13 849.582 448.786 970.139 491.099 
728.997 476.093 850.589 452.733 971.675 491.533 
729.056 476.079 850.683 453.87 972.673 492.03 
732 477 854 458 979 495 
729.352 475.974 852.356 459.57 974.72 493.635 
729.409 475.942 852.662 460.661 975.129 493.911 
729.482 475.779 852.94 461.916 975.768 494.335 
729.58 475.7 853.258 463.326 976.52 494.715 
729.587 475.676 853.299 463.569 976.659 494.811 
729.735 475.652 853.387 463.87 976.703 494.879 
729.716 475.613 853.3 464.134 976.597 494.979 
729.581 475.607 853.257 464.246 976.561 495.048 
729.726 475.592 853.199 464.478 976.544 495.175 
735 477 859 465 979 496 
734 478 857 465 982 495 
729.774 475.601 853.159 465.757 976.234 495.947 
729.806 475.588 852.545 465.563 976.289 496.09 
729.799 475.59 852.539 465.554 976.267 496.091 
729.8 475.59 852.546 465.497 976.276 496.108 
729.787 475.643 852.537 465.486 976.331 496.087 
729.769 475.652 852.525 465.509 976.294 496.074 
729.75 475.674 852.506 465.557 976.35 496.111 
729.607 475.696 852.453 465.657 976.356 496.193 
729.602 475.692 852.446 465.68 976.356 496.202 
729.607 475.709 852.43 465.746 976.471 496.309 
729.602 475.714 852.3 465.867 976.527 496.394 
729.606 475.729 852.307 465.921 976.548 496.44 
729.603 475.735 852.284 465.948 976.592 496.488 
729.592 475.764 852.241 465.987 976.541 496.51 
729.579 475.768 852.216 465.999 976.49 496.51 
