1.44873 -0.63092 -1.04611 1.84881 -0.711761 -0.661959 2.18213 -0.600862 -0.350744 
1.4487 -0.630952 -1.04604 1.84869 -0.714079 -0.661692 2.1818 -0.601191 -0.350959 
1.44872 -0.630893 -1.04598 1.84818 -0.717252 -0.66104 2.18155 -0.6016 -0.351221 
1.44868 -0.630834 -1.04576 1.84324 -0.723515 -0.654112 2.18076 -0.602374 -0.351528 
0
1.44869 -0.630624 -1.04563 1.84351 -0.729536 -0.653925 2.18458 -0.601652 -0.355487 
1.44856 -0.629779 -1.04567 1.84218 -0.737522 -0.653571 2.18281 -0.603525 -0.357144 
1.4485 -0.629353 -1.04552 1.84047 -0.74107 -0.653275 2.18215 -0.604324 -0.357856 
1.44844 -0.629279 -1.04556 1.83922 -0.747822 -0.653267 2.17923 -0.606274 -0.358522 
0
1.44786 -0.628914 -1.04537 1.83618 -0.763097 -0.654046 2.17712 -0.609731 -0.364371 
1.44759 -0.628783 -1.04545 1.83334 -0.768137 -0.654194 2.17372 -0.611125 -0.365666 
1.44637 -0.628544 -1.04493 1.83592 -0.773713 -0.661519 2.16801 -0.613094 -0.366798 
1.44621 -0.628008 -1.04503 1.83473 -0.77694 -0.661519 2.16601 -0.613493 -0.367479 
1.44611 -0.627878 -1.04514 1.83406 -0.779849 -0.662382 2.16844 -0.611824 -0.371845 
1.44602 -0.627611 -1.04516 1.83197 -0.788348 -0.663407 2.16617 -0.612194 -0.375965 
1.446 -0.627573 -1.04506 1.83061 -0.792555 -0.663536 2.1682 -0.611007 -0.381312 
1.44602 -0.627553 -1.04512 1.82362 -0.8013 -0.658228 2.16307 -0.612712 -0.382513 
1.44593 -0.627728 -1.04502 1.82119 -0.814963 -0.66007 2.15678 -0.614046 -0.388919 
1.44592 -0.627721 -1.04506 1.81872 -0.819442 -0.660723 2.15379 -0.61467 -0.390993 
1.4458 -0.627645 -1.04521 1.81647 -0.826501 -0.661998 2.15299 -0.613662 -0.398135 
1.44544 -0.627401 -1.04554 1.81354 -0.836754 -0.663785 2.14287 -0.615593 -0.399529 
1.44515 -0.627418 -1.04596 1.81716 -0.836859 -0.672281 2.144 -0.613844 -0.405039 
1.44521 -0.627292 -1.0466 1.8105 -0.842216 -0.667232 2.13842 -0.613533 -0.404826 
1.44521 -0.627351 -1.04683 1.80814 -0.847497 -0.668204 2.13262 -0.613367 -0.406969 
1.44518 -0.627313 -1.04696 1.80663 -0.849111 -0.668439 2.13162 -0.612811 -0.409019 
1.44523 -0.627322 -1.04696 1.80521 -0.851917 -0.669064 2.13018 -0.612091 -0.412019 
1.44529 -0.627221 -1.04681 1.8025 -0.858473 -0.670199 2.1242 -0.612416 -0.414839 
1.44527 -0.627258 -1.04669 1.80718 -0.859391 -0.678241 2.12349 -0.611715 -0.418255 
1.44493 -0.627275 -1.0462 1.80164 -0.865568 -0.673504 2.11982 -0.612082 -0.420526 
1.44483 -0.627179 -1.04612 1.79735 -0.873256 -0.675567 2.11393 -0.611841 -0.426662 
1.4448 -0.627168 -1.04613 1.79631 -0.875945 -0.676604 2.11111 -0.612249 -0.428257 
1.4447 -0.627175 -1.04616 1.79998 -0.878421 -0.685349 2.10881 -0.611292 -0.43299 
1.44485 -0.627103 -1.04681 1.79271 -0.886082 -0.68243 2.10378 -0.610979 -0.439007 
1.44484 -0.627129 -1.04694 1.79209 -0.889385 -0.683526 2.10084 -0.611115 -0.441158 
1.44493 -0.627301 -1.04714 1.79035 -0.892889 -0.685216 2.09683 -0.611468 -0.443819 
1.4452 -0.627658 -1.04742 1.78813 -0.899642 -0.689191 2.09086 -0.611594 -0.450265 
1.44534 -0.628082 -1.04764 1.78697 -0.902028 -0.690498 2.08893 -0.611427 -0.453128 
1.44557 -0.628302 -1.04771 1.78548 -0.906861 -0.692198 2.08515 -0.6116 -0.457228 
1.44571 -0.628663 -1.04798 1.78424 -0.913466 -0.696785 2.07949 -0.611542 -0.464358 
1.44587 -0.628785 -1.04786 1.78168 -0.915633 -0.697545 2.07574 -0.611942 -0.465666 
1.44583 -0.628875 -1.048 1.7798 -0.918786 -0.69914 2.07321 -0.611415 -0.470647 
1.44578 -0.62894 -1.04824 1.77875 -0.924145 -0.703167 2.0677 -0.610074 -0.477157 
1.44564 -0.628944 -1.04836 1.77641 -0.925767 -0.703827 2.06549 -0.610456 -0.479062 
1.44576 -0.628986 -1.04841 1.77435 -0.929124 -0.704606 2.06153 -0.609709 -0.482178 
1.44535 -0.629693 -1.04847 1.77068 -0.933334 -0.706179 2.05554 -0.609219 -0.48768 
1.44537 -0.629738 -1.04848 1.76899 -0.934863 -0.706699 2.053 -0.609055 -0.490226 
1.44546 -0.62982 -1.04859 1.7674 -0.93784 -0.707356 2.04948 -0.608739 -0.493967 
1.4456 -0.629956 -1.04857 1.76297 -0.94182 -0.710353 2.04387 -0.607876 -0.500787 
1.44556 -0.629975 -1.04856 1.76115 -0.943782 -0.710981 2.04049 -0.608177 -0.502789 
1.44562 -0.629919 -1.04868 1.75894 -0.946956 -0.711609 2.0373 -0.606932 -0.507929 
1.44548 -0.629999 -1.04885 1.75444 -0.951627 -0.713895 2.03043 -0.605965 -0.514926 
1.44539 -0.630112 -1.04897 1.75255 -0.952594 -0.716228 2.02724 -0.606174 -0.517134 
1.4454 -0.630146 -1.04906 1.75023 -0.955358 -0.717628 2.02406 -0.605565 -0.522059 
1.44514 -0.630791 -1.04916 1.74612 -0.960213 -0.719793 2.01762 -0.605764 -0.528205 
1.44515 -0.630819 -1.04918 1.74549 -0.961043 -0.722158 2.01496 -0.605844 -0.530267 
1.44525 -0.630865 -1.04938 1.74364 -0.963153 -0.724041 2.01178 -0.605633 -0.534763 
1.44529 -0.63092 -1.04951 1.73889 -0.96829 -0.726556 2.0048 -0.606371 -0.540245 
1.44525 -0.630977 -1.04953 1.73979 -0.969861 -0.729659 2.00218 -0.605921 -0.543326 
1.4452 -0.631061 -1.04957 1.73872 -0.97314 -0.731866 1.99777 -0.607143 -0.546453 
1.44527 -0.631091 -1.04982 1.73692 -0.977262 -0.737239 1.99144 -0.607896 -0.553092 
1.44515 -0.631147 -1.04992 1.73601 -0.978977 -0.73882 1.99052 -0.607234 -0.557309 
1.44536 -0.631619 -1.05023 1.7345 -0.982227 -0.740758 1.98602 -0.608182 -0.559808 
1.44548 -0.631789 -1.05072 1.73286 -0.985279 -0.745369 1.98134 -0.608189 -0.566437 
1.44551 -0.631878 -1.05086 1.73209 -0.986431 -0.746659 1.97918 -0.60816 -0.56822 
1.44605 -0.631747 -1.05179 1.73095 -0.989171 -0.748116 1.97714 -0.608454 -0.572547 
1.44606 -0.631814 -1.05195 1.72907 -0.991847 -0.752699 1.97243 -0.607885 -0.578796 
1.44605 -0.631827 -1.05199 1.72825 -0.993572 -0.754179 1.9691 -0.608391 -0.580588 
1.44608 -0.63198 -1.05211 1.73253 -0.994688 -0.763798 1.96647 -0.608226 -0.585263 
1.44626 -0.632337 -1.05234 1.72506 -1.00039 -0.761843 1.95966 -0.609894 -0.591142 
1.44632 -0.632548 -1.05257 1.7251 -1.00241 -0.763443 1.95724 -0.610221 -0.594445 
1.44635 -0.632784 -1.05294 1.72332 -1.00516 -0.767753 1.95279 -0.611356 -0.598341 
1.44628 -0.633089 -1.0535 1.72075 -1.00985 -0.772154 1.94712 -0.611598 -0.607134 
1.44623 -0.633227 -1.05366 1.72015 -1.01142 -0.775543 1.94327 -0.61243 -0.609556 
1.44659 -0.633486 -1.05447 1.71748 -1.0142 -0.777846 1.9395 -0.612567 -0.614902 
1.44658 -0.633845 -1.05503 1.71444 -1.0183 -0.783292 1.93262 -0.613459 -0.622349 
1.44634 -0.634549 -1.05508 1.7134 -1.01984 -0.784848 1.92635 -0.615784 -0.620017 
1.44652 -0.634968 -1.05557 1.71222 -1.02139 -0.788677 1.92585 -0.614081 -0.628977 
1.44625 -0.635115 -1.0562 1.70994 -1.02493 -0.792225 1.91488 -0.616888 -0.630046 
1.44633 -0.635121 -1.0564 1.70882 -1.02679 -0.794102 1.91406 -0.617342 -0.633435 
1.44601 -0.635744 -1.05639 1.70678 -1.02848 -0.797409 1.90896 -0.617876 -0.636883 
1.44608 -0.635788 -1.05645 1.70295 -1.03175 -0.802538 1.90236 -0.618864 -0.644485 
1.446 -0.635797 -1.05643 1.70211 -1.03249 -0.80334 1.90252 -0.618983 -0.647055 
1.44597 -0.635856 -1.05654 1.69891 -1.03655 -0.805946 1.8963 -0.619795 -0.653521 
1.44572 -0.635829 -1.05659 1.69423 -1.03911 -0.810618 1.88947 -0.62067 -0.661274 
1.44512 -0.635838 -1.05632 1.69316 -1.03984 -0.811111 1.88718 -0.620794 -0.662041 
1.4448 -0.635372 -1.05658 1.69445 -1.04068 -0.82031 1.88221 -0.621345 -0.665961 
1.44426 -0.635239 -1.05705 1.68556 -1.04257 -0.815681 1.87734 -0.621567 -0.669639 
1.44433 -0.634804 -1.05729 1.68469 -1.04286 -0.815841 1.87653 -0.621683 -0.670086 
1.44421 -0.634636 -1.05751 1.68216 -1.04466 -0.816592 1.873 -0.622241 -0.672115 
1.44397 -0.634512 -1.0576 1.67945 -1.04591 -0.818097 1.86889 -0.622435 -0.674693 
1.44382 -0.634482 -1.05765 1.67899 -1.04614 -0.818447 1.86807 -0.622618 -0.675089 
1.4437 -0.634373 -1.05776 1.67763 -1.04704 -0.821063 1.86506 -0.623269 -0.676667 
1.44352 -0.634184 -1.05784 1.67512 -1.04787 -0.822037 1.8635 -0.623217 -0.679982 
1.4434 -0.634178 -1.05779 1.67489 -1.048 -0.822219 1.86305 -0.623285 -0.680269 
1.44324 -0.634062 -1.05781 1.6746 -1.04844 -0.822575 1.86116 -0.622895 -0.680579 
1.44329 -0.633997 -1.0579 1.67602 -1.04788 -0.822499 1.86126 -0.622111 -0.680535 
1.44326 -0.634051 -1.05787 1.67628 -1.04778 -0.822457 1.86139 -0.621758 -0.680502 
1.44346 -0.634183 -1.05787 1.67759 -1.04778 -0.822348 1.86167 -0.620962 -0.680638 
1.44386 -0.634559 -1.05802 1.67898 -1.04777 -0.822712 1.86161 -0.620882 -0.680915 
1.44409 -0.634736 -1.05796 1.67914 -1.04785 -0.82282 1.86157 -0.62098 -0.680923 
1.44417 -0.634975 -1.05799 1.67937 -1.04879 -0.823426 1.86121 -0.621472 -0.68117 
1.44433 -0.634917 -1.05811 1.6792 -1.04932 -0.824998 1.86078 -0.622263 -0.681658 
1.44424 -0.634926 -1.05805 1.67898 -1.04944 -0.825588 1.8606 -0.622489 -0.68184 
1.4442 -0.634778 -1.05814 1.67837 -1.05027 -0.829396 1.85835 -0.624505 -0.682752 
1.44446 -0.634159 -1.05951 1.67584 -1.05369 -0.832763 1.854 -0.626527 -0.685878 
1.44432 -0.634153 -1.05969 1.67492 -1.05453 -0.835841 1.85173 -0.627062 -0.687759 
1.44408 -0.634129 -1.05991 1.6717 -1.05574 -0.837315 1.84861 -0.628382 -0.689505 
1.44373 -0.633918 -1.06023 1.66835 -1.05644 -0.837038 1.84459 -0.62832 -0.690794 
1.44366 -0.633893 -1.0603 1.6682 -1.05627 -0.836499 1.84421 -0.628022 -0.690729 
1.44337 -0.63369 -1.06053 1.6691 -1.05435 -0.8314 1.84409 -0.624805 -0.689717 
1.44326 -0.6333 -1.06045 1.67093 -1.04988 -0.824888 1.84632 -0.619792 -0.688606 
1.44322 -0.633271 -1.06027 1.67127 -1.04935 -0.823526 1.84688 -0.618649 -0.68856 
1.44332 -0.633178 -1.05978 1.67238 -1.0476 -0.821232 1.8486 -0.617264 -0.688542 
1.44352 -0.63345 -1.0594 1.67324 -1.04809 -0.82108 1.84824 -0.617451 -0.68843 
1.44359 -0.63349 -1.05941 1.67325 -1.04819 -0.821162 1.84806 -0.617483 -0.688384 
1.44373 -0.633651 -1.05953 1.67401 -1.04828 -0.821189 1.84801 -0.617414 -0.688148 
1.44367 -0.633653 -1.05958 1.67623 -1.04765 -0.8201 1.84941 -0.616524 -0.687617 
1.44362 -0.633644 -1.05959 1.68022 -1.04609 -0.825906 1.8498 -0.616244 -0.687491 
1.44365 -0.633584 -1.05967 1.68166 -1.04522 -0.824665 1.85122 -0.615313 -0.687076 
1.44379 -0.633618 -1.05982 1.67869 -1.04574 -0.815792 1.85249 -0.614652 -0.686562 
1.44379 -0.633752 -1.05973 1.67905 -1.04569 -0.815588 1.85259 -0.614088 -0.68663 
1.44396 -0.633903 -1.05984 1.68081 -1.04531 -0.815344 1.85319 -0.613773 -0.686554 
1.44415 -0.634041 -1.05978 1.68227 -1.04503 -0.815339 1.85319 -0.613497 -0.686955 
1.44413 -0.634087 -1.0597 1.68325 -1.04536 -0.81577 1.85326 -0.613496 -0.686962 
1.44412 -0.634106 -1.05962 1.68419 -1.04568 -0.815999 1.85353 -0.613441 -0.686726 
1.444 -0.634021 -1.05942 1.68567 -1.04511 -0.815879 1.85569 -0.613803 -0.684105 
1.44396 -0.634035 -1.0594 1.68614 -1.04449 -0.815803 1.85631 -0.614488 -0.683107 
1.44383 -0.633871 -1.05917 1.68849 -1.04324 -0.814973 1.86073 -0.614205 -0.681265 
1.44309 -0.634149 -1.05794 1.68913 -1.04198 -0.811995 1.86355 -0.613967 -0.676031 
1.44362 -0.633579 -1.0588 1.69015 -1.04142 -0.811482 1.86612 -0.613651 -0.674805 
1.44294 -0.634096 -1.05762 1.69163 -1.04077 -0.810546 1.86977 -0.614023 -0.672812 
1.4429 -0.634159 -1.05728 1.69441 -1.03899 -0.809152 1.87339 -0.614044 -0.667693 
1.44307 -0.634086 -1.05722 1.695 -1.03857 -0.80889 1.87427 -0.613978 -0.666906 
1.44309 -0.634128 -1.05719 1.69696 -1.03786 -0.805967 1.87762 -0.613991 -0.663378 
1.44317 -0.634063 -1.05701 1.69866 -1.03666 -0.804663 1.88205 -0.613686 -0.659859 
1.4431 -0.634062 -1.05687 1.69901 -1.03615 -0.804292 1.88284 -0.613674 -0.659079 
1.44307 -0.633966 -1.05686 1.7008 -1.03449 -0.803145 1.8859 -0.613586 -0.655584 
1.44296 -0.633874 -1.05659 1.70282 -1.0323 -0.801526 1.88963 -0.613629 -0.650677 
1.44282 -0.63387 -1.05653 1.70328 -1.03202 -0.801244 1.89091 -0.613621 -0.649905 
1.4428 -0.6338 -1.05649 1.70544 -1.03065 -0.798795 1.89467 -0.613384 -0.64629 
1.44294 -0.633782 -1.05651 1.70835 -1.02863 -0.796765 1.89979 -0.613831 -0.640533 
1.44288 -0.633874 -1.05636 1.70962 -1.02842 -0.796693 1.90125 -0.613752 -0.6398 
1.44289 -0.633805 -1.05621 1.71657 -1.02445 -0.801277 1.9047 -0.613787 -0.634749 
1.44296 -0.633684 -1.05607 1.7134 -1.02359 -0.791191 1.91087 -0.613212 -0.6304 
1.443 -0.633657 -1.05582 1.7139 -1.02321 -0.790773 1.91124 -0.614047 -0.628295 
1.44295 -0.633501 -1.05572 1.71609 -1.02099 -0.789045 1.91547 -0.613299 -0.624997 
1.44292 -0.633482 -1.05543 1.71838 -1.01938 -0.78581 1.9194 -0.613419 -0.619105 
1.4429 -0.633488 -1.05547 1.71947 -1.01853 -0.785026 1.92314 -0.613549 -0.617742 
1.44291 -0.633424 -1.05542 1.7208 -1.0164 -0.783871 1.92485 -0.613668 -0.613702 
1.44297 -0.633415 -1.05547 1.72373 -1.01343 -0.782229 1.929 -0.613725 -0.607907 
1.44293 -0.633488 -1.05543 1.7244 -1.01322 -0.78177 1.93047 -0.613671 -0.607142 
1.44303 -0.6334 -1.05543 1.72551 -1.01181 -0.778915 1.93379 -0.613363 -0.603428 
1.44316 -0.63347 -1.05531 1.72781 -1.00974 -0.777309 1.93776 -0.613477 -0.598899 
1.44311 -0.63349 -1.05527 1.72817 -1.00939 -0.776921 1.9382 -0.613548 -0.597872 
1.4432 -0.633471 -1.05526 1.72974 -1.0071 -0.775869 1.94283 -0.613411 -0.595563 
1.44319 -0.63355 -1.05513 1.73093 -1.00535 -0.772911 1.94817 -0.611977 -0.594747 
1.44324 -0.633503 -1.05521 1.73117 -1.00499 -0.772503 1.94544 -0.613535 -0.590046 
1.44318 -0.63344 -1.0552 1.73245 -1.00353 -0.771006 1.94772 -0.613693 -0.586575 
1.44305 -0.633352 -1.05514 1.73498 -1.00118 -0.769779 1.95194 -0.61421 -0.582463 
1.44303 -0.633328 -1.05509 1.73601 -1.0009 -0.76969 1.95383 -0.614297 -0.582011 
1.44302 -0.633232 -1.05514 1.74149 -0.997445 -0.774576 1.95581 -0.614598 -0.577136 
1.44281 -0.633143 -1.05477 1.73813 -0.996019 -0.764891 1.9617 -0.614663 -0.573307 
1.44273 -0.633161 -1.05473 1.73863 -0.995551 -0.764602 1.96101 -0.61492 -0.571234 
1.44267 -0.632747 -1.05463 1.74085 -0.993797 -0.763488 1.96609 -0.614943 -0.567976 
1.44269 -0.632729 -1.05453 1.74939 -0.989211 -0.76918 1.96958 -0.615553 -0.561918 
1.44275 -0.632712 -1.05459 1.74589 -0.989995 -0.762622 1.97398 -0.614018 -0.564979 
1.44279 -0.63277 -1.05456 1.74767 -0.988718 -0.759885 1.97416 -0.615942 -0.55674 
1.44301 -0.633209 -1.05465 1.75022 -0.985855 -0.758874 1.97998 -0.616034 -0.552937 
1.44301 -0.63334 -1.05462 1.7509 -0.985293 -0.758709 1.98097 -0.615976 -0.552212 
1.44333 -0.633479 -1.0548 1.75294 -0.983668 -0.757765 1.98258 -0.616273 -0.54782 
1.44356 -0.633572 -1.05475 1.75545 -0.980268 -0.756538 1.99109 -0.614219 -0.548607 
1.44343 -0.63359 -1.05481 1.75581 -0.979851 -0.756224 1.98719 -0.616626 -0.542648 
1.44351 -0.633662 -1.05465 1.76229 -0.976895 -0.761668 1.99177 -0.61735 -0.539493 
1.4435 -0.633551 -1.05472 1.75853 -0.975721 -0.751852 1.9939 -0.618682 -0.533526 
1.44335 -0.633525 -1.05481 1.75891 -0.975233 -0.751435 1.99516 -0.618738 -0.532887 
1.44313 -0.633427 -1.05453 1.75988 -0.972202 -0.749941 1.99842 -0.619377 -0.528509 
1.44362 -0.632705 -1.05469 1.76179 -0.969265 -0.746199 2.00848 -0.61776 -0.527923 
1.44365 -0.632666 -1.05475 1.76241 -0.968605 -0.74562 2.00473 -0.620141 -0.521548 
1.44351 -0.632536 -1.05451 1.76386 -0.964406 -0.74374 2.01354 -0.618384 -0.521199 
1.4433 -0.632325 -1.05422 1.7672 -0.960576 -0.741286 2.01858 -0.619427 -0.513941 
1.44331 -0.632311 -1.05418 1.76702 -0.959696 -0.739219 2.01964 -0.619431 -0.512828 
1.4433 -0.632215 -1.05411 1.76832 -0.955962 -0.737336 2.0233 -0.619972 -0.506981 
1.44338 -0.632098 -1.05403 1.77162 -0.952256 -0.735112 2.02471 -0.622535 -0.496631 
1.44303 -0.63238 -1.05354 1.77201 -0.951631 -0.734686 2.02857 -0.620382 -0.499769 
1.44317 -0.632396 -1.05338 1.77716 -0.946785 -0.738786 2.03178 -0.620858 -0.496101 
1.44338 -0.632286 -1.05302 1.77374 -0.945646 -0.729583 2.03588 -0.620633 -0.49245 
1.4432 -0.632243 -1.05333 1.774 -0.945097 -0.729287 2.03667 -0.620628 -0.491802 
1.44313 -0.632241 -1.05328 1.77633 -0.942534 -0.728525 2.03914 -0.620975 -0.488015 
1.44311 -0.632241 -1.05329 1.77701 -0.938372 -0.726224 2.04314 -0.621109 -0.483818 
1.44308 -0.632233 -1.05328 1.77803 -0.938064 -0.724584 2.04492 -0.620847 -0.483248 
1.44316 -0.632207 -1.05338 1.77887 -0.934965 -0.723006 2.04715 -0.621603 -0.477852 
1.44342 -0.631997 -1.0538 1.782 -0.929155 -0.721148 2.05263 -0.622977 -0.471178 
1.44315 -0.632257 -1.05335 1.78281 -0.928052 -0.720593 2.05421 -0.622865 -0.470484 
1.44335 -0.632279 -1.05301 1.7856 -0.924086 -0.717365 2.0581 -0.623908 -0.464539 
1.44339 -0.632171 -1.05292 1.78858 -0.918081 -0.715273 2.06457 -0.624202 -0.458357 
1.44343 -0.632251 -1.05289 1.78935 -0.916861 -0.714862 2.06583 -0.624325 -0.457048 
1.44352 -0.63219 -1.0528 1.79165 -0.911972 -0.712991 2.07072 -0.624632 -0.452627 
1.4436 -0.632207 -1.05265 1.79344 -0.90653 -0.709352 2.07676 -0.624306 -0.448124 
1.44367 -0.632172 -1.05271 1.794 -0.905379 -0.708939 2.07776 -0.624356 -0.447229 
1.44362 -0.632177 -1.05267 1.79637 -0.901403 -0.707329 2.0806 -0.625244 -0.44201 
1.44367 -0.632063 -1.05264 1.79828 -0.895606 -0.704925 2.08872 -0.625004 -0.440013 
1.44357 -0.632105 -1.05256 1.80334 -0.892915 -0.71051 2.08578 -0.626462 -0.434974 
1.44366 -0.631956 -1.05254 1.79942 -0.889489 -0.700974 2.09115 -0.626022 -0.432059 
1.44354 -0.63192 -1.05245 1.80129 -0.882431 -0.698263 2.09531 -0.626816 -0.426011 
1.44357 -0.631921 -1.05239 1.80186 -0.88101 -0.697731 2.09672 -0.626564 -0.425379 
1.44391 -0.631567 -1.05259 1.80891 -0.874218 -0.701994 2.09957 -0.627056 -0.420026 
1.44354 -0.631725 -1.05212 1.80473 -0.869938 -0.691552 2.10519 -0.626295 -0.416457 
1.44387 -0.63147 -1.05232 1.80506 -0.86896 -0.691107 2.10502 -0.62666 -0.414461 
1.44392 -0.631379 -1.05222 1.81073 -0.86237 -0.695412 2.10841 -0.626029 -0.411646 
1.44382 -0.631207 -1.05214 1.80578 -0.858704 -0.685734 2.11142 -0.626142 -0.407832 
1.44372 -0.631274 -1.05209 1.80613 -0.857834 -0.685377 2.11208 -0.626014 -0.407288 
1.44359 -0.631132 -1.05199 1.80699 -0.854496 -0.684271 2.11357 -0.626037 -0.404473 
1.44359 -0.629936 -1.05215 1.80805 -0.849937 -0.683401 2.11732 -0.625273 -0.402956 
1.44359 -0.629971 -1.05211 1.80832 -0.84926 -0.683209 2.11789 -0.625271 -0.402577 
1.44362 -0.629959 -1.05213 1.8104 -0.845988 -0.68269 2.11919 -0.625782 -0.399388 
1.44363 -0.631126 -1.05197 1.81126 -0.840728 -0.681301 2.12301 -0.62592 -0.39666 
1.44367 -0.63113 -1.05195 1.81176 -0.83953 -0.681097 2.12395 -0.625946 -0.396101 
1.44382 -0.631168 -1.05195 1.81957 -0.83254 -0.687025 2.12809 -0.625631 -0.393854 
1.4439 -0.63118 -1.05189 1.82167 -0.825707 -0.685169 2.1319 -0.625627 -0.38921 
1.44395 -0.631205 -1.05191 1.81678 -0.825917 -0.677884 2.13312 -0.625424 -0.388735 
1.44422 -0.631188 -1.05191 1.81892 -0.820707 -0.676836 2.13751 -0.624472 -0.386771 
1.44438 -0.631369 -1.05174 1.82075 -0.81403 -0.675606 2.14005 -0.624828 -0.382511 
1.44442 -0.63143 -1.05172 1.82106 -0.813106 -0.675313 2.1408 -0.624706 -0.382203 
1.44451 -0.631424 -1.05163 1.82181 -0.807742 -0.674317 2.14373 -0.623441 -0.380802 
1.44442 -0.631392 -1.05156 1.8277 -0.800117 -0.67905 2.14946 -0.622613 -0.381063 
1.44445 -0.631319 -1.05155 1.82784 -0.798773 -0.678713 2.14612 -0.623323 -0.376501 
1.44432 -0.631243 -1.0515 1.82429 -0.794546 -0.670189 2.14918 -0.623454 -0.374498 
1.44355 -0.630899 -1.05055 1.8261 -0.786175 -0.669129 2.15439 -0.621369 -0.372728 
1.44358 -0.630849 -1.05051 1.82591 -0.78333 -0.669638 2.1552 -0.621168 -0.372204 
1.44364 -0.630851 -1.05038 1.83302 -0.775131 -0.675748 2.157 -0.621088 -0.36891 
1.44385 -0.630993 -1.05023 1.83007 -0.770148 -0.66845 2.16102 -0.621323 -0.367017 
1.44393 -0.631015 -1.0502 1.83021 -0.768092 -0.668439 2.16166 -0.621259 -0.366735 
1.44428 -0.631562 -1.05021 1.83263 -0.7631 -0.668095 2.16255 -0.620971 -0.364386 
0
0
1.44534 -0.631816 -1.05023 1.8366 -0.750023 -0.666949 2.1644 -0.621766 -0.358929 
1.44547 -0.63188 -1.05003 1.84162 -0.741432 -0.671831 2.1676 -0.619448 -0.358041 
1.44547 -0.631879 -1.04999 1.83996 -0.740164 -0.669371 2.16855 -0.618258 -0.358014 
1.4455 -0.631906 -1.04985 1.83688 -0.736852 -0.662878 2.17113 -0.617084 -0.357305 
1.44553 -0.631846 -1.04962 1.84362 -0.726381 -0.670082 2.17367 -0.61586 -0.355692 
1.44552 -0.631501 -1.04927 1.84381 -0.724693 -0.669713 2.17418 -0.615501 -0.355275 
1.44559 -0.631504 -1.04895 1.84466 -0.718324 -0.668968 2.17158 -0.615898 -0.351438 
1.44555 -0.632136 -1.04814 1.83969 -0.713733 -0.660598 2.17327 -0.614476 -0.350242 
1.44555 -0.632216 -1.04797 1.84487 -0.709986 -0.667265 2.17394 -0.614128 -0.350202 
1.44689 -0.631909 -1.04824 1.83995 -0.708064 -0.659782 2.17584 -0.612935 -0.349711 
1.44754 -0.632137 -1.04768 1.84066 -0.704338 -0.659211 2.17703 -0.611648 -0.349113 
1.44765 -0.632196 -1.04772 1.84576 -0.701582 -0.665606 2.17686 -0.611462 -0.348843 
1.44751 -0.632691 -1.0471 1.84069 -0.70157 -0.658966 2.17708 -0.609316 -0.348341 
1.44821 -0.632765 -1.04771 1.84109 -0.700463 -0.658919 2.17727 -0.609031 -0.348274 
1.44823 -0.632745 -1.0478 1.84115 -0.700361 -0.658994 2.1773 -0.609017 -0.348361 
1.44843 -0.632883 -1.04786 1.84141 -0.700244 -0.659107 2.17714 -0.609296 -0.348255 
0
1.4485 -0.632935 -1.04777 1.84149 -0.700357 -0.659206 2.17731 -0.610124 -0.348336 
1.44844 -0.632907 -1.04773 1.84116 -0.701029 -0.658993 2.17763 -0.608916 -0.348563 
1.44827 -0.632713 -1.04767 1.84079 -0.702085 -0.65872 2.17714 -0.608434 -0.3484 
1.44802 -0.632763 -1.04726 1.84076 -0.702366 -0.658693 2.17684 -0.608424 -0.348327 
1.44793 -0.632601 -1.04718 1.84082 -0.70523 -0.65851 2.17653 -0.608366 -0.348511 
1.44801 -0.632231 -1.04754 1.84112 -0.709962 -0.658622 2.17602 -0.60886 -0.34921 
1.44762 -0.632408 -1.04705 1.84195 -0.712076 -0.658834 2.17503 -0.610122 -0.349097 
1.44781 -0.632033 -1.04746 1.8405 -0.717207 -0.658341 2.17361 -0.611615 -0.349783 
1.44806 -0.631413 -1.0476 1.83953 -0.725355 -0.658112 2.17162 -0.613892 -0.351018 
1.44806 -0.631347 -1.0476 1.84475 -0.725141 -0.664504 2.17132 -0.61413 -0.351324 
1.44802 -0.631364 -1.04758 1.83844 -0.733331 -0.658056 2.17483 -0.613236 -0.355721 
1.44795 -0.631307 -1.0475 1.83728 -0.741011 -0.658148 2.17235 -0.614546 -0.357373 
1.44798 -0.631277 -1.0476 1.837 -0.742743 -0.658189 2.1721 -0.614765 -0.35772 
1.44794 -0.631207 -1.04755 1.83609 -0.74912 -0.65851 2.16982 -0.615929 -0.358659 
1.44779 -0.631167 -1.04757 1.835 -0.757015 -0.659305 2.1707 -0.615887 -0.363378 
1.4478 -0.631141 -1.04767 1.83484 -0.758336 -0.659507 2.17029 -0.616198 -0.364011 
1.44752 -0.631108 -1.04798 1.83408 -0.765038 -0.660363 2.16833 -0.617201 -0.365894 
0
0
1.44731 -0.631052 -1.04821 1.83103 -0.782923 -0.662281 2.16343 -0.621106 -0.373903 
1.44692 -0.631592 -1.04803 1.8347 -0.790956 -0.67021 2.16444 -0.621255 -0.380782 
1.44697 -0.631608 -1.048 1.83422 -0.793218 -0.670261 2.16373 -0.621373 -0.381879 
1.44706 -0.63164 -1.04815 1.82764 -0.803708 -0.663922 2.15948 -0.622642 -0.384689 
1.44705 -0.631726 -1.04823 1.82997 -0.810346 -0.672901 2.15607 -0.622836 -0.390695 
1.44702 -0.631739 -1.04834 1.82539 -0.814397 -0.667356 2.15495 -0.623069 -0.391358 
1.44693 -0.631767 -1.04836 1.82326 -0.820834 -0.668548 2.15425 -0.622075 -0.397925 
1.44582 -0.632086 -1.0478 1.81996 -0.828213 -0.669472 2.14772 -0.622945 -0.39945 
1.44579 -0.632032 -1.04781 1.81965 -0.82938 -0.669824 2.14613 -0.623607 -0.399791 
1.44567 -0.631935 -1.04785 1.82355 -0.832394 -0.678372 2.14763 -0.621924 -0.407189 
1.44566 -0.631886 -1.04781 1.81588 -0.841071 -0.671618 2.13998 -0.622872 -0.407423 
1.44567 -0.631865 -1.04786 1.82011 -0.840015 -0.679359 2.13875 -0.622585 -0.407999 
1.44559 -0.631906 -1.04774 1.81462 -0.84697 -0.674871 2.13663 -0.621885 -0.412575 
1.44561 -0.631868 -1.04775 1.81239 -0.85392 -0.67686 2.13071 -0.622483 -0.415819 
1.44556 -0.631899 -1.04773 1.81104 -0.855026 -0.676926 2.13048 -0.622314 -0.417598 
1.44554 -0.631838 -1.04781 1.81466 -0.859242 -0.686189 2.12663 -0.622461 -0.421934 
1.44575 -0.631157 -1.04826 1.80699 -0.87004 -0.68176 2.12168 -0.622447 -0.428821 
1.44582 -0.631173 -1.0483 1.80611 -0.871129 -0.683524 2.11927 -0.622937 -0.429173 
1.4455 -0.631871 -1.04782 1.80368 -0.878416 -0.685791 2.11497 -0.622858 -0.435465 
1.4455 -0.632048 -1.04811 1.80166 -0.887278 -0.690766 2.10844 -0.623069 -0.443304 
1.44554 -0.632017 -1.04813 1.79937 -0.888814 -0.690938 2.10571 -0.623531 -0.443948 
1.4456 -0.632075 -1.0482 1.79622 -0.896371 -0.693647 2.0999 -0.623535 -0.451158 
1.44564 -0.632092 -1.04823 1.7918 -0.905569 -0.698559 2.0909 -0.623555 -0.459559 
1.44558 -0.632175 -1.04823 1.79146 -0.907181 -0.699443 2.09266 -0.622516 -0.464675 
1.44554 -0.632172 -1.04835 1.7882 -0.915518 -0.702271 2.08525 -0.622475 -0.472138 
1.44572 -0.631478 -1.04899 1.7826 -0.923093 -0.707173 2.07525 -0.622205 -0.479499 
1.44569 -0.63151 -1.04896 1.78152 -0.924387 -0.70777 2.07267 -0.622728 -0.48052 
1.44561 -0.631422 -1.0492 1.77946 -0.930349 -0.71202 2.06643 -0.622201 -0.487689 
1.44543 -0.631391 -1.04928 1.7748 -0.935431 -0.713479 2.0611 -0.62119 -0.494219 
1.44552 -0.631374 -1.04922 1.77314 -0.937741 -0.7145 2.05713 -0.621355 -0.496079 
1.44532 -0.63138 -1.04934 1.77593 -0.939159 -0.723959 2.05265 -0.619441 -0.502052 
1.44542 -0.631387 -1.04942 1.7679 -0.945175 -0.719245 2.04592 -0.617659 -0.507784 
1.44533 -0.631428 -1.04937 1.76656 -0.945757 -0.719126 2.04486 -0.617462 -0.508765 
1.44541 -0.631408 -1.04942 1.76401 -0.948423 -0.720112 2.03993 -0.617172 -0.512042 
1.44557 -0.631733 -1.04959 1.7613 -0.950814 -0.721152 2.03631 -0.616081 -0.516534 
1.44538 -0.631352 -1.04938 1.76099 -0.953029 -0.721619 2.0337 -0.616258 -0.517877 
1.44532 -0.631326 -1.04933 1.76408 -0.953068 -0.730751 2.03155 -0.615592 -0.522258 
1.44527 -0.631299 -1.0494 1.75653 -0.958264 -0.726613 2.02704 -0.615045 -0.528039 
1.44532 -0.631295 -1.04942 1.75488 -0.95965 -0.727313 2.02503 -0.615053 -0.530315 
1.44525 -0.63125 -1.04942 1.75435 -0.96226 -0.728556 2.02061 -0.615604 -0.532501 
1.44525 -0.631214 -1.04958 1.75112 -0.965937 -0.732512 2.01569 -0.615239 -0.539419 
1.44525 -0.631256 -1.04961 1.75005 -0.96742 -0.733529 2.01369 -0.615431 -0.54168 
1.44515 -0.631329 -1.04954 1.74871 -0.970247 -0.734303 2.01089 -0.615411 -0.545568 
1.44533 -0.6316 -1.04991 1.74711 -0.973345 -0.738894 2.00626 -0.615092 -0.551905 
1.44519 -0.631238 -1.04978 1.74516 -0.974522 -0.739559 2.00294 -0.615406 -0.553338 
1.44515 -0.631192 -1.04984 1.74332 -0.976209 -0.740991 2.00024 -0.615741 -0.556101 
1.44526 -0.631684 -1.05003 1.74232 -0.980117 -0.743076 1.99615 -0.616039 -0.560932 
1.44529 -0.631654 -1.05013 1.74212 -0.980925 -0.74567 1.99375 -0.616335 -0.562787 
1.44521 -0.631592 -1.05017 1.73943 -0.983106 -0.747583 1.99092 -0.616189 -0.567957 
1.44501 -0.631172 -1.04994 1.7382 -0.98644 -0.74963 1.98752 -0.616171 -0.57367 
1.44501 -0.631149 -1.04993 1.73749 -0.988211 -0.751288 1.98158 -0.618728 -0.571066 
1.4451 -0.631135 -1.05004 1.73561 -0.990338 -0.754591 1.9822 -0.616914 -0.580462 
1.44444 -0.6317 -1.04984 1.73844 -0.993096 -0.766253 1.97508 -0.617049 -0.587837 
1.44504 -0.631647 -1.05032 1.73199 -0.996229 -0.760832 1.96835 -0.618849 -0.586096 
1.44508 -0.631593 -1.05057 1.72973 -0.999097 -0.763271 1.96807 -0.617026 -0.59637 
1.44514 -0.631682 -1.05079 1.72592 -1.00432 -0.768637 1.95627 -0.619769 -0.600818 
1.44574 -0.631566 -1.05173 1.72414 -1.00616 -0.770343 1.95794 -0.618318 -0.609826 
1.44569 -0.631639 -1.05181 1.72287 -1.00898 -0.774763 1.9533 -0.618548 -0.615876 
1.44558 -0.631812 -1.05195 1.71727 -1.01425 -0.778459 1.94086 -0.62091 -0.620418 
1.44556 -0.631789 -1.05209 1.71618 -1.01532 -0.781454 1.93713 -0.621413 -0.622973 
1.44547 -0.631751 -1.05226 1.71326 -1.01787 -0.78361 1.93326 -0.621668 -0.627976 
1.44462 -0.631692 -1.05211 1.71095 -1.02107 -0.788389 1.92752 -0.622337 -0.634531 
1.44464 -0.631672 -1.05219 1.70907 -1.02262 -0.789311 1.92529 -0.622826 -0.636406 
1.44459 -0.631675 -1.05215 1.7073 -1.02403 -0.79094 1.92189 -0.623027 -0.639823 
1.44455 -0.631745 -1.05221 1.70935 -1.02586 -0.80175 1.91639 -0.623667 -0.646033 
1.44471 -0.631805 -1.05214 1.70268 -1.02849 -0.795994 1.91393 -0.623785 -0.649051 
1.44463 -0.631805 -1.05225 1.7002 -1.03051 -0.797727 1.91031 -0.62451 -0.652901 
1.44447 -0.631823 -1.05227 1.69644 -1.03304 -0.802432 1.90376 -0.625489 -0.659774 
1.4444 -0.631814 -1.05236 1.69469 -1.03454 -0.803646 1.90146 -0.62561 -0.663174 
1.44429 -0.631765 -1.05246 1.69804 -1.03528 -0.813705 1.89745 -0.62633 -0.666817 
1.44381 -0.6318 -1.05249 1.68914 -1.03944 -0.810225 1.89173 -0.627046 -0.673102 
1.44366 -0.63184 -1.05254 1.68774 -1.04069 -0.811463 1.88935 -0.627498 -0.675116 
1.44362 -0.631793 -1.05269 1.68604 -1.04155 -0.814486 1.88631 -0.628115 -0.678324 
1.44351 -0.631928 -1.05288 1.68373 -1.04429 -0.816855 1.88196 -0.629295 -0.682186 
1.44352 -0.63195 -1.05295 1.68303 -1.04542 -0.817685 1.88103 -0.629493 -0.684006 
1.44335 -0.631957 -1.05323 1.68774 -1.04466 -0.827499 1.87939 -0.629916 -0.685441 
1.44351 -0.632087 -1.05299 1.68122 -1.04676 -0.822041 1.87664 -0.630541 -0.687147 
1.44385 -0.631857 -1.05347 1.68111 -1.04703 -0.822624 1.87583 -0.630512 -0.687691 
1.44384 -0.631959 -1.05354 1.68098 -1.04745 -0.823588 1.87472 -0.630682 -0.688316 
1.44368 -0.631953 -1.05384 1.68053 -1.04892 -0.82553 1.87296 -0.631459 -0.689231 
1.44378 -0.631983 -1.05359 1.6815 -1.04963 -0.826606 1.87257 -0.631522 -0.69025 
1.44354 -0.632079 -1.05408 1.68097 -1.04955 -0.829007 1.87125 -0.631926 -0.690848 
1.44383 -0.632288 -1.05432 1.68117 -1.05023 -0.830179 1.8702 -0.632396 -0.69175 
1.44393 -0.632529 -1.05432 1.68152 -1.05083 -0.830135 1.87 -0.632455 -0.691892 
1.44386 -0.63253 -1.05451 1.68186 -1.05001 -0.829651 1.87038 -0.631774 -0.691805 
1.44416 -0.632787 -1.05457 1.6839 -1.04888 -0.82604 1.87212 -0.629578 -0.691435 
1.44405 -0.633083 -1.05405 1.68494 -1.04793 -0.825011 1.87154 -0.62831 -0.69071 
1.44427 -0.633142 -1.05397 1.68695 -1.04633 -0.823036 1.87189 -0.625517 -0.690007 
1.44457 -0.633201 -1.05352 1.68864 -1.04584 -0.821686 1.87209 -0.623652 -0.689593 
1.44465 -0.633191 -1.05344 1.68822 -1.04575 -0.819778 1.87327 -0.623618 -0.689705 
1.44456 -0.63319 -1.05326 1.68861 -1.04556 -0.819248 1.87201 -0.623449 -0.688576 
1.44453 -0.6329 -1.05315 1.68953 -1.04526 -0.818517 1.87228 -0.623103 -0.688105 
1.44442 -0.632917 -1.05307 1.69003 -1.04484 -0.818233 1.87242 -0.622865 -0.688056 
1.4443 -0.632916 -1.05314 1.69063 -1.04459 -0.817627 1.87262 -0.622471 -0.687799 
1.44434 -0.632838 -1.05325 1.69169 -1.04387 -0.816896 1.8732 -0.621417 -0.687441 
1.4443 -0.632935 -1.05324 1.69262 -1.04378 -0.816907 1.87378 -0.621167 -0.687411 
1.44431 -0.632929 -1.05333 1.69315 -1.04352 -0.81656 1.87418 -0.620902 -0.687051 
1.4443 -0.63306 -1.05345 1.69331 -1.0433 -0.814208 1.87491 -0.620471 -0.686541 
1.44438 -0.633043 -1.05332 1.69344 -1.04318 -0.813574 1.87502 -0.620343 -0.686058 
1.4443 -0.633063 -1.05337 1.69363 -1.04299 -0.812588 1.87538 -0.619924 -0.685745 
1.44425 -0.632906 -1.05324 1.69482 -1.0424 -0.811693 1.87649 -0.61878 -0.68506 
1.44412 -0.632774 -1.05314 1.69429 -1.04171 -0.811836 1.87724 -0.618974 -0.684567 
1.44393 -0.632525 -1.05319 1.69483 -1.04141 -0.811545 1.87843 -0.618976 -0.683633 
1.44354 -0.632203 -1.05288 1.69605 -1.04079 -0.811057 1.88115 -0.619392 -0.680841 
1.44349 -0.632188 -1.05282 1.69662 -1.0405 -0.810787 1.88219 -0.619632 -0.67987 
1.44339 -0.632072 -1.05275 1.69779 -1.03949 -0.810464 1.8837 -0.61971 -0.678016 
1.44346 -0.632091 -1.05273 1.70007 -1.03865 -0.809867 1.8864 -0.619833 -0.674344 
1.44348 -0.632047 -1.05278 1.70075 -1.0383 -0.809473 1.88759 -0.619832 -0.672865 
1.44354 -0.632147 -1.05275 1.70215 -1.03762 -0.808913 1.88963 -0.619783 -0.670526 
1.44373 -0.632337 -1.05285 1.70434 -1.03693 -0.80645 1.89278 -0.619848 -0.665852 
1.44399 -0.632486 -1.05279 1.70608 -1.03637 -0.806102 1.89498 -0.619728 -0.664429 
1.44427 -0.632629 -1.05302 1.7076 -1.03531 -0.805463 1.89743 -0.619552 -0.662593 
1.44429 -0.632786 -1.05301 1.70942 -1.03421 -0.804571 1.90034 -0.619829 -0.659163 
1.44431 -0.632735 -1.05293 1.71087 -1.03402 -0.804749 1.90136 -0.62048 -0.65789 
1.44435 -0.632769 -1.05294 1.71137 -1.03363 -0.804223 1.90274 -0.620735 -0.656481 
1.44422 -0.632673 -1.05287 1.71132 -1.03323 -0.802083 1.90471 -0.621017 -0.654996 
1.44414 -0.632651 -1.05283 1.71146 -1.03288 -0.801537 1.90692 -0.621241 -0.654438 
1.44376 -0.632393 -1.05276 1.71712 -1.03015 -0.808667 1.90681 -0.621406 -0.650694 
1.44376 -0.63221 -1.05273 1.71269 -1.02963 -0.799447 1.91023 -0.620937 -0.647941 
1.44362 -0.632246 -1.0527 1.71293 -1.02938 -0.799141 1.91184 -0.621276 -0.647676 
1.44371 -0.632228 -1.05271 1.71379 -1.02858 -0.798182 1.91203 -0.62164 -0.643969 
1.4437 -0.63234 -1.0526 1.71563 -1.02755 -0.796664 1.91653 -0.621313 -0.641766 
1.44387 -0.632286 -1.05259 1.71527 -1.02695 -0.794357 1.91776 -0.621343 -0.640595 
1.44389 -0.632219 -1.05245 1.72015 -1.0244 -0.801002 1.91807 -0.621561 -0.637864 
1.44382 -0.632157 -1.05236 1.71609 -1.02516 -0.791988 1.92045 -0.621202 -0.635275 
1.44376 -0.632167 -1.0523 1.71629 -1.02447 -0.791441 1.9223 -0.621144 -0.634624 
1.44374 -0.632079 -1.05234 1.71722 -1.02307 -0.791065 1.92215 -0.62087 -0.632139 
1.4437 -0.632007 -1.05237 1.71854 -1.02163 -0.789977 1.92471 -0.620897 -0.628694 
1.44366 -0.632056 -1.05233 1.71902 -1.021 -0.789502 1.92601 -0.62082 -0.627562 
1.44377 -0.632087 -1.05246 1.72139 -1.02008 -0.788554 1.92873 -0.62101 -0.624115 
1.44384 -0.632294 -1.05245 1.72198 -1.01888 -0.785536 1.93213 -0.620772 -0.620052 
1.44387 -0.632267 -1.05256 1.72238 -1.01862 -0.785246 1.93328 -0.620635 -0.619493 
1.44404 -0.632365 -1.05256 1.7244 -1.01741 -0.784829 1.93496 -0.620878 -0.616533 
1.44442 -0.632558 -1.0526 1.72592 -1.015 -0.783621 1.93836 -0.620589 -0.613175 
1.44447 -0.632556 -1.05258 1.72655 -1.01448 -0.782971 1.93963 -0.620362 -0.612043 
1.44452 -0.63258 -1.05256 1.72767 -1.0134 -0.781873 1.94194 -0.620786 -0.608718 
1.44523 -0.632235 -1.05296 1.72886 -1.01241 -0.779663 1.94456 -0.620833 -0.605619 
1.44508 -0.632229 -1.05298 1.72974 -1.01152 -0.779151 1.94594 -0.620513 -0.604006 
1.44505 -0.632195 -1.05299 1.73115 -1.01036 -0.778109 1.94811 -0.621443 -0.600367 
1.44446 -0.632481 -1.05259 1.73326 -1.00842 -0.775112 1.95281 -0.620753 -0.596252 
1.44515 -0.632153 -1.05293 1.73378 -1.00694 -0.773988 1.95381 -0.621596 -0.593222 
1.44517 -0.632287 -1.0528 1.73375 -1.00538 -0.772491 1.96065 -0.619665 -0.594911 
1.4454 -0.632333 -1.05287 1.73619 -1.00264 -0.770084 1.96058 -0.62077 -0.585018 
1.44528 -0.632336 -1.05274 1.73769 -1.00162 -0.7692 1.96341 -0.620135 -0.583616 
1.44535 -0.632248 -1.05273 1.73824 -1.00023 -0.765985 1.96365 -0.6192 -0.579462 
1.44531 -0.632186 -1.0527 1.73915 -0.996729 -0.763931 1.96759 -0.617748 -0.575403 
1.44533 -0.632151 -1.05261 1.73991 -0.995905 -0.76296 1.96829 -0.617741 -0.57327 
1.44535 -0.632055 -1.05257 1.74138 -0.995006 -0.762082 1.97051 -0.618238 -0.570809 
1.44522 -0.632013 -1.05247 1.74628 -0.992068 -0.766536 1.97463 -0.618406 -0.568119 
1.44466 -0.632028 -1.05205 1.7468 -0.990603 -0.766037 1.9763 -0.618161 -0.566826 
1.44457 -0.632001 -1.05199 1.74201 -0.99067 -0.757326 1.97589 -0.618884 -0.563424 
1.4444 -0.631855 -1.0521 1.74355 -0.988738 -0.755625 1.98086 -0.618727 -0.560626 
1.44441 -0.631878 -1.05205 1.74437 -0.987789 -0.755032 1.98034 -0.619355 -0.557494 
1.44457 -0.631909 -1.05196 1.74613 -0.985979 -0.752402 1.98517 -0.618789 -0.554908 
1.44466 -0.631866 -1.05196 1.74857 -0.984106 -0.750803 1.98683 -0.619327 -0.550238 
1.44459 -0.631926 -1.05191 1.74862 -0.982201 -0.750368 1.98875 -0.6194 -0.548293 
1.44467 -0.631947 -1.05188 1.75106 -0.979873 -0.749271 1.99251 -0.619736 -0.543818 
1.44525 -0.631924 -1.05223 1.75475 -0.977661 -0.748191 1.99758 -0.619942 -0.539705 
1.44475 -0.632008 -1.05176 1.75527 -0.976535 -0.745891 1.99847 -0.620216 -0.536459 
1.44535 -0.631965 -1.0522 1.75674 -0.974661 -0.744553 2.00172 -0.620489 -0.533199 
1.44537 -0.631983 -1.05217 1.75839 -0.970725 -0.742519 2.0067 -0.621755 -0.526859 
1.44541 -0.631938 -1.05222 1.75927 -0.969384 -0.741654 2.01021 -0.621561 -0.525561 
1.44481 -0.631936 -1.05174 1.76622 -0.965237 -0.746981 2.01283 -0.6225 -0.521321 
1.44467 -0.63187 -1.05153 1.76261 -0.963442 -0.736758 2.02133 -0.62076 -0.520588 
1.44465 -0.631835 -1.05155 1.76356 -0.96196 -0.736006 2.0187 -0.62302 -0.51281 
1.44463 -0.631768 -1.05146 1.76569 -0.959743 -0.73495 2.02615 -0.620933 -0.514035 
1.44465 -0.6317 -1.05139 1.76756 -0.955009 -0.730953 2.0311 -0.621722 -0.507098 
1.44455 -0.631685 -1.05142 1.76868 -0.953492 -0.72988 2.02924 -0.623884 -0.499394 
1.44458 -0.631648 -1.05134 1.77077 -0.950064 -0.728294 2.03793 -0.622176 -0.499885 
1.44466 -0.631588 -1.05139 1.77908 -0.94288 -0.731628 2.0444 -0.623608 -0.491915 
1.44477 -0.631752 -1.05125 1.77601 -0.942587 -0.722453 2.0465 -0.624735 -0.487476 
1.44537 -0.631666 -1.05166 1.77733 -0.937923 -0.720924 2.05232 -0.624387 -0.484174 
1.44482 -0.6317 -1.0512 1.78047 -0.931432 -0.716224 2.05827 -0.625269 -0.474914 
1.44426 -0.631889 -1.05036 1.78173 -0.928856 -0.714898 2.06157 -0.625163 -0.472172 
1.44427 -0.631829 -1.05024 1.78328 -0.924671 -0.712852 2.06575 -0.62529 -0.467894 
1.44419 -0.631684 -1.05011 1.78561 -0.91928 -0.708183 2.07215 -0.625163 -0.461775 
1.44425 -0.631727 -1.04996 1.7863 -0.916082 -0.707026 2.07352 -0.625694 -0.457875 
1.44399 -0.631279 -1.04982 1.78776 -0.912568 -0.70509 2.07784 -0.625421 -0.455018 
1.44405 -0.631273 -1.04952 1.7891 -0.906519 -0.700667 2.08279 -0.62666 -0.447736 
1.44389 -0.631165 -1.04954 1.78998 -0.904321 -0.699426 2.08277 -0.62821 -0.443338 
1.44397 -0.631065 -1.04953 1.79116 -0.899637 -0.697707 2.08757 -0.627805 -0.440724 
1.44377 -0.630977 -1.04931 1.79895 -0.89135 -0.700614 2.09298 -0.628378 -0.433474 
1.44374 -0.63093 -1.04931 1.79477 -0.889932 -0.692443 2.09503 -0.628787 -0.430268 
1.44382 -0.630876 -1.04931 1.79642 -0.885196 -0.690922 2.09903 -0.628699 -0.426588 
1.44378 -0.630881 -1.0492 1.8 -0.877905 -0.686748 2.10464 -0.629399 -0.419438 
1.44381 -0.630861 -1.04916 1.80008 -0.874743 -0.685769 2.10763 -0.629209 -0.417552 
1.44377 -0.630482 -1.049 1.80293 -0.8703 -0.684572 2.10932 -0.630517 -0.412305 
1.44398 -0.630963 -1.04898 1.80621 -0.862752 -0.681128 2.1142 -0.631382 -0.405538 
1.44405 -0.631046 -1.04887 1.80729 -0.859363 -0.680244 2.11749 -0.630436 -0.404275 
1.44412 -0.631016 -1.04883 1.80896 -0.8548 -0.678868 2.12087 -0.63034 -0.401761 
1.44419 -0.630994 -1.04872 1.81114 -0.847959 -0.677662 2.12376 -0.629645 -0.396173 
1.4442 -0.631034 -1.04872 1.81217 -0.845871 -0.677127 2.12594 -0.629531 -0.395218 
1.44427 -0.631044 -1.04873 1.81438 -0.841564 -0.676669 2.12623 -0.630141 -0.390955 
1.44484 -0.631106 -1.04909 1.81632 -0.834812 -0.675088 2.13139 -0.629264 -0.388315 
1.44494 -0.631124 -1.04911 1.81608 -0.832088 -0.67406 2.13291 -0.629228 -0.386549 
1.44499 -0.631102 -1.04916 1.8175 -0.827949 -0.671665 2.13415 -0.629351 -0.382699 
1.44491 -0.631075 -1.049 1.81955 -0.819367 -0.669703 2.13952 -0.627431 -0.379588 
1.44495 -0.630985 -1.04892 1.81958 -0.815271 -0.669533 2.1389 -0.627835 -0.375728 
1.44484 -0.630999 -1.04872 1.82078 -0.809133 -0.66859 2.14167 -0.626093 -0.373748 
1.44508 -0.630279 -1.04877 1.82286 -0.799139 -0.667021 2.14541 -0.623858 -0.369003 
1.44515 -0.630259 -1.04864 1.82392 -0.795831 -0.665101 2.14725 -0.623142 -0.366897 
1.44426 -0.630464 -1.04808 1.82519 -0.789701 -0.664163 2.1501 -0.621983 -0.365298 
1.44518 -0.630161 -1.04827 1.83332 -0.777181 -0.671081 2.15384 -0.621284 -0.361096 
1.44516 -0.630169 -1.04835 1.83411 -0.773486 -0.670417 2.15511 -0.621201 -0.359447 
1.44536 -0.630277 -1.04819 1.83578 -0.767499 -0.66974 2.15802 -0.620771 -0.357984 
1.44557 -0.630333 -1.04793 1.83877 -0.757969 -0.669361 2.16041 -0.619764 -0.355106 
1.44571 -0.630314 -1.04793 1.83439 -0.757128 -0.66226 2.16233 -0.619407 -0.354591 
1.44586 -0.63041 -1.04776 1.84111 -0.750658 -0.668779 2.16036 -0.621008 -0.351052 
1.44574 -0.631307 -1.04714 1.83761 -0.745947 -0.661379 2.16353 -0.621631 -0.350174 
1.44564 -0.631881 -1.04707 1.83798 -0.742503 -0.661334 2.16505 -0.62134 -0.350158 
1.44586 -0.631381 -1.04718 1.83908 -0.738002 -0.661018 2.16666 -0.620966 -0.349997 
1.44593 -0.631401 -1.04708 1.84074 -0.729392 -0.660672 2.16972 -0.620042 -0.350016 
1.44714 -0.631006 -1.04786 1.84134 -0.725225 -0.66068 2.17077 -0.619697 -0.349991 
1.44719 -0.631008 -1.04776 1.84245 -0.721426 -0.660551 2.17289 -0.619087 -0.350067 
1.44753 -0.631048 -1.04723 1.84354 -0.715629 -0.66043 2.17629 -0.616744 -0.349867 
1.44763 -0.631073 -1.04716 1.84374 -0.714771 -0.66026 2.17663 -0.61649 -0.349584 
1.44751 -0.631409 -1.04666 1.84384 -0.714222 -0.660037 2.17722 -0.61608 -0.349506 
1.44759 -0.631533 -1.04666 1.84351 -0.714267 -0.659677 2.17669 -0.616028 -0.349031 
1.44758 -0.631538 -1.0467 1.84344 -0.713575 -0.659557 2.17682 -0.615791 -0.349005 
1.44751 -0.631534 -1.04674 1.84332 -0.712835 -0.659503 2.17671 -0.615604 -0.348835 
1.44738 -0.631413 -1.04666 1.84428 -0.710094 -0.659821 2.17651 -0.615054 -0.348576 
1.44742 -0.631354 -1.04668 1.84336 -0.709009 -0.659469 2.17666 -0.614833 -0.348651 
1.44747 -0.631379 -1.04662 1.84343 -0.707601 -0.659307 2.17646 -0.61459 -0.348408 
1.44775 -0.631414 -1.04664 1.84346 -0.707198 -0.659017 2.17646 -0.614312 -0.348135 
1.44783 -0.631453 -1.04662 1.84342 -0.70738 -0.658922 2.17641 -0.614219 -0.348073 
1.44778 -0.631589 -1.04651 1.84335 -0.707985 -0.658759 2.17642 -0.614093 -0.348038 
1.44791 -0.631506 -1.0466 1.84323 -0.708694 -0.658613 2.17639 -0.613995 -0.348061 
1.44774 -0.63149 -1.04651 1.84312 -0.709045 -0.658629 2.17629 -0.613958 -0.348154 
1.44767 -0.631378 -1.04653 1.84302 -0.709855 -0.658638 2.17583 -0.614068 -0.348118 
1.44756 -0.631297 -1.04648 1.84401 -0.712435 -0.658898 2.17542 -0.614005 -0.34839 
1.44761 -0.631238 -1.04644 1.84301 -0.71358 -0.658537 2.17518 -0.614083 -0.348593 
1.44761 -0.631188 -1.04645 1.84287 -0.716976 -0.658522 2.17447 -0.614316 -0.349128 
1.44769 -0.63125 -1.04643 1.84271 -0.722215 -0.658369 2.17303 -0.615269 -0.349738 
1.44762 -0.631275 -1.04638 1.8425 -0.723334 -0.658348 2.17252 -0.615585 -0.349793 
1.44765 -0.631234 -1.04638 1.84707 -0.725536 -0.66432 2.17126 -0.616525 -0.350463 
1.44755 -0.631141 -1.04641 1.8408 -0.733209 -0.658022 2.16978 -0.617393 -0.351596 
1.44757 -0.631148 -1.04641 1.84698 -0.732644 -0.665012 2.17079 -0.617169 -0.352824 
1.44762 -0.631092 -1.04643 1.84075 -0.739421 -0.658039 2.1724 -0.616687 -0.355495 
1.44769 -0.631123 -1.04653 1.84421 -0.744997 -0.664125 2.17065 -0.617805 -0.357325 
1.44765 -0.631126 -1.04648 1.84354 -0.748032 -0.664016 2.16903 -0.619368 -0.357474 
1.4477 -0.631079 -1.04646 1.84283 -0.752123 -0.663928 2.16794 -0.620108 -0.358095 
1.44761 -0.631049 -1.0464 1.84203 -0.758786 -0.664561 2.16522 -0.622512 -0.359338 
1.44785 -0.63078 -1.04683 1.83977 -0.7622 -0.662467 2.16428 -0.623301 -0.36024 
1.44752 -0.630965 -1.04634 1.83609 -0.766927 -0.659068 2.16813 -0.622298 -0.364641 
1.44781 -0.630711 -1.04683 1.83537 -0.775026 -0.660189 2.16505 -0.624137 -0.366836 
1.44784 -0.630699 -1.04684 1.83501 -0.779566 -0.660568 2.16258 -0.625246 -0.367859 
1.44794 -0.630769 -1.04694 1.83397 -0.786762 -0.661172 2.16636 -0.625005 -0.374174 
1.44784 -0.631137 -1.0465 1.83117 -0.799584 -0.662578 2.16321 -0.626285 -0.380976 
1.44788 -0.631239 -1.04659 1.82995 -0.805326 -0.663225 2.16137 -0.626832 -0.383524 
1.44797 -0.631399 -1.04668 1.82789 -0.813322 -0.664402 2.15642 -0.628137 -0.386231 
1.4483 -0.631271 -1.04733 1.82479 -0.82546 -0.666306 2.15116 -0.629019 -0.392981 
1.44825 -0.63128 -1.04744 1.82304 -0.829367 -0.668497 2.14973 -0.628747 -0.396996 
1.44818 -0.631276 -1.04753 1.82074 -0.83578 -0.669568 2.1457 -0.629953 -0.399909 
1.448 -0.631158 -1.04759 1.82248 -0.842599 -0.679006 2.13995 -0.629345 -0.406439 
1.44791 -0.631109 -1.0475 1.81529 -0.848786 -0.67167 2.13683 -0.629698 -0.40817 
1.44777 -0.631058 -1.04749 1.81301 -0.854277 -0.67284 2.13417 -0.629064 -0.413088 
1.44747 -0.63089 -1.04773 1.80938 -0.862706 -0.676486 2.12703 -0.628913 -0.419313 
1.44763 -0.630874 -1.04738 1.80668 -0.865907 -0.676757 2.12432 -0.628955 -0.421636 
1.44745 -0.630858 -1.04732 1.80362 -0.871643 -0.67762 2.12037 -0.628637 -0.425974 
1.44722 -0.630687 -1.0477 1.80539 -0.87732 -0.687739 2.11475 -0.62705 -0.434353 
1.44586 -0.631091 -1.04685 1.79846 -0.882246 -0.682307 2.1105 -0.626518 -0.435555 
1.44577 -0.630966 -1.04694 1.79575 -0.887459 -0.683725 2.1049 -0.626676 -0.438847 
1.44605 -0.630256 -1.04744 1.79757 -0.893548 -0.694183 2.09743 -0.626294 -0.445775 
1.44599 -0.630321 -1.04746 1.79205 -0.898386 -0.68966 2.09481 -0.625816 -0.449539 
1.44574 -0.631019 -1.04703 1.78884 -0.90349 -0.691182 2.08945 -0.626241 -0.452914 
1.44707 -0.630722 -1.04803 1.79083 -0.910128 -0.702626 2.08549 -0.623903 -0.465229 
1.44594 -0.631161 -1.04727 1.78451 -0.914702 -0.697853 2.07889 -0.624999 -0.465371 
1.44677 -0.631353 -1.04789 1.78257 -0.919845 -0.699606 2.07506 -0.623984 -0.471244 
1.44678 -0.631389 -1.04806 1.77956 -0.928248 -0.705627 2.06605 -0.624098 -0.479855 
1.44681 -0.631442 -1.04805 1.77703 -0.930999 -0.706721 2.06268 -0.624179 -0.483524 
1.44577 -0.631888 -1.04738 1.77465 -0.935897 -0.709103 2.05665 -0.624213 -0.488815 
1.44574 -0.631841 -1.0475 1.77477 -0.942193 -0.721788 2.04854 -0.623448 -0.500363 
1.44566 -0.631828 -1.0477 1.76764 -0.946813 -0.715642 2.04382 -0.623753 -0.503405 
1.44558 -0.631815 -1.04764 1.76399 -0.950702 -0.719448 2.03754 -0.62309 -0.510001 
1.44572 -0.63112 -1.0482 1.75813 -0.957697 -0.724119 2.029 -0.621584 -0.521971 
1.44558 -0.631139 -1.04846 1.75527 -0.960342 -0.72554 2.02388 -0.621957 -0.524994 
1.44553 -0.631043 -1.0484 1.75212 -0.964858 -0.727418 2.01912 -0.621534 -0.53158 
1.4453 -0.630927 -1.04858 1.74664 -0.969441 -0.731709 2.00684 -0.623104 -0.536167 
1.44527 -0.630889 -1.04846 1.745 -0.97196 -0.7327 2.00768 -0.620062 -0.545072 
1.44537 -0.630298 -1.04887 1.7415 -0.974519 -0.733914 2.00323 -0.618628 -0.550472 
1.4452 -0.630228 -1.04896 1.73767 -0.977714 -0.737821 1.99474 -0.618814 -0.556846 
1.44437 -0.630413 -1.04839 1.73621 -0.979363 -0.738832 1.99213 -0.618674 -0.559843 
1.44436 -0.630413 -1.04843 1.73392 -0.982108 -0.740037 1.98865 -0.618562 -0.563745 
1.44403 -0.630276 -1.04823 1.73138 -0.985275 -0.74433 1.98277 -0.617989 -0.572011 
1.44398 -0.63023 -1.0484 1.72957 -0.986886 -0.745727 1.97993 -0.617603 -0.574984 
1.44393 -0.630176 -1.04825 1.72766 -0.990661 -0.747771 1.97563 -0.617466 -0.58103 
1.44387 -0.630217 -1.04847 1.72359 -0.995356 -0.753488 1.96268 -0.618884 -0.58689 
1.44385 -0.630229 -1.04855 1.72288 -0.998006 -0.755459 1.9605 -0.619549 -0.59248 
1.44384 -0.630255 -1.04868 1.71979 -1.00139 -0.760013 1.95535 -0.619665 -0.600038 
1.44376 -0.630302 -1.0491 1.71516 -1.00749 -0.766896 1.94928 -0.61776 -0.617264 
1.44372 -0.630326 -1.04917 1.71268 -1.00994 -0.76892 1.94094 -0.620095 -0.617044 
1.4437 -0.630375 -1.04946 1.71105 -1.01362 -0.773717 1.93932 -0.619048 -0.627963 
1.44378 -0.630942 -1.05003 1.70727 -1.01777 -0.77971 1.92926 -0.621355 -0.634046 
1.44398 -0.630988 -1.05019 1.70612 -1.01919 -0.781406 1.92541 -0.62152 -0.636483 
1.44412 -0.631464 -1.05052 1.70509 -1.02175 -0.783566 1.9226 -0.621824 -0.641516 
1.44481 -0.63145 -1.0515 1.70089 -1.02483 -0.788273 1.91647 -0.622266 -0.64875 
1.4448 -0.631462 -1.05142 1.69904 -1.02619 -0.789399 1.91233 -0.62264 -0.650698 
1.44494 -0.631591 -1.05129 1.70191 -1.027 -0.799301 1.90946 -0.62321 -0.655837 
1.44488 -0.63155 -1.05125 1.6915 -1.0323 -0.795589 1.90196 -0.624122 -0.663354 
1.44409 -0.631638 -1.0505 1.68897 -1.03351 -0.796783 1.89733 -0.624556 -0.665199 
1.44388 -0.631527 -1.05054 1.6861 -1.03475 -0.799866 1.89367 -0.624961 -0.670187 
1.44418 -0.630477 -1.05177 1.68031 -1.03742 -0.802086 1.88713 -0.625287 -0.67628 
1.44399 -0.630342 -1.05189 1.68374 -1.03707 -0.810398 1.8837 -0.625321 -0.677457 
1.44372 -0.629807 -1.05203 1.67669 -1.03909 -0.803508 1.88034 -0.625794 -0.678976 
1.44343 -0.629621 -1.05212 1.67316 -1.03903 -0.805279 1.87798 -0.625683 -0.681899 
1.44345 -0.629593 -1.05206 1.67245 -1.03919 -0.80523 1.87706 -0.625593 -0.682204 
1.44347 -0.629585 -1.05202 1.67172 -1.03912 -0.805118 1.87499 -0.624828 -0.682226 
1.44363 -0.629583 -1.05193 1.67032 -1.03959 -0.805216 1.87395 -0.624882 -0.68261 
1.44368 -0.629605 -1.05183 1.67009 -1.04068 -0.805574 1.87357 -0.62554 -0.682941 
1.44375 -0.629705 -1.05178 1.66969 -1.04168 -0.806757 1.87234 -0.626262 -0.683683 
1.44384 -0.629817 -1.05181 1.67051 -1.04323 -0.811302 1.8693 -0.627638 -0.685471 
1.44376 -0.62987 -1.05182 1.66934 -1.04395 -0.812075 1.86823 -0.628522 -0.686166 
1.44367 -0.629871 -1.052 1.66955 -1.04501 -0.81367 1.86726 -0.62809 -0.688542 
1.44363 -0.629882 -1.05232 1.67056 -1.04549 -0.815047 1.86672 -0.628357 -0.689092 
1.44357 -0.629898 -1.0524 1.67139 -1.04542 -0.815265 1.86707 -0.628183 -0.689018 
1.44364 -0.630985 -1.05234 1.67339 -1.04493 -0.815102 1.86774 -0.627398 -0.688888 
1.44395 -0.631264 -1.05243 1.67637 -1.04361 -0.813813 1.86811 -0.625269 -0.688046 
1.44415 -0.631462 -1.05236 1.67759 -1.04294 -0.813143 1.86879 -0.624363 -0.687681 
1.44443 -0.631613 -1.0524 1.67901 -1.04244 -0.812092 1.86935 -0.623622 -0.687026 
1.44473 -0.631878 -1.05207 1.6812 -1.04222 -0.809967 1.86992 -0.622379 -0.686148 
1.44462 -0.631762 -1.05207 1.68184 -1.04204 -0.809524 1.87023 -0.621974 -0.686058 
1.44448 -0.631711 -1.05193 1.68266 -1.04186 -0.809095 1.87061 -0.621611 -0.685855 
1.44417 -0.631457 -1.05183 1.68376 -1.04175 -0.808587 1.8716 -0.621272 -0.684803 
1.44413 -0.631361 -1.05194 1.68418 -1.0416 -0.808277 1.87212 -0.621114 -0.684495 
1.44398 -0.631194 -1.05194 1.68555 -1.04103 -0.807798 1.87352 -0.620677 -0.684098 
1.44382 -0.631168 -1.05192 1.68838 -1.03996 -0.806523 1.87564 -0.619347 -0.683034 
1.44381 -0.631199 -1.05192 1.6878 -1.03976 -0.804299 1.87747 -0.61942 -0.682603 
1.444 -0.63049 -1.05221 1.68902 -1.03905 -0.803301 1.87776 -0.619324 -0.679883 
1.44392 -0.631186 -1.0519 1.69145 -1.03784 -0.801898 1.88102 -0.618657 -0.676839 
1.44395 -0.631214 -1.05184 1.69209 -1.03712 -0.801252 1.88353 -0.618694 -0.67588 
1.44402 -0.63123 -1.0518 1.69387 -1.03651 -0.799496 1.88447 -0.618846 -0.672786 
1.44398 -0.631258 -1.05168 1.69613 -1.03486 -0.797605 1.88785 -0.618384 -0.668842 
1.44399 -0.631234 -1.05168 1.69609 -1.03384 -0.797045 1.88952 -0.618404 -0.666421 
1.44397 -0.631198 -1.05169 1.69825 -1.03284 -0.796348 1.89185 -0.618261 -0.663157 
1.44395 -0.631176 -1.05173 1.7019 -1.03071 -0.79461 1.89713 -0.618484 -0.656507 
1.44395 -0.631201 -1.0517 1.70478 -1.03023 -0.794154 1.90045 -0.618463 -0.654384 
1.44395 -0.631234 -1.0517 1.7057 -1.02906 -0.791088 1.90428 -0.618682 -0.649604 
1.44405 -0.631247 -1.05166 1.70957 -1.02538 -0.788728 1.91068 -0.61909 -0.642543 
1.44412 -0.631343 -1.05163 1.7109 -1.02441 -0.787605 1.91322 -0.618902 -0.640561 
1.44429 -0.6314 -1.05155 1.71198 -1.02346 -0.784619 1.91572 -0.619132 -0.63605 
1.44436 -0.631491 -1.0515 1.71433 -1.02095 -0.782192 1.92202 -0.618606 -0.632003 
1.44442 -0.631548 -1.05149 1.7163 -1.02032 -0.78172 1.9223 -0.619038 -0.629026 
1.44455 -0.631459 -1.05156 1.7163 -1.0194 -0.778655 1.92494 -0.618878 -0.626828 
1.4443 -0.631367 -1.05139 1.71573 -1.01673 -0.776816 1.92839 -0.619949 -0.621378 
1.44373 -0.631424 -1.05066 1.71629 -1.01601 -0.776247 1.92979 -0.620096 -0.619597 
1.44345 -0.630944 -1.05038 1.71706 -1.015 -0.774974 1.93219 -0.620676 -0.615651 
1.44325 -0.630453 -1.05019 1.72357 -1.01061 -0.778973 1.93712 -0.621266 -0.608523 
1.44312 -0.630419 -1.05012 1.71996 -1.01112 -0.769967 1.93908 -0.621445 -0.605425 
1.44317 -0.630419 -1.05013 1.72152 -1.00851 -0.768815 1.94249 -0.622014 -0.59985 
1.44323 -0.630448 -1.05 1.72533 -1.00573 -0.764459 1.94968 -0.623068 -0.591587 
1.44336 -0.630901 -1.05006 1.72632 -1.00435 -0.763364 1.95362 -0.62313 -0.589101 
1.44355 -0.630924 -1.05008 1.72811 -1.00126 -0.761782 1.95634 -0.623318 -0.583606 
1.44368 -0.631063 -1.04994 1.72899 -0.997923 -0.756574 1.9642 -0.623525 -0.576634 
1.44377 -0.631141 -1.04997 1.73262 -0.996446 -0.755836 1.9652 -0.623504 -0.57274 
1.44392 -0.631162 -1.05004 1.73388 -0.993297 -0.753949 1.97012 -0.622892 -0.569162 
1.44374 -0.631074 -1.04997 1.73554 -0.990315 -0.749725 1.97529 -0.622455 -0.562485 
1.44373 -0.630967 -1.05 1.73653 -0.988961 -0.74876 1.97715 -0.622403 -0.560275 
1.44358 -0.630858 -1.04982 1.73739 -0.987159 -0.747348 1.97831 -0.622622 -0.555995 
1.44328 -0.630309 -1.04945 1.73929 -0.983509 -0.745335 1.98245 -0.622932 -0.550338 
1.44325 -0.630266 -1.04942 1.7396 -0.982624 -0.743217 1.98393 -0.623054 -0.54775 
1.44315 -0.630156 -1.04941 1.74088 -0.980973 -0.741683 1.98704 -0.623384 -0.543736 
1.44303 -0.630145 -1.04924 1.74343 -0.976253 -0.739163 1.9972 -0.621548 -0.541938 
1.44301 -0.630054 -1.0493 1.74531 -0.974843 -0.738332 1.99486 -0.624659 -0.53354 
1.44304 -0.630034 -1.04925 1.74654 -0.972636 -0.735357 2.00008 -0.624965 -0.530018 
1.44305 -0.630048 -1.04918 1.75009 -0.967742 -0.732928 2.00615 -0.625985 -0.522002 
1.44305 -0.630111 -1.04906 1.75158 -0.966035 -0.731923 2.00882 -0.626262 -0.519066 
1.44309 -0.630034 -1.04899 1.75288 -0.964436 -0.728861 2.01462 -0.62496 -0.518378 
1.44312 -0.630006 -1.04883 1.75579 -0.959262 -0.726439 2.02149 -0.625338 -0.511427 
1.44306 -0.629905 -1.04882 1.75783 -0.95712 -0.72551 2.02078 -0.628101 -0.504215 
1.44298 -0.629899 -1.0488 1.7601 -0.954614 -0.722445 2.03079 -0.625596 -0.506703 
1.44281 -0.629771 -1.04868 1.76247 -0.948413 -0.719174 2.03201 -0.629778 -0.4905 
1.44271 -0.629688 -1.04862 1.76946 -0.944037 -0.724824 2.03902 -0.62749 -0.492201 
1.44271 -0.629488 -1.04849 1.76583 -0.941866 -0.714567 2.04199 -0.628039 -0.48614 
1.44265 -0.629346 -1.04827 1.7699 -0.934977 -0.711569 2.04958 -0.6278 -0.478486 
1.44265 -0.629299 -1.04817 1.77128 -0.933069 -0.710074 2.05284 -0.627438 -0.476529 
1.44265 -0.629258 -1.04806 1.77247 -0.930153 -0.706856 2.0553 -0.628201 -0.471367 
1.44264 -0.629134 -1.04791 1.77505 -0.924122 -0.704261 2.06154 -0.62929 -0.464789 
1.44261 -0.629112 -1.04784 1.77687 -0.922522 -0.703494 2.06406 -0.629401 -0.463026 
1.44253 -0.628967 -1.04781 1.78306 -0.917331 -0.708195 2.06366 -0.632469 -0.454521 
1.44215 -0.628462 -1.04745 1.78051 -0.914082 -0.698604 2.07334 -0.630125 -0.454831 
1.44212 -0.628394 -1.04741 1.78154 -0.912064 -0.69791 2.07397 -0.631037 -0.451342 
1.4421 -0.628335 -1.04742 1.78316 -0.908597 -0.696856 2.07769 -0.631226 -0.448768 
1.44209 -0.628298 -1.04725 1.79142 -0.901574 -0.700931 2.08262 -0.631933 -0.442388 
1.44212 -0.628365 -1.0473 1.78705 -0.900962 -0.692779 2.0856 -0.63181 -0.441107 
1.44208 -0.627865 -1.04716 1.78909 -0.897929 -0.691455 2.0885 -0.632418 -0.437178 
1.44219 -0.628331 -1.04713 1.79232 -0.891223 -0.689398 2.09505 -0.633668 -0.432235 
1.44276 -0.627735 -1.04753 1.79869 -0.887194 -0.694676 2.09098 -0.636953 -0.423721 
1.4428 -0.627647 -1.0474 1.79464 -0.884445 -0.685456 2.10012 -0.634684 -0.425288 
1.44278 -0.62763 -1.04728 1.79742 -0.876794 -0.683048 2.10512 -0.634719 -0.418492 
1.44284 -0.627582 -1.04719 1.79871 -0.874051 -0.681901 2.10705 -0.634752 -0.415377 
1.44266 -0.627551 -1.04697 1.8055 -0.868181 -0.68661 2.10961 -0.634353 -0.412093 
1.44281 -0.627534 -1.04693 1.80219 -0.863422 -0.676879 2.11311 -0.634086 -0.405855 
1.44271 -0.627415 -1.04682 1.80304 -0.860195 -0.676324 2.11598 -0.633309 -0.404671 
1.44271 -0.6274 -1.04677 1.80414 -0.85696 -0.675178 2.11828 -0.632582 -0.402339 
1.44278 -0.627453 -1.04674 1.80547 -0.851031 -0.673364 2.12054 -0.631851 -0.397202 
1.44274 -0.627436 -1.04672 1.81088 -0.847257 -0.678853 2.12168 -0.631235 -0.396001 
1.44269 -0.627464 -1.04683 1.80701 -0.846656 -0.670451 2.12336 -0.630392 -0.394242 
1.44272 -0.627476 -1.04681 1.80749 -0.84118 -0.669294 2.12492 -0.629687 -0.389539 
1.44273 -0.627509 -1.04688 1.80818 -0.839213 -0.668889 2.12599 -0.629328 -0.388636 
1.44299 -0.62767 -1.04707 1.80884 -0.835474 -0.668424 2.12794 -0.628569 -0.38736 
1.44306 -0.627736 -1.04715 1.81107 -0.831032 -0.667811 2.13287 -0.627443 -0.386777 
1.44309 -0.627787 -1.04709 1.81138 -0.828586 -0.667681 2.13038 -0.628372 -0.382356 
1.4432 -0.627904 -1.04713 1.81251 -0.826064 -0.66721 2.13307 -0.628184 -0.381441 
1.44321 -0.628053 -1.04714 1.81515 -0.821173 -0.66554 2.13678 -0.628466 -0.378984 
1.44331 -0.6281 -1.04713 1.81591 -0.81752 -0.666541 2.13733 -0.629122 -0.376022 
1.44332 -0.628091 -1.04716 1.82284 -0.811172 -0.672513 2.13999 -0.628811 -0.374376 
1.44345 -0.628177 -1.04712 1.82123 -0.805302 -0.664495 2.14603 -0.627789 -0.372154 
1.4437 -0.62845 -1.04736 1.82224 -0.802465 -0.664318 2.14824 -0.627442 -0.371457 
1.44375 -0.628523 -1.04731 1.82371 -0.79791 -0.664023 2.14906 -0.627642 -0.368375 
1.44423 -0.628806 -1.04718 1.83109 -0.790093 -0.671242 2.15336 -0.627131 -0.367542 
1.44438 -0.628897 -1.04726 1.83198 -0.788255 -0.671414 2.15446 -0.627075 -0.367034 
1.44466 -0.629275 -1.04719 1.83257 -0.785253 -0.670693 2.15595 -0.626924 -0.366172 
1.44509 -0.629779 -1.04766 1.82818 -0.782559 -0.66287 2.15793 -0.626441 -0.364655 
1.44432 -0.63004 -1.04709 1.83406 -0.777829 -0.669661 2.15759 -0.626715 -0.362733 
1.44511 -0.629846 -1.04764 1.82952 -0.775706 -0.662335 2.15379 -0.627379 -0.358578 
1.44485 -0.629629 -1.0477 1.83184 -0.768629 -0.661471 2.16017 -0.625363 -0.358748 
1.44457 -0.629191 -1.04738 1.83172 -0.765485 -0.661769 2.159 -0.625379 -0.357131 
1.44521 -0.628736 -1.04764 1.83279 -0.762673 -0.661651 2.16152 -0.624737 -0.356739 
1.44521 -0.628623 -1.04736 1.83394 -0.758265 -0.661559 2.16416 -0.62459 -0.356291 
1.44528 -0.628647 -1.04723 1.83441 -0.7575 -0.661557 2.16469 -0.624739 -0.356112 
1.44512 -0.628642 -1.04727 1.835 -0.756579 -0.661476 2.16532 -0.624946 -0.355888 
1.44534 -0.628714 -1.04709 1.83608 -0.753733 -0.661261 2.16665 -0.624801 -0.355577 
1.44531 -0.628671 -1.04712 1.84154 -0.750016 -0.66804 2.16737 -0.624541 -0.355582 
1.44524 -0.628551 -1.04733 1.83659 -0.749379 -0.661098 2.16529 -0.625378 -0.3533 
1.44513 -0.628499 -1.04716 1.84283 -0.742361 -0.667448 2.16683 -0.624603 -0.352697 
1.44521 -0.628411 -1.0471 1.83779 -0.741929 -0.660616 2.1662 -0.624644 -0.351373 
1.44509 -0.628023 -1.04688 1.83868 -0.738961 -0.660525 2.16754 -0.624135 -0.3512 
1.44507 -0.627943 -1.04664 1.84015 -0.736533 -0.65936 2.16907 -0.623845 -0.350918 
1.44523 -0.627871 -1.04634 1.84004 -0.73447 -0.660315 2.16999 -0.62368 -0.350951 
1.44498 -0.627964 -1.04585 1.84047 -0.733933 -0.66029 2.17054 -0.623984 -0.350925 
1.44497 -0.627959 -1.04578 1.84092 -0.733767 -0.660268 2.17124 -0.624059 -0.351058 
1.44498 -0.627918 -1.04578 1.84098 -0.733196 -0.660265 2.17135 -0.624343 -0.350985 
1.4449 -0.627974 -1.04573 1.84131 -0.73229 -0.660242 2.17176 -0.624129 -0.351239 
1.44495 -0.627846 -1.04574 1.84226 -0.728532 -0.660052 2.17271 -0.623481 -0.35119 
1.44485 -0.627744 -1.0458 1.84232 -0.725464 -0.66009 2.17306 -0.622924 -0.351072 
1.44495 -0.627821 -1.04568 1.8429 -0.722653 -0.659952 2.17392 -0.622017 -0.350871 
1.44527 -0.627712 -1.04515 1.84467 -0.71744 -0.659978 2.1753 -0.619593 -0.350459 
1.4453 -0.627732 -1.0451 1.84383 -0.716126 -0.659498 2.17524 -0.619111 -0.350118 
1.44543 -0.627774 -1.04499 1.84396 -0.715151 -0.659134 2.17566 -0.618398 -0.349946 
1.44551 -0.627799 -1.04491 1.84396 -0.714513 -0.658744 2.17592 -0.617004 -0.349947 
1.44548 -0.627779 -1.04497 1.8437 -0.714528 -0.658609 2.17572 -0.61688 -0.349859 
1.44538 -0.627718 -1.04502 1.84328 -0.714924 -0.658454 2.17527 -0.616926 -0.349862 
1.44511 -0.627451 -1.04503 1.84309 -0.715364 -0.658504 2.17474 -0.617098 -0.349968 
1.44506 -0.627366 -1.04502 1.84304 -0.715879 -0.658555 2.17433 -0.617247 -0.35 
1.44497 -0.627234 -1.04504 1.84292 -0.717226 -0.658621 2.17365 -0.617585 -0.350296 
1.44493 -0.62704 -1.04499 1.84225 -0.723385 -0.658097 2.17157 -0.619253 -0.350789 
1.44487 -0.627017 -1.04496 1.84678 -0.724738 -0.663826 2.1704 -0.619914 -0.351023 
0
1.44474 -0.626979 -1.04503 1.84568 -0.739717 -0.663763 2.17083 -0.621371 -0.35727 
1.44498 -0.627017 -1.04479 1.8448 -0.743599 -0.66325 2.16937 -0.62219 -0.357753 
1.44502 -0.627042 -1.04473 1.84402 -0.748571 -0.663427 2.16778 -0.623112 -0.358634 
1.44497 -0.626938 -1.0447 1.84314 -0.75717 -0.664274 2.166 -0.624279 -0.361362 
1.445 -0.62692 -1.04469 1.84256 -0.76057 -0.664498 2.16774 -0.623916 -0.364292 
1.44496 -0.626865 -1.04467 1.8416 -0.766789 -0.664919 2.16652 -0.624996 -0.366171 
0
1.44504 -0.626946 -1.04482 1.83495 -0.786154 -0.660501 2.16312 -0.628415 -0.373651 
1.44511 -0.627085 -1.0449 1.83239 -0.794547 -0.661074 2.16218 -0.630545 -0.377612 
1.44529 -0.627371 -1.04502 1.82861 -0.808828 -0.662864 2.15737 -0.632469 -0.385122 
1.4453 -0.627504 -1.04513 1.82731 -0.814593 -0.663701 2.15574 -0.632825 -0.388332 
1.44543 -0.627753 -1.04518 1.8308 -0.820921 -0.672667 2.15193 -0.634056 -0.392658 
1.44547 -0.627871 -1.04546 1.82075 -0.834172 -0.668552 2.1463 -0.635054 -0.400135 
1.44553 -0.627916 -1.04555 1.8193 -0.838544 -0.66927 2.14361 -0.635513 -0.402811 
1.44561 -0.627887 -1.0464 1.81658 -0.845208 -0.670305 2.14033 -0.635633 -0.407481 
1.4454 -0.627805 -1.04635 1.81691 -0.853464 -0.679533 2.13418 -0.636104 -0.415047 
1.44568 -0.627747 -1.0461 1.81527 -0.85782 -0.680818 2.13073 -0.636474 -0.417374 
1.44544 -0.627763 -1.04633 1.80766 -0.865731 -0.676326 2.12733 -0.636344 -0.422591 
1.44545 -0.627841 -1.04635 1.80332 -0.877355 -0.678847 2.11923 -0.636915 -0.43059 
1.44544 -0.627864 -1.04639 1.80222 -0.880888 -0.681932 2.11681 -0.636509 -0.435145 
1.44545 -0.627977 -1.04653 1.79865 -0.887427 -0.683669 2.10629 -0.639357 -0.434867 
1.44544 -0.628068 -1.04672 1.79875 -0.89539 -0.694317 2.10389 -0.635301 -0.44982 
1.44553 -0.628401 -1.04692 1.79205 -0.900498 -0.689814 2.09929 -0.63561 -0.452492 
1.44559 -0.628458 -1.047 1.78882 -0.906401 -0.691697 2.09493 -0.635086 -0.458568 
1.44567 -0.628664 -1.04734 1.7851 -0.914635 -0.696612 2.0868 -0.634896 -0.467212 
1.44564 -0.62886 -1.0474 1.78354 -0.917666 -0.698157 2.08326 -0.634933 -0.470378 
1.44568 -0.62892 -1.04747 1.78067 -0.923069 -0.699953 2.07426 -0.636625 -0.471015 
1.44574 -0.629068 -1.04757 1.77786 -0.93022 -0.70533 2.06577 -0.635881 -0.479149 
1.44579 -0.629092 -1.04761 1.77707 -0.931618 -0.706033 2.07017 -0.632647 -0.486538 
1.44577 -0.629201 -1.04765 1.77489 -0.937827 -0.709183 2.05843 -0.635023 -0.487996 
1.44551 -0.629776 -1.04746 1.77135 -0.945152 -0.714437 2.05636 -0.632367 -0.501725 
1.4455 -0.6298 -1.04746 1.77069 -0.94632 -0.715273 2.05081 -0.634747 -0.498869 
1.44547 -0.629821 -1.04747 1.76818 -0.951874 -0.720008 2.04769 -0.632318 -0.509939 
1.4455 -0.629911 -1.04761 1.76989 -0.956651 -0.73209 2.03467 -0.634568 -0.51422 
1.4455 -0.629953 -1.04761 1.76918 -0.958334 -0.733341 2.03306 -0.634616 -0.515909 
1.44547 -0.629991 -1.04778 1.76027 -0.965152 -0.729763 2.02565 -0.633356 -0.523764 
1.44536 -0.629972 -1.04792 1.75609 -0.971667 -0.735519 2.01694 -0.632495 -0.534898 
1.4453 -0.630018 -1.04802 1.75528 -0.972766 -0.73638 2.01497 -0.632613 -0.536465 
1.44527 -0.630003 -1.04817 1.75308 -0.978155 -0.741631 2.00737 -0.632432 -0.544514 
1.44521 -0.630012 -1.04845 1.75212 -0.982467 -0.752715 2.00046 -0.63188 -0.555529 
1.44428 -0.630261 -1.04779 1.74692 -0.985149 -0.745961 1.99862 -0.631993 -0.557192 
1.44408 -0.630134 -1.04803 1.7423 -0.988346 -0.749407 1.99249 -0.631296 -0.564189 
1.44388 -0.629966 -1.04803 1.74372 -0.990929 -0.760701 1.98303 -0.63008 -0.571982 
1.44375 -0.629934 -1.04795 1.73768 -0.993267 -0.753291 1.98148 -0.629943 -0.573309 
1.44356 -0.629787 -1.0479 1.73373 -0.996842 -0.756431 1.97502 -0.629464 -0.580225 
1.44329 -0.629625 -1.04783 1.72908 -1.00046 -0.760868 1.96736 -0.628909 -0.589827 
1.44329 -0.62959 -1.0478 1.72812 -1.00132 -0.761698 1.96689 -0.628839 -0.592531 
1.44315 -0.629404 -1.04779 1.7246 -1.00581 -0.764086 1.95911 -0.628315 -0.600153 
1.44294 -0.629389 -1.04786 1.71851 -1.00982 -0.769135 1.95028 -0.628483 -0.609609 
1.44295 -0.629325 -1.04797 1.71866 -1.011 -0.769803 1.94912 -0.627676 -0.612772 
1.44282 -0.629345 -1.04812 1.71441 -1.01427 -0.774229 1.94221 -0.627791 -0.620226 
1.4428 -0.629342 -1.04839 1.71042 -1.01801 -0.777281 1.93506 -0.627831 -0.628517 
1.44279 -0.629299 -1.0485 1.71391 -1.01726 -0.785973 1.93366 -0.62787 -0.629722 
1.44273 -0.629363 -1.04867 1.70585 -1.02057 -0.780949 1.92972 -0.627882 -0.635218 
1.44276 -0.629366 -1.0487 1.70254 -1.02257 -0.782476 1.92333 -0.628021 -0.639009 
1.4428 -0.629329 -1.04875 1.7018 -1.02302 -0.782736 1.92253 -0.627941 -0.639977 
1.44268 -0.629236 -1.04862 1.69967 -1.0243 -0.783776 1.91894 -0.627445 -0.643807 
1.44267 -0.629172 -1.04847 1.69566 -1.02575 -0.786728 1.91353 -0.627046 -0.64969 
1.44268 -0.629105 -1.04846 1.69441 -1.02609 -0.786903 1.91225 -0.627341 -0.650585 
1.44252 -0.629016 -1.04825 1.69066 -1.02851 -0.788831 1.90731 -0.62714 -0.656534 
1.44229 -0.628795 -1.04807 1.68602 -1.0318 -0.792901 1.90165 -0.627898 -0.664407 
1.4422 -0.628791 -1.04801 1.68503 -1.0325 -0.793439 1.89874 -0.628223 -0.665048 
1.44216 -0.627773 -1.04828 1.68216 -1.03447 -0.797781 1.89422 -0.628971 -0.671031 
1.44184 -0.627488 -1.04843 1.67639 -1.03726 -0.800931 1.88814 -0.630455 -0.676528 
1.44172 -0.627471 -1.04846 1.67579 -1.03777 -0.801566 1.88715 -0.630737 -0.677325 
1.4416 -0.627386 -1.04867 1.67379 -1.03918 -0.805375 1.88318 -0.63208 -0.679503 
1.44155 -0.627378 -1.04887 1.67281 -1.04131 -0.807133 1.88007 -0.631698 -0.682386 
1.44154 -0.627412 -1.04891 1.67271 -1.04141 -0.807309 1.87967 -0.631618 -0.682701 
1.44168 -0.627455 -1.04901 1.673 -1.04158 -0.807674 1.87908 -0.631431 -0.683197 
1.44187 -0.627768 -1.04916 1.67473 -1.04114 -0.807157 1.87976 -0.630765 -0.682703 
1.44195 -0.627764 -1.04906 1.67511 -1.04102 -0.80689 1.87962 -0.630769 -0.681945 
1.44205 -0.628321 -1.04903 1.67777 -1.03975 -0.806374 1.88031 -0.629168 -0.681494 
1.44213 -0.628378 -1.04889 1.68421 -1.03757 -0.811669 1.88107 -0.627856 -0.680764 
1.44218 -0.628379 -1.04896 1.68025 -1.03891 -0.803699 1.88124 -0.627641 -0.680636 
1.44219 -0.628449 -1.04888 1.68578 -1.03695 -0.81081 1.88142 -0.62709 -0.679579 
1.44214 -0.628426 -1.04885 1.68736 -1.03679 -0.81 1.88196 -0.625837 -0.678647 
1.44208 -0.628417 -1.04892 1.6835 -1.03808 -0.802248 1.88204 -0.625628 -0.678441 
1.44212 -0.628507 -1.04905 1.68459 -1.03727 -0.802164 1.88328 -0.624874 -0.67767 
1.44217 -0.628675 -1.04918 1.68728 -1.0375 -0.801578 1.88558 -0.623878 -0.676656 
1.44225 -0.628679 -1.04926 1.6877 -1.03739 -0.801417 1.88606 -0.623582 -0.676386 
1.44217 -0.629116 -1.04926 1.68964 -1.03655 -0.801019 1.88751 -0.624147 -0.673504 
1.44225 -0.629376 -1.04932 1.69796 -1.03453 -0.806867 1.89151 -0.623424 -0.67056 
1.44236 -0.629391 -1.0494 1.69902 -1.03411 -0.806922 1.89248 -0.623493 -0.669653 
1.4425 -0.629656 -1.04957 1.69612 -1.03409 -0.79734 1.89759 -0.623877 -0.665157 
1.44261 -0.629789 -1.04966 1.70068 -1.0318 -0.795667 1.9027 -0.623946 -0.658193 
1.44266 -0.629719 -1.04972 1.70179 -1.03106 -0.79523 1.9045 -0.623523 -0.6573 
1.44266 -0.629879 -1.04965 1.70514 -1.02957 -0.791903 1.90978 -0.623553 -0.651407 
1.44281 -0.629955 -1.04961 1.70978 -1.0262 -0.789283 1.91672 -0.623259 -0.644134 
1.44287 -0.629967 -1.04954 1.71028 -1.02515 -0.788787 1.91823 -0.622948 -0.643009 
1.44294 -0.630013 -1.04949 1.71263 -1.02346 -0.784891 1.92393 -0.623173 -0.636745 
1.44296 -0.63009 -1.04941 1.71779 -1.02021 -0.782753 1.93108 -0.623756 -0.628999 
1.443 -0.63007 -1.04946 1.7184 -1.01969 -0.782087 1.93272 -0.623665 -0.627621 
1.44299 -0.630067 -1.04938 1.71964 -1.0162 -0.778047 1.94176 -0.622793 -0.624801 
1.44308 -0.630105 -1.04931 1.72413 -1.01305 -0.775172 1.94587 -0.625395 -0.611502 
1.44307 -0.630104 -1.04932 1.72596 -1.01232 -0.774845 1.94784 -0.625243 -0.609955 
1.44314 -0.630083 -1.04939 1.72824 -1.0097 -0.770535 1.95435 -0.62542 -0.602582 
1.44313 -0.630125 -1.04928 1.73071 -1.00613 -0.7687 1.95887 -0.625678 -0.596617 
1.44334 -0.630144 -1.04921 1.73521 -1.00236 -0.764171 1.96683 -0.62691 -0.586562 
1.44332 -0.630209 -1.04914 1.73664 -1.00051 -0.76284 1.97124 -0.626996 -0.583446 
1.44339 -0.630274 -1.04915 1.73957 -0.997122 -0.760633 1.97684 -0.627728 -0.577397 
1.44338 -0.630289 -1.04902 1.74393 -0.992674 -0.755816 1.98361 -0.628549 -0.566521 
1.44338 -0.630147 -1.04901 1.74448 -0.990029 -0.754054 1.98718 -0.628708 -0.563033 
1.4433 -0.630068 -1.0489 1.74682 -0.987404 -0.750685 1.99192 -0.629071 -0.556866 
1.44307 -0.629977 -1.04867 1.75063 -0.981373 -0.747271 2.00153 -0.630179 -0.547772 
1.44308 -0.629885 -1.04862 1.7522 -0.979914 -0.744699 2.00655 -0.629047 -0.547002 
1.44301 -0.629807 -1.04859 1.75473 -0.976897 -0.742786 2.00777 -0.631468 -0.537774 
1.44297 -0.629746 -1.04834 1.75794 -0.971726 -0.738139 2.01447 -0.632166 -0.528793 
1.44296 -0.629706 -1.04833 1.75942 -0.969923 -0.736645 2.01908 -0.632136 -0.526581 
1.44297 -0.62967 -1.04824 1.76106 -0.965925 -0.734731 2.02139 -0.632397 -0.520891 
1.44297 -0.629538 -1.04814 1.76113 -0.961566 -0.729118 2.02727 -0.63264 -0.51293 
1.44286 -0.629443 -1.04805 1.76474 -0.958704 -0.72896 2.03468 -0.630545 -0.514603 
1.44273 -0.629381 -1.04795 1.76682 -0.95533 -0.72708 2.0354 -0.633687 -0.505087 
1.44258 -0.629182 -1.04776 1.7693 -0.949305 -0.722218 2.04533 -0.632666 -0.500608 
1.44259 -0.62908 -1.04776 1.7714 -0.946787 -0.720981 2.04343 -0.63494 -0.491987 
1.4425 -0.628957 -1.04759 1.7742 -0.943453 -0.717982 2.04798 -0.634993 -0.487048 
1.44231 -0.628583 -1.04727 1.77721 -0.936701 -0.714283 2.0546 -0.63511 -0.478976 
1.44236 -0.628502 -1.04728 1.77817 -0.933456 -0.712929 2.06206 -0.633102 -0.48034 
1.44227 -0.628407 -1.04723 1.78511 -0.928002 -0.716933 2.06594 -0.633245 -0.475598 
1.44244 -0.627522 -1.04712 1.78254 -0.923067 -0.706139 2.067 -0.635714 -0.463171 
1.44242 -0.62743 -1.0471 1.78421 -0.920793 -0.704971 2.07464 -0.634192 -0.465062 
1.44233 -0.6273 -1.04698 1.79093 -0.914859 -0.709327 2.07371 -0.636728 -0.455304 
1.44222 -0.627164 -1.04693 1.78851 -0.908975 -0.698444 2.08007 -0.637743 -0.447431 
1.44217 -0.62708 -1.04687 1.78992 -0.906086 -0.69729 2.08788 -0.635487 -0.449964 
1.44217 -0.627005 -1.04684 1.79737 -0.900421 -0.701873 2.08629 -0.63832 -0.440591 
1.4418 -0.626972 -1.04615 1.79446 -0.895729 -0.691413 2.09664 -0.636117 -0.439043 
1.44209 -0.626883 -1.04654 1.79524 -0.892782 -0.690445 2.0982 -0.636211 -0.436631 
1.44182 -0.626819 -1.04611 1.79666 -0.889467 -0.688902 2.10218 -0.635848 -0.434613 
1.44171 -0.626716 -1.046 1.79801 -0.884104 -0.685731 2.10577 -0.636333 -0.429175 
1.44167 -0.62671 -1.04597 1.7994 -0.882294 -0.685216 2.10734 -0.636294 -0.427869 
1.44169 -0.626342 -1.04626 1.80076 -0.879316 -0.684119 2.11073 -0.635892 -0.425852 
1.4417 -0.626248 -1.04624 1.80276 -0.873629 -0.682589 2.11385 -0.637047 -0.420881 
1.44165 -0.626253 -1.04618 1.80455 -0.871942 -0.682289 2.11543 -0.637022 -0.419743 
1.44164 -0.626226 -1.04619 1.80971 -0.867007 -0.68712 2.11608 -0.63848 -0.415497 
1.44146 -0.626449 -1.04576 1.80729 -0.863155 -0.678306 2.12168 -0.637832 -0.412624 
1.44165 -0.626227 -1.04611 1.81377 -0.858696 -0.684962 2.12427 -0.637474 -0.411378 
1.44141 -0.626517 -1.04561 1.80995 -0.856364 -0.67698 2.12518 -0.638147 -0.407037 
1.44148 -0.626561 -1.04561 1.81278 -0.848811 -0.675165 2.13155 -0.637544 -0.40355 
1.44179 -0.626634 -1.04579 1.81499 -0.846359 -0.674635 2.13254 -0.637824 -0.400488 
1.44191 -0.626657 -1.04574 1.81604 -0.841672 -0.671951 2.13594 -0.636943 -0.398114 
1.44207 -0.626684 -1.0458 1.81807 -0.832434 -0.670284 2.13952 -0.636445 -0.392265 
1.44214 -0.626728 -1.04583 1.81914 -0.829015 -0.669321 2.14247 -0.635547 -0.391111 
1.4422 -0.626822 -1.04578 1.82048 -0.822724 -0.668019 2.14546 -0.63467 -0.388269 
1.44233 -0.626837 -1.04572 1.82805 -0.809592 -0.672296 2.14926 -0.632646 -0.382121 
1.4424 -0.626809 -1.04582 1.82867 -0.804867 -0.671047 2.1541 -0.630724 -0.382468 
1.44253 -0.626839 -1.04564 1.82461 -0.799174 -0.662463 2.15289 -0.630675 -0.375584 
1.4428 -0.626957 -1.04574 1.82728 -0.784968 -0.660886 2.15676 -0.628351 -0.369406 
1.4428 -0.627085 -1.04566 1.8286 -0.779576 -0.660222 2.15902 -0.627359 -0.367627 
1.44329 -0.626916 -1.04591 1.83572 -0.7684 -0.66605 2.16005 -0.625744 -0.364112 
1.44409 -0.627047 -1.04614 1.83891 -0.752442 -0.664125 2.16219 -0.624805 -0.358123 
1.44436 -0.627106 -1.04614 1.83626 -0.748291 -0.657772 2.16573 -0.622961 -0.357514 
0
1.44545 -0.627653 -1.04518 1.84522 -0.724723 -0.662265 2.16948 -0.617728 -0.35105 
1.44569 -0.627799 -1.04511 1.84647 -0.720279 -0.662268 2.17075 -0.616744 -0.350544 
1.44598 -0.628541 -1.04493 1.84734 -0.715213 -0.661743 2.17293 -0.615194 -0.350041 
1.44641 -0.628896 -1.04484 1.84859 -0.709477 -0.661673 2.17552 -0.613802 -0.349476 
1.44648 -0.628992 -1.04497 1.84877 -0.708488 -0.661705 2.17604 -0.613441 -0.349438 
1.44734 -0.629026 -1.04558 1.84909 -0.707267 -0.661627 2.176 -0.613229 -0.349125 
1.44728 -0.629193 -1.04568 1.8487 -0.706202 -0.661609 2.17534 -0.61292 -0.348775 
1.44649 -0.62929 -1.0451 1.8484 -0.705774 -0.661378 2.1751 -0.612687 -0.348636 
1.44738 -0.629265 -1.04586 1.84801 -0.70486 -0.661098 2.17481 -0.612265 -0.348316 
0
0
1.44755 -0.629237 -1.04569 1.84711 -0.699804 -0.659694 2.17029 -0.610125 -0.343482 
1.44766 -0.629308 -1.04556 1.84082 -0.701344 -0.651924 2.17009 -0.609682 -0.342869 
1.44763 -0.629302 -1.04556 1.84071 -0.701395 -0.651746 2.16987 -0.609707 -0.342668 
1.44762 -0.629303 -1.04552 1.84069 -0.701637 -0.651637 2.16994 -0.609638 -0.342724 
1.44752 -0.629082 -1.04539 1.84066 -0.701681 -0.651648 2.17019 -0.609702 -0.342771 
1.44743 -0.629043 -1.04536 1.84061 -0.701589 -0.651651 2.17001 -0.60976 -0.342717 
1.44732 -0.628956 -1.04529 1.84052 -0.701397 -0.651639 2.17028 -0.609609 -0.342795 
1.44646 -0.628941 -1.04459 1.84025 -0.701003 -0.651558 2.17013 -0.609341 -0.342543 
1.44643 -0.628961 -1.04456 1.84017 -0.700921 -0.651449 2.16992 -0.609352 -0.342229 
1.44646 -0.62888 -1.0446 1.84005 -0.700665 -0.65135 2.17038 -0.608947 -0.342245 
1.4464 -0.628873 -1.04446 1.83928 -0.700226 -0.650897 2.17037 -0.608679 -0.341902 
1.44641 -0.628808 -1.04444 1.83927 -0.700016 -0.65082 2.17038 -0.608521 -0.3418 
1.4464 -0.628777 -1.04445 1.83914 -0.699914 -0.650753 2.17054 -0.608344 -0.341784 
1.44632 -0.628661 -1.04435 1.83886 -0.699778 -0.650549 2.17024 -0.608289 -0.341638 
1.44628 -0.628634 -1.04442 1.83873 -0.699734 -0.650499 2.16999 -0.608303 -0.341569 
